   10.0000  0.1858654E-07  0.2847846E-07  0.3195582E-07  0.5414159E-07  0.6734911E-07  0.9394100E-07
   10.7980  0.1800489E-07  0.2790965E-07  0.3141202E-07  0.5405622E-07  0.6766398E-07  0.9533256E-07
   11.6597  0.1738146E-07  0.2726129E-07  0.3077614E-07  0.5381741E-07  0.6780051E-07  0.9652584E-07
   12.5902  0.1672761E-07  0.2654350E-07  0.3005755E-07  0.5342732E-07  0.6775617E-07  0.9750927E-07
   13.5949  0.1604125E-07  0.2575305E-07  0.2925230E-07  0.5287454E-07  0.6751460E-07  0.9825660E-07
   14.6798  0.1532557E-07  0.2489294E-07  0.2836291E-07  0.5215473E-07  0.6706643E-07  0.9874803E-07
   15.8512  0.1458483E-07  0.2396777E-07  0.2739368E-07  0.5126564E-07  0.6640432E-07  0.9896506E-07
   17.1162  0.1383447E-07  0.2299470E-07  0.2636185E-07  0.5021911E-07  0.6553519E-07  0.9890311E-07
   18.4820  0.1308216E-07  0.2198366E-07  0.2527773E-07  0.4902071E-07  0.6445968E-07  0.9855080E-07
   19.9569  0.1232351E-07  0.2093279E-07  0.2414000E-07  0.4766542E-07  0.6316791E-07  0.9788575E-07
   21.5495  0.1156964E-07  0.1985716E-07  0.2296480E-07  0.4616840E-07  0.6167084E-07  0.9690620E-07
   23.2692  0.1083152E-07  0.1877211E-07  0.2176867E-07  0.4454742E-07  0.5998283E-07  0.9561358E-07
   25.1261  0.1010953E-07  0.1768253E-07  0.2055786E-07  0.4281155E-07  0.5811056E-07  0.9400190E-07
   27.1312  0.9407971E-08  0.1659806E-07  0.1934372E-07  0.4097703E-07  0.5606928E-07  0.9207480E-07
   29.2963  0.8733054E-08  0.1553060E-07  0.1814011E-07  0.3906473E-07  0.5388022E-07  0.8984348E-07
   31.6341  0.8086937E-08  0.1448789E-07  0.1695686E-07  0.3709349E-07  0.5156393E-07  0.8732076E-07
   34.1586  0.7471101E-08  0.1347685E-07  0.1580304E-07  0.3508369E-07  0.4914376E-07  0.8452533E-07
   36.8845  0.6887368E-08  0.1250431E-07  0.1468768E-07  0.3305765E-07  0.4664662E-07  0.8148217E-07
   39.8279  0.6335930E-08  0.1157470E-07  0.1361720E-07  0.3103664E-07  0.4410006E-07  0.7821966E-07
   43.0062  0.5816257E-08  0.1069080E-07  0.1259613E-07  0.2904101E-07  0.4153254E-07  0.7477051E-07
   46.4381  0.5327681E-08  0.9854201E-08  0.1162747E-07  0.2708978E-07  0.3897274E-07  0.7117212E-07
   50.1439  0.4869128E-08  0.9064985E-08  0.1071225E-07  0.2519934E-07  0.3644790E-07  0.6746532E-07
   54.1455  0.4439355E-08  0.8322016E-08  0.9849844E-08  0.2338276E-07  0.3398271E-07  0.6369329E-07
   58.4663  0.4037129E-08  0.7623311E-08  0.9038319E-08  0.2164933E-07  0.3159813E-07  0.5990016E-07
   63.1320  0.3661456E-08  0.6966541E-08  0.8275011E-08  0.2000446E-07  0.2931059E-07  0.5612946E-07
   68.1700  0.3311678E-08  0.6349481E-08  0.7557088E-08  0.1844992E-07  0.2713147E-07  0.5242233E-07
   73.6101  0.2987381E-08  0.5770226E-08  0.6881895E-08  0.1698417E-07  0.2506673E-07  0.4881539E-07
   79.4842  0.2688262E-08  0.5227377E-08  0.6247293E-08  0.1560306E-07  0.2311715E-07  0.4533891E-07
   85.8271  0.2414081E-08  0.4720234E-08  0.5652002E-08  0.1430093E-07  0.2127920E-07  0.4201548E-07
   92.6762  0.2164556E-08  0.4248840E-08  0.5095782E-08  0.1307178E-07  0.1954629E-07  0.3885930E-07
  100.0719  0.1939060E-08  0.3813607E-08  0.4579139E-08  0.1191016E-07  0.1791005E-07  0.3587587E-07
  108.0577  0.1736672E-08  0.3415202E-08  0.4103244E-08  0.1081239E-07  0.1636219E-07  0.3306312E-07
  116.6809  0.1555978E-08  0.3053902E-08  0.3669195E-08  0.9776995E-08  0.1489585E-07  0.3041259E-07
  125.9921  0.1395210E-08  0.2729255E-08  0.3277476E-08  0.8805047E-08  0.1350708E-07  0.2791181E-07
  136.0464  0.1252387E-08  0.2439726E-08  0.2927318E-08  0.7899812E-08  0.1219563E-07  0.2554670E-07
  146.9030  0.1125513E-08  0.2182626E-08  0.2616324E-08  0.7065624E-08  0.1096490E-07  0.2330412E-07
  158.6261  0.1012797E-08  0.1954454E-08  0.2340648E-08  0.6306267E-08  0.9820936E-08  0.2117440E-07
  171.2846  0.9127540E-09  0.1751505E-08  0.2095694E-08  0.5623132E-08  0.8770374E-08  0.1915327E-07
  184.9533  0.8241814E-09  0.1570545E-08  0.1877132E-08  0.5013930E-08  0.7817803E-08  0.1724295E-07
  199.7128  0.7460434E-09  0.1409245E-08  0.1681765E-08  0.4472670E-08  0.6963584E-08  0.1545193E-07
  215.6500  0.6773311E-09  0.1266096E-08  0.1507718E-08  0.3991071E-08  0.6202941E-08  0.1379283E-07
  232.8591  0.6169956E-09  0.1139919E-08  0.1353881E-08  0.3560854E-08  0.5526897E-08  0.1227839E-07
  251.4415  0.5639905E-09  0.1029314E-08  0.1218978E-08  0.3175740E-08  0.4924718E-08  0.1091642E-07
  271.5068  0.5173598E-09  0.9324535E-09  0.1101002E-08  0.2831964E-08  0.4386609E-08  0.9705395E-08
  293.1733  0.4762926E-09  0.8474249E-09  0.9975519E-09  0.2527109E-08  0.3905258E-08  0.8633319E-08
  316.5689  0.4400973E-09  0.7726387E-09  0.9065450E-09  0.2258573E-08  0.3475897E-08  0.7680837E-08
  341.8314  0.4081481E-09  0.7069241E-09  0.8265378E-09  0.2022883E-08  0.3095252E-08  0.6827857E-08
  369.1099  0.3798631E-09  0.6493028E-09  0.7564558E-09  0.1816121E-08  0.2760172E-08  0.6059991E-08
  398.5653  0.3547166E-09  0.5987372E-09  0.6951174E-09  0.1634748E-08  0.2466708E-08  0.5371037E-08
  430.3711  0.3322613E-09  0.5541963E-09  0.6412283E-09  0.1475830E-08  0.2209971E-08  0.4759690E-08
  464.7151  0.3121068E-09  0.5148469E-09  0.5937318E-09  0.1336737E-08  0.1984945E-08  0.4223119E-08
  501.7999  0.2939027E-09  0.4800169E-09  0.5518422E-09  0.1215065E-08  0.1787531E-08  0.3753952E-08
  541.8441  0.2773410E-09  0.4490554E-09  0.5147946E-09  0.1108700E-08  0.1614778E-08  0.3342470E-08
  585.0838  0.2621618E-09  0.4213525E-09  0.4818236E-09  0.1015706E-08  0.1464150E-08  0.2980553E-08
  631.7742  0.2481444E-09  0.3964074E-09  0.4522960E-09  0.9342745E-09  0.1332827E-08  0.2663322E-08
  682.1905  0.2350986E-09  0.3738074E-09  0.4257087E-09  0.8628149E-09  0.1218026E-08  0.2386830E-08
  736.6297  0.2228611E-09  0.3531868E-09  0.4016164E-09  0.7999395E-09  0.1117570E-08  0.2145947E-08
  795.4136  0.2112959E-09  0.3342245E-09  0.3796198E-09  0.7444056E-09  0.1029665E-08  0.1935638E-08
  858.8884  0.2002881E-09  0.3166441E-09  0.3593742E-09  0.6951237E-09  0.9525206E-09  0.1752270E-08
  927.4287  0.1897455E-09  0.3002137E-09  0.3405887E-09  0.6511715E-09  0.8844970E-09  0.1592727E-08
 1001.4385  0.1795917E-09  0.2847351E-09  0.3230134E-09  0.6117490E-09  0.8242658E-09  0.1453712E-08
 1081.3544  0.1697686E-09  0.2700450E-09  0.3064397E-09  0.5761542E-09  0.7707142E-09  0.1332192E-08
 1167.6472  0.1602307E-09  0.2560079E-09  0.2906936E-09  0.5437750E-09  0.7228383E-09  0.1225695E-08
 1260.8268  0.1509455E-09  0.2425146E-09  0.2756325E-09  0.5140874E-09  0.6797523E-09  0.1132137E-08
 1361.4421  0.1418908E-09  0.2294775E-09  0.2611401E-09  0.4866444E-09  0.6406961E-09  0.1049672E-08
 1470.0867  0.1330545E-09  0.2168298E-09  0.2471255E-09  0.4610680E-09  0.6050188E-09  0.9766755E-09
 1587.4013  0.1244311E-09  0.2045207E-09  0.2335169E-09  0.4370390E-09  0.5721621E-09  0.9117284E-09
 1714.0769  0.1160238E-09  0.1925166E-09  0.2202638E-09  0.4142939E-09  0.5416556E-09  0.8535978E-09
 1850.8622  0.1078385E-09  0.1807942E-09  0.2073287E-09  0.3926126E-09  0.5131010E-09  0.8012160E-09
 1998.5630  0.9988838E-10  0.1693447E-09  0.1946911E-09  0.3718191E-09  0.4861687E-09  0.7536742E-09
 2158.0506  0.9218720E-10  0.1581659E-09  0.1823402E-09  0.3517709E-09  0.4605834E-09  0.7101959E-09
 2330.2654  0.8475282E-10  0.1472660E-09  0.1702772E-09  0.3323589E-09  0.4361224E-09  0.6701252E-09
 2516.2232  0.7760303E-10  0.1366578E-09  0.1585104E-09  0.3135003E-09  0.4126059E-09  0.6329078E-09
 2717.0194  0.7075643E-10  0.1263601E-09  0.1470557E-09  0.2951367E-09  0.3898934E-09  0.5980807E-09
 2933.8405  0.6423076E-10  0.1163948E-09  0.1359340E-09  0.2772301E-09  0.3678775E-09  0.5652598E-09
 3167.9643  0.5804211E-10  0.1067858E-09  0.1251697E-09  0.2597601E-09  0.3464798E-09  0.5341297E-09
 3420.7714  0.5220487E-10  0.9755872E-10  0.1147901E-09  0.2427215E-09  0.3256476E-09  0.5044359E-09
 3693.7527  0.4672998E-10  0.8873792E-10  0.1048226E-09  0.2261206E-09  0.3053487E-09  0.4759747E-09
 3988.5183  0.4162576E-10  0.8034724E-10  0.9529517E-10  0.2099744E-09  0.2855697E-09  0.4485881E-09
 4306.8046  0.3689627E-10  0.7240753E-10  0.8623340E-10  0.1943073E-09  0.2663116E-09  0.4221558E-09
 4650.4924  0.3254208E-10  0.6493671E-10  0.7766074E-10  0.1791489E-09  0.2475875E-09  0.3965901E-09
 5021.6068  0.2855957E-10  0.5794847E-10  0.6959676E-10  0.1645326E-09  0.2294203E-09  0.3718312E-09
 5422.3366  0.2494133E-10  0.5145202E-10  0.6205673E-10  0.1504937E-09  0.2118395E-09  0.3478419E-09
 5855.0451  0.2167623E-10  0.4545151E-10  0.5505086E-10  0.1370670E-09  0.1948797E-09  0.3246042E-09
 6322.2843  0.1874969E-10  0.3994570E-10  0.4858365E-10  0.1242858E-09  0.1785775E-09  0.3021147E-09
 6826.8065  0.1614437E-10  0.3492824E-10  0.4265404E-10  0.1121804E-09  0.1629704E-09  0.2803820E-09
 7371.5933  0.1384034E-10  0.3038730E-10  0.3725479E-10  0.1007762E-09  0.1480944E-09  0.2594229E-09
 7959.8546  0.1181604E-10  0.2630649E-10  0.3237324E-10  0.9009347E-10  0.1339827E-09  0.2392605E-09
 8595.0599  0.1004858E-10  0.2266484E-10  0.2799117E-10  0.8014594E-10  0.1206638E-09  0.2199208E-09
 9280.9552  0.8514608E-11  0.1943777E-10  0.2408565E-10  0.7094029E-10  0.1081608E-09  0.2014312E-09
10021.5858  0.7190721E-11  0.1659766E-10  0.2062956E-10  0.6247571E-10  0.9648992E-10  0.1838185E-09
10821.3146  0.6054083E-11  0.1411474E-10  0.1759253E-10  0.5474385E-10  0.8566015E-10  0.1671068E-09
11684.8676  0.5082826E-11  0.1195791E-10  0.1494175E-10  0.4772878E-10  0.7567220E-10  0.1513162E-09
12617.3330  0.4256425E-11  0.1009557E-10  0.1264302E-10  0.4140758E-10  0.6651877E-10  0.1364623E-09
13624.2102  0.3555962E-11  0.8496486E-11  0.1066163E-10  0.3575086E-10  0.5818437E-10  0.1225546E-09
14711.4374  0.2964240E-11  0.7130379E-11  0.8963257E-11  0.3072356E-10  0.5064568E-10  0.1095959E-09
15885.4265  0.2465887E-11  0.5968590E-11  0.7514773E-11  0.2628602E-10  0.4387212E-10  0.9758256E-10
17153.0934  0.2047298E-11  0.4984474E-11  0.6284855E-11  0.2239507E-10  0.3782670E-10  0.8650367E-10
18521.9294  0.1696584E-11  0.4153723E-11  0.5244503E-11  0.1900522E-10  0.3246692E-10  0.7634128E-10
20000.0000  0.1403434E-11  0.3454524E-11  0.4367369E-11  0.1606995E-10  0.2774613E-10  0.6707093E-10
