   10000000000.000000       0.16395187905887360     
   11497569952.483057       0.16434816425702553     
   13219411481.224125       0.16464921450873035     
   15199111019.165558       0.16487768174243075     
   17475283990.992023       0.16505093046272148     
   20092329754.071892       0.16518222884489953     
   23101297577.291988       0.16528169015422819     
   26560876780.050396       0.16535700854367147     
   30538555056.582207       0.16541402980687098     
   35111918656.404129       0.16545719043117466     
   40370171494.636261       0.16548985480359574     
   46415888866.989273       0.16551457279193252     
   53366994975.459671       0.16553327594823905     
   61359071840.972931       0.16554742699834740     
   70548017532.502045       0.16555813335766670     
   81113088139.126205       0.16556623325731301     
   93260334494.390274       0.16557236105134682     
   107226715065.85367       0.16557699680476304     
   123284683173.39403       0.16558050375961550     
   141747417766.47531       0.16558315673690435     
   162975074650.63422       0.16558516367367035     
   187381758651.50677       0.16558668188219272     
   215443473931.26987       0.16558783036796565     
   247707625297.17838       0.16558869916603117     
   284803615271.07379       0.16558935638688879     
   327454860451.40137       0.16558985355241934     
   376493569718.56769       0.16559022964305958     
   432876176716.47656       0.16559051414289130     
   497702277776.62152       0.16559072935661878     
   572236756415.44592       0.16559089215878728     
   657933306746.56567       0.16559101531283527     
   756463217441.84448       0.16559110847421327     
   869748999000.55615       0.16559117894766726     
   1000000137244.7760       0.16559123225827554     
   1149756842381.3772       0.16559127258570391     
   1321941159461.7566       0.16559130309203215     
   1519911310516.4146       0.16559132616895170     
   1747528189239.9788       0.16559134362574968     
   2009233044346.3679       0.16559135683122056     
   2310130074782.4399       0.16559136682067357     
   2656087495737.9795       0.16559137437730778     
   3053855610439.6440       0.16559138009364260     
   3511192347533.1538       0.16559138441783930     
   4037016872433.8975       0.16559138768892639     
   4641589045957.3760       0.16559139016339158     
   5336700229980.0938       0.16559139203523324     
   6135906763036.7334       0.16559139345120885     
   7054802721484.8896       0.16559139452234578     
   8111309927147.3818       0.16559139533262135     
   9326032809464.4082       0.16559139594556341     
   10722668563324.676       0.16559139640923182     
   12328464933304.355       0.16559139675998108     
   14174740803943.002       0.16559139702530995     
   16297509701811.182       0.16559139722602145     
   18738178436867.426       0.16559139737785228     
   21544354785250.574       0.16559139749270674     
   24770755730403.730       0.16559139757958943     
   28480353709547.316       0.16559139764531344     
   32745490539287.035       0.16559139769503126     
   37649362139034.336       0.16559139773264089     
   43287623612647.047       0.16559139776109125     
   49770255100482.820       0.16559139778261284     
   57223659934246.734       0.16559139779889309     
   65793312615078.430       0.16559139781120857     
   75646332126246.938       0.16559139782052476     
   86974911836906.266       0.16559139782757215     
   100000027448957.08       0.16559139783290319     
   114975652678520.16       0.16559139783693594     
   132194079660279.48       0.16559139783998658     
   151991089331672.59       0.16559139784229429     
   174752842907909.34       0.16559139784403995     
   200923332010310.69       0.16559139784536051     
   231013039183572.44       0.16559139784635946     
   265608676666986.31       0.16559139784711513     
   305385477218835.88       0.16559139784768673     
   351119138374773.81       0.16559139784811919     
   403701742649337.38       0.16559139784844626     
   464158968299122.44       0.16559139784869373     
   533670096241432.13       0.16559139784888091     
   613590507879478.13       0.16559139784902252     
   705480078501565.13       0.16559139784912963     
   811130770067801.25       0.16559139784921065     
   932603408941369.13       0.16559139784927196     
   1072267444984686.6       0.16559139784931831     
   1232847170137538.0       0.16559139784935339     
   1417473691312555.0       0.16559139784937993     
   1629750522831596.8       0.16559139784939997     
   1873817329343428.3       0.16559139784941515     
   2154434887155150.0       0.16559139784942667     
   2477076932903381.0       0.16559139784943536     
   2848036934466959.0       0.16559139784944193     
   3274548155099386.0       0.16559139784944690     
   3764935180467992.0       0.16559139784945065     
   4328761173064908.5       0.16559139784945351     
   4977024143907061.0       0.16559139784945565     
   5722369134884675.0       0.16559139784945726     
   6579334873423966.0       0.16559139784945850     
   7564631136212340.0       0.16559139784945942     
   8697488796320660.0       0.16559139784946014     
   10000000000000000.       0.16559139784946067     
