  1.02329312358051538E-003   4821.5632773118277        0.0000000000000000        4821.5632773118277     
  1.04712857864797115E-003   4925.5539860777963        0.0000000000000000        4925.5539860777963     
  1.07151933480054140E-003   5031.6320962261734        0.0000000000000000        5031.6320962261734     
  1.09647831413894892E-003   5139.8376467533590        0.0000000000000000        5139.8376467533590     
  1.12201855517923832E-003   5250.1984696206928        0.0000000000000000        5250.1984696206928     
  1.14815367851406336E-003   5362.7506975655597        0.0000000000000000        5362.7506975655597     
  1.17489765398204327E-003   5477.5255805079842        0.0000000000000000        5477.5255805079842     
  1.20226445142179728E-003   5594.5572980502266        0.0000000000000000        5594.5572980502266     
  1.23026873916387558E-003   5713.8780766636701        0.0000000000000000        5713.8780766636701     
  1.25892553478479385E-003   5835.5225842197742        0.0000000000000000        5835.5225842197742     
  1.28824950661510229E-003   5959.5181643655978        0.0000000000000000        5959.5181643655978     
  1.31825683638453484E-003   6085.9014380838062        0.0000000000000000        6085.9014380838062     
  1.34896300733089447E-003   6214.7036552569325        0.0000000000000000        6214.7036552569325     
  1.38038443401455879E-003   6345.9550891969411        0.0000000000000000        6345.9550891969411     
  1.41253764741122723E-003   6479.6884546137453        0.0000000000000000        6479.6884546137453     
  1.44543987698853016E-003   6615.9291419900001        0.0000000000000000        6615.9291419900001     
  1.47910846862941980E-003   6754.7152371106440        0.0000000000000000        6754.7152371106440     
  1.51356135029345751E-003   6896.0677359081365        0.0000000000000000        6896.0677359081365     
  1.54881668277084827E-003   7040.0208178970488        0.0000000000000000        7040.0208178970488     
  1.58489320892840624E-003   7186.6013383624613        0.0000000000000000        7186.6013383624613     
  1.62181013729423285E-003   7335.8376174209270        0.0000000000000000        7335.8376174209270     
  1.65958702564239502E-003   7487.7516275207772        0.0000000000000000        7487.7516275207772     
  1.69824366457760334E-003   7642.3716887525761        0.0000000000000000        7642.3716887525761     
  1.73780089244246483E-003   7799.7241680670286        0.0000000000000000        7799.7241680670286     
  1.77827954757958651E-003   7959.8276199009679        0.0000000000000000        7959.8276199009679     
  1.81970093399286270E-003   8122.7093877364468        0.0000000000000000        8122.7093877364468     
  1.86208705417811871E-003   8288.3836314459768        0.0000000000000000        8288.3836314459768     
  1.90546084195375443E-003   8456.8757413504864        0.0000000000000000        8456.8757413504864     
  1.94984464906156063E-003   8628.2018304103512        0.0000000000000000        8628.2018304103512     
  1.99526245705783367E-003   8802.3755701581504        0.0000000000000000        8802.3755701581504     
  2.04173801466822624E-003   8979.4164914797475        0.0000000000000000        8979.4164914797475     
  2.08929623477160931E-003   9159.3353361758054        0.0000000000000000        9159.3353361758054     
  2.13796226307749748E-003   9342.1418694607746        0.0000000000000000        9342.1418694607746     
  2.18776171095669270E-003   9527.8478096478957        0.0000000000000000        9527.8478096478957     
  2.23872135393321514E-003   9716.4599922104007        0.0000000000000000        9716.4599922104007     
  2.29086773470044136E-003   9907.9803697822736        0.0000000000000000        9907.9803697822736     
  2.34422879293560982E-003   10102.417730901478        0.0000000000000000        10102.417730901478     
  2.39883293397724628E-003   10299.768168763771        0.0000000000000000        10299.768168763771     
  2.45470902882516384E-003   10500.032659342185        0.0000000000000000        10500.032659342185     
  2.51188641414046288E-003   10703.203389513345        0.0000000000000000        10703.203389513345     
  2.57039582356810570E-003   10909.281335174135        0.0000000000000000        10909.281335174135     
  2.63026799075305462E-003   11118.245987812628        0.0000000000000000        11118.245987812628     
  2.69153481349349022E-003   11330.090510744485        0.0000000000000000        11330.090510744485     
  2.75422865524888039E-003   11544.794395369263        0.0000000000000000        11544.794395369263     
  2.81838281080126762E-003   11762.345922098235        0.0000000000000000        11762.345922098235     
  2.88403150625526905E-003   11982.715793171767        0.0000000000000000        11982.715793171767     
  2.95120943337678909E-003   12205.887406086409        0.0000000000000000        12205.887406086409     
  3.01995174959301949E-003   12431.817791104751        0.0000000000000000        12431.817791104751     
  3.09029547497630119E-003   12660.486439357177        0.0000000000000000        12660.486439357177     
  3.16227786242961884E-003   12891.852334107982        0.0000000000000000        12891.852334107982     
  3.23593663051724434E-003   13125.871528871159        0.0000000000000000        13125.871528871159     
  3.31131112761795521E-003   13362.505936461863        0.0000000000000000        13362.505936461863     
  3.38844140060245991E-003   13601.698914943467        0.0000000000000000        13601.698914943467     
  3.46736819483339787E-003   13843.409447296974        0.0000000000000000        13843.409447296974     
  3.54813435114920139E-003   14087.572102367159        0.0000000000000000        14087.572102367159     
  3.63078061491250992E-003   14334.124378613060        0.0000000000000000        14334.124378613060     
  3.71535238809883595E-003   14583.001821266960        0.0000000000000000        14583.001821266960     
  3.80189390853047371E-003   14834.134116104984        0.0000000000000000        14834.134116104984     
  3.89045127667486668E-003   15087.443136307058        0.0000000000000000        15087.443136307058     
  3.98107152432203293E-003   15342.850754951594        0.0000000000000000        15342.850754951594     
  4.07380331307649612E-003   15600.267126264758        0.0000000000000000        15600.267126264758     
  4.16869437322020531E-003   15859.606310618727        0.0000000000000000        15859.606310618727     
  4.26579546183347702E-003   16120.771626078998        0.0000000000000000        16120.771626078998     
  4.36515826731920242E-003   16383.653695286775        0.0000000000000000        16383.653695286775     
  4.46683587506413460E-003   16648.150953248893        0.0000000000000000        16648.150953248893     
  4.57088137045502663E-003   16914.152069228072        0.0000000000000000        16914.152069228072     
  4.67735109850764275E-003   17181.530087349012        0.0000000000000000        17181.530087349012     
  4.78630140423774719E-003   17450.169770339311        0.0000000000000000        17450.169770339311     
  4.89778816699981689E-003   17719.938302677820        0.0000000000000000        17719.938302677820     
  5.01187238842248917E-003   17990.691149923070        0.0000000000000000        17990.691149923070     
  5.12861367315053940E-003   18262.295496227824        0.0000000000000000        18262.295496227824     
  5.24807441979646683E-003   18534.595088088972        0.0000000000000000        18534.595088088972     
  5.37031749263405800E-003   18807.441484326711        0.0000000000000000        18807.441484326711     
  5.49540948122739792E-003   19080.670618577642        0.0000000000000000        19080.670618577642     
  5.62341324985027313E-003   19354.108658719349        0.0000000000000000        19354.108658719349     
  5.75439957901835442E-003   19627.583725504908        0.0000000000000000        19627.583725504908     
  5.88843645527958870E-003   19900.908314542408        0.0000000000000000        19900.908314542408     
  6.02559605613350868E-003   20173.914452431774        0.0000000000000000        20173.914452431774     
  6.16594962775707245E-003   20446.389243769005        0.0000000000000000        20446.389243769005     
  6.30957307294011116E-003   20718.135417880054        0.0000000000000000        20718.135417880054     
  6.45654276013374329E-003   20988.942032020914        0.0000000000000000        20988.942032020914     
  6.60693505778908730E-003   21258.592283868617        0.0000000000000000        21258.592283868617     
  6.76082959398627281E-003   21526.863511482643        0.0000000000000000        21526.863511482643     
  6.91830972209572792E-003   21793.525240170307        0.0000000000000000        21793.525240170307     
  7.07945739850401878E-003   22058.350901269328        0.0000000000000000        22058.350901269328     
  7.24435923621058464E-003   22321.076816528948        0.0000000000000000        22321.076816528948     
  7.41310277953743935E-003   22581.460791787689        0.0000000000000000        22581.460791787689     
  7.58577603846788406E-003   22839.237195193084        0.0000000000000000        22839.237195193084     
  7.76247121393680573E-003   23094.146253964929        0.0000000000000000        23094.146253964929     
  7.94328283518552780E-003   23345.898898247808        0.0000000000000000        23345.898898247808     
  8.12830496579408646E-003   23594.227542283450        0.0000000000000000        23594.227542283450     
  8.31763725727796555E-003   23838.825537598066        0.0000000000000000        23838.825537598066     
  8.51138029247522354E-003   24079.409672913007        0.0000000000000000        24079.409672913007     
  8.70963651686906815E-003   24315.663533661769        0.0000000000000000        24315.663533661769     
  8.91250930726528168E-003   24547.264845695692        0.0000000000000000        24547.264845695692     
  9.12010762840509415E-003   24773.905006398119        0.0000000000000000        24773.905006398119     
  9.33254323899745941E-003   24995.248069237517        0.0000000000000000        24995.248069237517     
  9.54992510378360748E-003   25210.934650136151        0.0000000000000000        25210.934650136151     
  9.77237150073051453E-003   25420.640520806683        0.0000000000000000        25420.640520806683     
  1.00000007078051567E-002   26093.215220984403        469.20501807029279        25624.010202914109     
  1.02329300716519356E-002   26289.861848507240        469.20488036296905        25820.656968144271     
  1.04712853208184242E-002   26479.437886424272        469.20473616560537        26010.233150258668     
  1.07151931151747704E-002   26661.540980821133        469.20458517216196        26192.336395648970     
  1.09647810459136963E-002   26835.784402653939        469.20442706345710        26366.579975590481     
  1.12201841548085213E-002   27001.787282034282        469.20426150240957        26532.583020531871     
  1.14815356209874153E-002   27159.133593059076        469.20408813928765        26689.929504919790     
  1.17489742115139961E-002   27307.389731745603        469.20390660627635        26838.185825139328     
  1.20226424187421799E-002   27446.172875123382        469.20371651787201        26976.969158605509     
  1.23026892542839050E-002   27575.035747453432        469.20351746806847        27105.832229985364     
  1.25892553478479385E-002   27693.548651508514        469.20330904024877        27224.345342468267     
  1.28824962303042412E-002   27801.272124420921        469.20309078981586        27332.069033631105     
  1.31825683638453484E-002   27897.764750580067        469.20286225310394        27428.561888326964     
  1.34896291419863701E-002   27982.569489946800        469.20262294668413        27513.366867000117     
  1.38038434088230133E-002   28055.248833961818        469.20237236138377        27586.046461600436     
  1.41253750771284103E-002   28115.357462325090        469.20210996786233        27646.155352357226     
  1.44543973729014397E-002   28162.432477256840        469.20183520734531        27693.230642049493     
  1.47910835221409798E-002   28196.034419206855        469.20154749805079        27726.832871708804     
  1.51356114074587822E-002   28215.719923292694        469.20124623030614        27746.518677062388     
  1.54881644994020462E-002   28221.051484944015        469.20093076443845        27751.850554179578     
  1.58489309251308441E-002   28211.615038020718        469.20060043022636        27742.414437590491     
  1.62180978804826736E-002   28186.971127507684        469.20025453082133        27717.770872976864     
  1.65958721190690994E-002   28146.762329718127        469.19989232206927        27677.562437396056     
  1.69824380427598953E-002   28090.592161442586        469.19951305096168        27621.392648391626     
  1.73780079931020737E-002   28018.101249370913        469.19911590609968        27548.902133464813     
  1.77827961742877960E-002   27929.014205565865        469.19870004052399        27459.815505525341     
  1.81970093399286270E-002   27823.016582568620        469.19826458027251        27353.818317988349     
  1.86208710074424744E-002   27699.877917990667        469.19780859777893        27230.680109392888     
  1.90546065568923950E-002   27559.391189073463        469.19733112519680        27090.193857948267     
  1.94984450936317444E-002   27401.435311860358        469.19683115075753        26932.238480709599     
  1.99526231735944748E-002   27225.900923421981        469.19630761262050        26756.704615809362     
  2.04173792153596878E-002   27032.801708606898        469.19575940315906        26563.605949203738     
  2.08929590880870819E-002   26822.172838856062        469.19518536043779        26352.977653495625     
  2.13796179741621017E-002   26594.141283511784        469.19458426333557        26124.946699248449     
  2.18776129186153412E-002   26348.935575466076        469.19395483814401        25879.741620627930     
  2.23872140049934387E-002   26086.846748723059        469.19329574199759        25617.653452981063     
  2.29086782783269882E-002   25808.284978992735        469.19260559408201        25339.092373398653     
  2.34422907233238220E-002   25513.717082776537        469.19188291967538        25044.525199856860     
  2.39883307367563248E-002   25203.742688948969        469.19112619089140        24734.551562758079     
  2.45470888912677765E-002   24879.035645056316        469.19033380150114        24409.845311254816     
  2.51188632100820541E-002   24540.386984841778        469.18950406848438        24071.197480773295     
  2.57039573043584824E-002   24188.677584662295        469.18863523137281        23719.488949430921     
  2.63026785105466843E-002   23824.878163013655        469.18772545184260        23355.690437561811     
  2.69153453409671783E-002   23450.035608016893        469.18677279894735        22980.848835217945     
  2.75422856211662292E-002   23065.294460568883        469.18577524759411        22596.108685321287     
  2.81838253140449524E-002   22671.855899654412        469.18473069258079        22202.671168961831     
  2.88403108716011047E-002   22270.993364956859        469.18363690852766        21801.809728048331     
  2.95120887458324432E-002   21864.005683543903        469.18249157837596        21394.823191965526     
  3.01995202898979187E-002   21452.246364214163        469.18129226404375        20983.065071950121     
  3.09029556810855865E-002   21037.088442871966        469.18003644732340        20567.908406424642     
  3.16227786242961884E-002   20619.914714106646        469.17872144628672        20150.735992660360     
  3.23593653738498688E-002   20202.074765462414        469.17734448225798        19732.897420980156     
  3.31131108105182648E-002   19784.939660662265        469.17590262728106        19315.763758034984     
  3.38844172656536102E-002   19369.806240240341        469.17439281833379        18900.631847422006     
  3.46736833453178406E-002   18957.969384062344        469.17281187426096        18488.796572188083     
  3.54813374578952789E-002   18550.606779844264        469.17115642296602        18081.435623421297     
  3.63078005611896515E-002   18148.903918780132        469.16942296903920        17679.734495811092     
  3.71535196900367737E-002   17753.933005338287        469.16760781816157        17284.765397520125     
  3.80189344286918640E-002   17366.676395332241        469.16570714033060        16897.510688191909     
  3.89045067131519318E-002   16988.063701407707        469.16371689896391        16518.899984508742     
  3.98107096552848816E-002   16618.925897489491        469.16163286587897        16149.764264623611     
  4.07380312681198120E-002   16259.999224658393        469.15945060391306        15790.839774054481     
  4.16869409382343292E-002   15911.943746446346        469.15716553870709        15442.786580907639     
  4.26579527556896210E-002   15575.312097594056        469.15477280006701        15106.157324793989     
  4.36515845358371735E-002   15250.573898908196        469.15226730754119        14781.421631600655     
  4.46683615446090698E-002   14938.092321569071        469.14964375290208        14468.942677816169     
  4.57088202238082886E-002   14638.136781883017        469.14689658103379        14168.989885301982     
  4.67735119163990021E-002   14350.831188342399        469.14401996912204        13881.687168373277     
  4.78630065917968750E-002   14076.232061169476        469.14100780401731        13607.091053365459     
  4.89778779447078705E-002   13814.212333652540        469.13785371095224        13345.074479941588     
  5.01187145709991455E-002   13564.522872071691        469.13455101125612        13095.388321060434     
  5.12861311435699463E-002   13326.729007368014        469.13109267522469        12857.597914692789     
  5.24807386100292206E-002   13100.238858184635        469.12747139542154        12631.111386789215     
  5.37031851708889008E-002   12884.231075289303        469.12367944982071        12415.107395839483     
  5.49540929496288300E-002   12677.679262850141        469.11970888177717        12208.559553968364     
  5.62341324985027313E-002   12479.319758619968        469.11555125437758        12010.204207365590     
  5.75439929962158203E-002   12287.642856397402        469.11119772172157        11818.531658675680     
  5.88843636214733124E-002   12100.892817277014        469.10663907423668        11631.786178202778     
  6.02559559047222137E-002   11917.072762027814        469.10186564792758        11447.970896379886     
  6.16595000028610229E-002   11733.987646437392        469.09686731629421        11264.890779121099     
  6.30957260727882385E-002   11549.255015830051        469.09163353815234        11080.163382291899     
  6.45654201507568359E-002   11360.358717977988        469.08615313318097        10891.272564844807     
  6.60693421959877014E-002   11164.770970860141        469.08041455972472        10695.690556300417     
  6.76082894206047058E-002   10960.014857906732        469.07440566096710        10490.940452245764     
  6.91830888390541077E-002   10743.762951147484        469.06811366268954        10274.694837484794     
  7.07945674657821655E-002   10514.020875280081        469.06152526614534        10044.959350013936     
  7.24435970187187195E-002   10269.222008321782        469.05462644153550        9800.1673818802465     
  7.41310343146324158E-002   10008.392479116506        469.04740264634967        9539.3450764701574     
  7.58577585220336914E-002   9731.2761169751338        469.03983864866171        9262.2362783264725     
  7.76247158646583557E-002   9438.4183836225093        469.03191829369086        8969.3864653288183     
  7.94328227639198303E-002   9131.2629954276526        469.02362489763760        8662.2393705300146     
  8.12830477952957153E-002   8812.1401520112213        469.01494085244491        8343.1252111587764     
  8.31763744354248047E-002   8484.2513484317060        469.00584775596820        8015.2455006757373     
  8.51137936115264893E-002   8151.5336076003541        468.99632641680563        7682.5372811835487     
  8.70963484048843384E-002   7818.5232237147284        468.98635659788869        7349.5368671168399     
  8.91250818967819214E-002   7490.1135904232360        468.97591723165675        7021.1376731915789     
  9.12010669708251953E-002   7171.2964415720835        468.96498623391460        6702.3314553381688     
  9.33254137635231018E-002   6866.8787052705948        468.95354041676859        6397.9251648538266     
  9.54992398619651794E-002   6581.2013356833741        468.94155560175295        6112.2597800816211     
  9.77237299084663391E-002   6317.8557269285056        468.92900624370230        5848.9267206848035     
  0.10000000149011612        6079.4758229233539        468.91586613725678        5610.5599567860972     
  0.10232930630445480        5867.5107159892250        468.90210722565661        5398.6086087635686     
  0.10471285879611969        5682.1271270303423        468.88770052178899        5213.2394265085532     
  0.10715192556381226        5522.1114099623410        468.87261553691462        5053.2387944254260     
  0.10964781790971756        5384.8911624003395        468.85682025237782        4916.0343421479620     
  0.11220183968544006        5266.5783292779324        468.84028138737074        4797.7380478905616     
  0.11481535434722900        5162.1592126799524        468.82296391219319        4693.3362487677596     
  0.11748974770307541        5065.7664689854373        468.80483121368042        4596.9616377717566     
  0.12022642791271210        4971.1048060273142        468.78584503072045        4502.3189609965939     
  0.12302686274051666        4871.9595883228158        468.76596512007217        4403.1936232027438     
  0.12589251995086670        4762.8278575475015        468.74514959426705        4294.0827079532346     
  0.12882491946220398        4639.5663201774678        468.72335447588910        4170.8429657015786     
  0.13182564079761505        4499.9518678632276        468.70053353998060        4031.2513343232472     
  0.13489626348018646        4344.0621677927647        468.67663867201964        3875.3855291207456     
  0.13803839683532715        4174.3658246206624        468.65161956631653        3705.7142050543462     
  0.14125370979309082        3995.4738716659067        468.62542338971934        3526.8484482761874     
  0.14454393088817596        3813.5336446461492        468.59799465923805        3344.9356499869114     
  0.14791078865528107        3635.4027154673872        468.56927562869777        3166.8334398386896     
  0.15135616064071655        3467.6910082721388        468.53920489993430        2999.1518033722045     
  0.15488168597221375        3315.8619363953494        468.50772069495974        2847.3542157003894     
  0.15848934650421143        3183.4861683898739        468.47475565135130        2715.0114127385227     
  0.16218103468418121        3071.8017510127147        468.44024046797426        2603.3615105447407     
  0.16595870256423950        2979.5431369911553        468.40410246961432        2511.1390345215409     
  0.16982437670230865        2903.1156537173324        468.36626530365453        2434.7493884136779     
  0.17378009855747223        2837.0896928742168        468.32664936470042        2368.7630435095166     
  0.17782795429229736        2775.0186340576251        468.28517136886779        2306.7334626887573     
  0.18197008967399597        2710.5325669324802        468.24174404008932        2242.2908228923911     
  0.18620872497558594        2638.5603941081445        468.19627576892276        2170.3641183392219     
  0.19054608047008514        2556.3952078228604        468.14867123446908        2088.2465365883913     
  0.19498445093631744        2464.2980869433586        468.09883044026861        1996.1992565030901     
  0.19952622056007385        2365.3985459740743        468.04664832324323        1897.3518976508312     
  0.20417377352714539        2264.8472224786588        467.99201557003261        1796.8552069086261     
  0.20892958343029022        2168.4541850854866        467.93481739524225        1700.5193676902443     
  0.21379618346691132        2081.1852244894126        467.87493365017713        1613.3102908392357     
  0.21877613663673401        2005.9550491859177        467.81223897217376        1538.1428102137440     
  0.22387208044528961        1942.9942369840701        467.74660200770097        1475.2476349763692     
  0.22908672690391541        1889.9089429484166        467.67788514516559        1422.2310578032509     
  0.23442283272743225        1842.4336920794799        467.60594464407052        1374.8277474354093     
  0.23988322913646698        1795.7199005022983        467.53062997863407        1328.1892705236642     
  0.24547082185745239        1745.8475478558767        467.45178354188761        1278.3957643139890     
  0.25118857622146606        1691.0706887604590        467.36924055666123        1223.7014482037978     
  0.25703948736190796        1632.2952396339288        467.28282922830942        1165.0124104056192     
  0.26302671432495117        1572.5332848049584        467.19236844474256        1105.3409163602159     
  0.26915338635444641        1515.5556907383377        467.09767031215216        1048.4580204261856     
  0.27542293071746826        1464.3215324669152        466.99853474615742        997.32299772075783     
  0.28183832764625549        1419.8647056694726        466.89476089261098        952.96994477686155     
  0.28840318322181702        1381.0363108257027        466.78612976521981        914.25018106048287     
  0.29512095451354980        1345.1928836801978        466.67241609560801        878.52046758458982     
  0.30199518799781799        1309.4974193959133        466.55338418273556        842.94403521317781     
  0.30902954936027527        1272.2598785873747        466.42878692143603        805.83109166593863     
  0.31622776389122009        1233.6224618838053        466.29836638158514        767.32409550222019     
  0.32359367609024048        1195.2328570794728        466.16185228441128        729.07100479506153     
  0.33113113045692444        1159.1218998788436        466.01896374312958        693.10293613571400     
  0.33884415030479431        1126.4851709431100        465.86940545392144        660.61576548918856     
  0.34673681855201721        1097.0940298735859        465.71286938221397        631.38116049137182     
  0.35481336712837219        1069.6161030325929        465.54903246883009        604.06707056376274     
  0.36307802796363831        1042.5886356504341        465.37755907747459        577.21107657295954     
  0.37153521180152893        1015.3568358689647        465.19809681061082        550.15873905835394     
  0.38018935918807983        988.35229491935763        465.01027899580936        523.34201592354827     
  0.38904508948326111        962.55623301196192        464.81372090020994        497.74251211175203     
  0.39810711145401001        938.64656665527400        464.60802095783617        474.03854569743788     
  0.40738019347190857        916.51076319900403        464.39276084829908        452.11800235070490     
  0.41686928272247314        895.46275531364893        464.16750207990839        431.29525323374054     
  0.42657941579818726        874.88849716227992        463.93178729767396        410.95670986460590     
  0.43651571869850159        854.71917765011335        463.68513961639502        391.03403803371833     
  0.44668346643447876        835.33463674466975        463.42706041197039        371.90757633269942     
  0.45708805322647095        817.07726943269813        463.15702924137298        353.92024019132509     
  0.46773496270179749        799.90384902712867        462.87450384692613        337.02934518020248     
  0.47862994670867920        783.48912254531683        462.57891453066600        320.91020801465089     
  0.48977890610694885        767.59413917845382        462.26966622038634        305.32447295806742     
  0.50118732452392578        752.26164379391253        461.94615375943471        290.31549003447782     
  0.51286149024963379        737.65926809475889        461.60772694064485        276.05154115411403     
  0.52480751276016235        723.82231906283778        461.25371693142716        262.56860213141056     
  0.53703182935714722        710.61517513400452        460.88342084523833        249.73175428876615     
  0.54954093694686890        697.90934744259971        460.49610856032251        237.41323888227714     
  0.56234133243560791        685.70967119960437        460.09102393101483        225.61864726858960     
  0.57543998956680298        674.07434047122854        459.66736872246872        214.40697174875982     
  0.58884364366531372        662.98797045430069        459.22432434982369        203.76364610447700     
  0.60255962610244751        652.36974836213790        458.76102377389196        193.60872458824596     
  0.61659497022628784        642.17529234622600        458.27658005541684        183.89871229080913     
  0.63095730543136597        632.41962270229021        457.77005515127308        174.64956755101713     
  0.64565414190292358        623.10254545915564        457.24048328052919        165.86206217862650     
  0.66069340705871582        614.17891830987719        456.68685101740351        157.49206729247362     
  0.67608290910720825        605.61242809442615        456.10811566042719        149.50431243399896     
  0.69183081388473511        597.40326058743085        455.50318685716707        141.90007373026378     
  0.70794564485549927        589.54411095151909        454.87092485360836        134.67318609791076     
  0.72443580627441406        582.00069825262267        454.21015804669213        127.79054020593058     
  0.74131011962890625        574.75137279547903        453.51966109385012        121.23171170162892     
  0.75857734680175781        567.79454286712894        452.79817311113351        114.99636975599546     
  0.77624690532684326        561.11241551942646        452.04436702739133        109.06804849203515     
  0.79432803392410278        554.67878732804297        451.25688339045860        103.42190393758440     
  0.81283020973205566        548.48655251204229        450.43431250208778        98.052240009954545     
  0.83176350593566895        542.52580592270658        449.57517713166123        92.950628791045375     
  0.85113775730133057        536.77368963196602        448.67796906951071        88.095720562455298     
  0.87096327543258667        531.22057719802206        447.74111651273932        83.479460685282731     
  0.89125108718872070        525.85803179774973        446.76297074274737        79.095061055002319     
  0.91201096773147583        520.66693296244614        445.74190104114382        74.925031921302306     
  0.93325436115264893        515.63865126613348        444.67615373595203        70.962497530181494     
  0.95499265193939209        510.76366765061221        443.56393433145166        67.199733319160572     
  0.97723728418350220        506.02573280652996        442.40340274972300        63.622330056806959     
   1.0000000000000000        501.41862318782381        441.19266170463601        60.225961483187817     
   1.0232930183410645        496.93002275293247        439.92974712467776        57.000275628254698     
   1.0471285581588745        492.54864321231497        438.61265427844796        53.935988933867030     
   1.0715193748474121        488.26767791026043        437.23930958045912        51.028368329801289     
   1.0964782238006592        484.07413842635953        435.80760143932105        48.266536987038457     
   1.1220183372497559        479.96162744401477        434.31535510955916        45.646272334455631     
   1.1481535434722900        475.91925841325815        432.76032633740596        43.158932075852199     
   1.1748974323272705        471.93917349491051        431.14025290074483        40.798920594165686     
   1.2022643089294434        468.01285107253364        429.45280077254267        38.560050299990941     
   1.2302685976028442        464.13153407917048        427.69560264139113        36.435931437779338     
   1.2589251995086670        460.28798065986462        425.86623942277987        34.421741237084774     
   1.2882493734359741        456.47350669361333        423.96225119914430        32.511255494469026     
   1.3182563781738281        452.68138250886898        421.98116539511699        30.700217113751979     
   1.3489625453948975        448.90347292075586        419.92043113989502        28.983041780860852     
   1.3803838491439819        445.13313753544492        417.77751937421510        27.355618161229824     
   1.4125372171401978        441.36306274518330        415.54984155663163        25.813221188551680     
   1.4454392194747925        437.58654887944806        413.23484654315843        24.351702336289627     
   1.4791078567504883        433.79711312629598        410.82990367541481        22.967209450881160     
   1.5135607719421387        429.98800217354386        408.33243640685203        21.655565766691840     
   1.5488159656524658        426.15350038101735        405.73988277503992        20.413617605977464     
   1.5848925113677979        422.28707543869103        403.04965224507413        19.237423193616880     
   1.6218103170394897        418.38308604489714        400.25915172672887        18.123934318168292     
   1.6595871448516846        414.43606830179550        397.36602550743856        17.070042794356915     
   1.6982438564300537        410.44030009069786        394.36777170901996        16.072528381677884     
   1.7378009557723999        406.39078522990371        391.26201658288471        15.128768647018973     
   1.7782795429229736        402.28243377557345        388.04645742044096        14.235976355132482     
   1.8197008371353149        398.11040802679651        384.71891671509860        13.391491311697894     
   1.8620871305465698        393.87023247031902        381.27728313917538        12.592949331143657     
   1.9054607152938843        389.55762958676075        377.71961581149787        11.838013775262887     
   1.9498445987701416        385.16851857147884        374.04410614271899        11.124412428759859     
   1.9952621459960938        380.69916052638706        370.24912731821786        10.450033208169216     
   2.0417377948760986        376.14608781261001        366.33319558158360        9.8128922310264368     
   2.0892961025238037        371.50616754333186        362.29507183583354        9.2110957074983322     
   2.1379618644714355        366.77657960343754        358.13377572499797        8.6428038784395813     
   2.1877613067626953        361.95478342744377        353.84850713347168        8.1062762939720869     
   2.2387208938598633        357.03864875644842        349.43877158222921        7.5998771742191895     
   2.2908673286437988        352.02645847144856        344.90440577079329        7.1220527006552485     
   2.3442282676696777        346.91686520668071        340.24554051271753        6.6713246939632072     
   2.3988323211669922        341.70890313917243        335.46262503624860        6.2462781029238474     
   2.4547083377838135        336.40208580604246        330.55651435971600        5.8455714463264634     
   2.5118856430053711        330.99641067161105        325.52847315809220        5.4679375135188302     
   2.5703949928283691        325.49227898731135        320.38011552537296        5.1121634619384100     
   2.6302671432495117        319.89065546636499        315.11355354788901        4.7771019184759753     
   2.6915338039398193        314.19299455374136        309.73133494308439        4.4616596106569562     
   2.7542276382446289        308.40126495063527        304.23646301256099        4.1648019380742571     
   2.8183817863464355        302.51800249314891        298.63245646093401        3.8855460322148971     
   2.8840317726135254        296.54614720025319        292.92319907099011        3.6229481292630861     
   2.9512095451354980        290.48960122829749        287.11347054376398        3.3761306845335324     
   3.0199520587921143        284.35245533033782        281.20820936010159        3.1442459702362213     
   3.0902955532073975        278.13950674095827        275.21301689505577        2.9264898459024673     
   3.1622776985168457        271.85607717214469        269.13397424146967        2.7221029306750060     
   3.2359366416931152        265.50808503431659        262.97772184963236        2.5303631846842505     
   3.3113112449645996        259.10201352565906        256.75143158331980        2.3505819423392595     
   3.3884415626525879        252.64485917996706        250.46275543467178        2.1821037452952794     
   3.4673683643341064        246.14416096495918        244.11984819153500        2.0243127734241986     
   3.5481336116790771        239.60792425287661        237.73130640697212        1.8766178459044864     
   3.6307802200317383        233.04461807991487        231.30616048616150        1.7384575937533717     
   3.7153520584106445        226.46314252623384        224.85384118766692        1.6093013385669179     
   3.8018934726715088        219.87281828705318        218.38417560717201        1.4886426798811734     
   3.8904509544372559        213.28321981478680        211.90721755684001        1.3760022579467814     
   3.9810709953308105        206.70427946763900        205.43335846235945        1.2709210052795590     
   4.0738019943237305        200.14609936544969        198.97313239117960        1.1729669742700783     
   4.1686930656433105        193.61896890550562        192.53724399760759        1.0817249078980258     
   4.2657942771911621        187.13329155231148        186.13648629790458       0.99680525440688172     
   4.3651571273803711        180.69947593446352        179.78164230761533       0.91783362684819680     
   4.4668345451354980        174.32787338823491        173.48341851363389       0.84445487460101865     
   4.5708804130554199        168.02873745000522        167.25240444730625       0.77633300269896599     
   4.6773500442504883        161.81211841367553        161.09897089585328       0.71314751782224706     
   4.7862992286682129        155.68784618777750        155.03325173241072       0.65459445536677729     
   4.8977861404418945        149.66534791428344        149.06496382515766       0.60038408912579444     
   5.0118703842163086        143.75363889102383        143.20339674784586       0.55024214317797981     
   5.1286115646362305        137.96132333689255        137.45741541488928       0.50390792200327461     
   5.2480750083923340        132.29625130604526        131.83511826588449       0.46113304016078105     
   5.3703184127807617        126.76609458402200        126.34440939559560       0.42168518842639918     
   5.4954090118408203        121.37747083395924        120.99213079682644       0.38534003713278853     
   5.6234135627746582        116.13638306910876        115.78449609257356       0.35188697653519202     
   5.7543997764587402        111.04810001901451        110.72697321913476       0.32112679987975040     
   5.8884367942810059        106.11709604665255        105.82422588969816       0.29287015695439500     
   6.0255961418151855        101.34699108274437        101.08005225639705       0.26693882634731192     
   6.1659498214721680        96.740597682377199        96.497433125576535       0.24316455680066135     
   6.3095731735229492        92.299812161813122        92.078424267114357       0.22138789469876471     
   6.4565420150756836        88.025709672056351        87.824249821460398       0.20145985059595772     
   6.6069340705871582        83.918499873127686        83.735260668082830       0.18323920504486310     
   6.7608289718627930        79.977547388418643        79.810953063530690       0.16659432488794929     
   6.9183082580566406        76.201397958052922        76.049996938002636       0.15140102005029077     
   7.0794563293457031        72.587796724186830        72.450253430185214       0.13754329400161405     
   7.2443580627441406        69.133790808675542        69.008877758193805       0.12491305048173408     
   7.4131007194519043        65.835739709294828        65.722330556620349       0.11340915267448207     
   7.5857739448547363        62.689385550511268        62.586448117289656       0.10293743322160916     
   7.7624692916870117        59.689939027508956        59.596528317821104       9.34107096878513815E-002
   7.9432802200317383        56.832160806344163        56.747412891870681       8.47479144734788331E-002
   8.1283025741577148        54.110442964239141        54.033568870672468       7.68740935666736847E-002
   8.3176355361938477        51.518890752576553        51.449170692184325       6.97200603922289858E-002
   8.5113773345947266        49.051475389636749        48.988253362027315       6.32220276094373340E-002
   8.7096319198608398        46.702038547330389        46.644717028377848       5.73215189525419014E-002
   8.9125061035156250        44.464428885319293        44.412464330609154       5.19645547101405259E-002
   9.1201047897338867        42.332637366260791        42.285535383325751       4.71019829350426480E-002
   9.3325443267822266        40.300736867109251        40.258048204004851       4.26886631044003373E-002
   9.5499267578125000        38.363201824692545        38.324518119754380       3.86837049381647952E-002
   9.7723722457885742        36.514652910172110        36.479603369880166       3.50495402919431057E-002
   10.000000000000000        34.750089606316770        34.718337524758965       3.17520815578073712E-002
   10.232924461364746        33.064934794362550        33.036174408301832       2.87603860607196088E-002
   10.471285820007324        31.454832607949164        31.428786434145092       2.60461738040738341E-002
   10.715187072753906        29.916084122184984        29.892499986687728       2.35841354972567523E-002
   10.964781761169434        28.445050116770723        28.423699271009990       2.13508457607314156E-002
   11.220177650451660        27.038735862047712        27.019410315440346       1.93255466073648692E-002
   11.481535911560059        25.694173750723543        25.676684817864992       1.74889328585520545E-002
   11.748968124389648        24.408950873412554        24.393126988080756       1.58238853317992367E-002
   12.022643089294434        23.180616428851174        23.166301888198809       1.43145406523642830E-002
   12.302679061889648        22.007157424516020        21.994210662843347       1.29467616726739766E-002
   12.589251518249512        20.886471791610596        20.874764346385721       1.17074452248764147E-002
   12.882499694824219        19.816732714678114        19.806147869722277       1.05848449558370878E-002
   13.182563781738281        18.796182612091975        18.786614330711981       9.56828137999376355E-003
   13.489633560180664        17.822958213594319        17.814310341610803       8.64787198351540942E-003
   13.803839683532715        16.895433004904209        16.887618191400527       7.81481350368366454E-003
   14.125379562377930        16.011806857197122        16.004745932335119       7.06092486200274143E-003
   14.454393386840820        15.170470031586744        15.164091133043760       6.37889854298407007E-003
   14.791087150573730        14.369665662178521        14.363903705854401       5.76195632411950331E-003
   15.135606765747070        13.607816484325594        13.602612423029269       5.20406129632614445E-003
   15.488168716430664        12.883221183467674        12.878521584946037       4.69959852163619185E-003
   15.848925590515137        12.194359702759767        12.190116115096249       4.24358766351849888E-003
   16.218103408813477        11.539617604263929        11.535786206856288       3.83139740764113336E-003
   16.595861434936523        10.917559658162354        10.914100739793909       3.45891836844422138E-003
   16.982439041137695        10.326673816909707        10.323551474925750       3.12234198395639579E-003
   17.378000259399414        9.7656285796718283        9.7628102920057813       2.81828766604723955E-003
   17.782794952392578        9.2330264346719559        9.2304828099076950       2.54362476426028654E-003
   18.196998596191406        8.7276312716039435        8.7253356987178368       2.29557288610743879E-003
   18.620872497558594        8.2481553793293845        8.2460838178127851       2.07156151659957559E-003
   19.054595947265625        7.7934613379988615        7.7915920268361099       1.86931116275129033E-003
   19.498443603515625        7.3623592877897250        7.3606725746534938       1.68671313623168658E-003
   19.952610015869141        6.9537905163526172        6.9522686245774130       1.52189177520396161E-003
   20.417377471923828        6.5666616755755305        6.5652885532452219       1.37312233030870254E-003
   20.892948150634766        6.1999944564597982        6.1987555872840909       1.23886917570744997E-003
   21.379617691040039        5.8527798330841687        5.8516621155635917       1.11771752057721161E-003
   21.877599716186523        5.5241128726913686        5.5231044640310412       1.00840866032727650E-003
   22.387208938598633        5.2130616693645049        5.2121518852345403       9.09784129964690881E-004
   22.908683776855469        4.9187852885540870        4.9179644750787324       8.20813475354645826E-004
   23.442281723022461        4.6404663158789967        4.6397257557813214       7.40560097675366192E-004
   23.988336563110352        4.3772867857483568        4.3766186178419755       6.68167906381392576E-004
   24.547082901000977        4.1285151028646023        4.1279122260429180       6.02876821684397409E-004
   25.118869781494141        3.8934019391158254        3.8928579512348573       5.43987880967911367E-004
   25.703950881958008        3.6712734864106165        3.6707826055230477       4.90880887568562337E-004
   26.302684783935547        3.4614474699418656        3.4610044851348682       4.42984806997151232E-004
   26.915338516235352        3.2633070335051877        3.2629072403451782       3.99793160009673655E-004
   27.542291641235352        3.0762284713149692        3.0758676300788665       3.60841236102830683E-004
   28.183816909790039        2.8996509402233177        2.8993252242950325       3.25715928285437580E-004
   28.840320587158203        2.7330042732698208        2.7327102351870844       2.94038082736235824E-004
   29.512079238891602        2.5757801704416625        2.5755146984891129       2.65471952549678329E-004
   30.199518203735352        2.4274605681426036        2.4272208594111269       2.39708731476525987E-004
   30.902938842773438        2.2875812637889603        2.2873647894935982       2.16474295362209382E-004
   31.622777938842773        2.1556746384004808        2.1554791203901562       1.95518010324508115E-004
   32.359348297119141        2.0313204003945429        2.0311437832418773       1.76617152665625970E-004
   33.113109588623047        1.9140951615067379        1.9139355942148344       1.59567291903437916E-004
   33.884395599365234        1.8036179635348004        1.8034737758849255       1.44187649874870572E-004
   34.673686981201172        1.6995069620171341        1.6993766500363725       1.30311980761576993E-004
   35.481319427490234        1.6014201344382142        1.6013023409449036       1.17793493310598807E-004
   36.307804107666016        1.5090124120482649        1.5089059149452344       1.06497103030531528E-004
   37.153499603271484        1.4219750115415060        1.4218787081396653       9.63034018405640817E-005
   38.018936157226563        1.3399982671813584        1.3399111643674826       8.71028138757444211E-005
   38.904487609863281        1.2628047070716344        1.2627259086691924       7.87984024420516210E-005
   39.810707092285156        1.1901164724348776        1.1900451713682438       7.13010666336841802E-005
   40.738040924072266        1.1216805429939989        1.1216160111958975       6.45317981014144066E-005
   41.686927795410156        1.0572578627746292        1.0571994435781376       5.84191964915303194E-005
   42.657966613769531       0.99661233316100140       0.99655943492361487       5.28982373864686102E-005
   43.651573181152344       0.93953291135892980       0.93948500005762869       4.79113013011071880E-005
   44.668369293212891       0.88580862426942963       0.88576521877603409       4.34054933955130805E-005
   45.708805084228516       0.83524991754740452       0.83521058348694721       3.93340604573319438E-005
   46.773525238037109       0.78766866091821597       0.78763300688416193       3.56540340540869644E-005
   47.862995147705078       0.74289577935942830       0.74286345191492820       3.23274445000998990E-005
   48.977890014648438       0.70076334976374111       0.70073403025424175       2.93195094993046829E-005
   50.118705749511719       0.66112022249273361       0.66109362319722209       2.65992955115446616E-005
   51.286148071289063       0.62381682523755588       0.62379268667558241       2.41385619734830667E-005
   52.480720520019531       0.58871896573729454       0.58869705349510459       2.19122421899278345E-005
   53.703186035156250       0.55569279921437253       0.55567290192492658       1.98972894459361211E-005
   54.954059600830078       0.52461928745248088       0.52460121403396009       1.80734185208103284E-005
   56.234134674072266       0.49537954438565024       0.49536312247634701       1.64219093032072180E-005
   57.543964385986328       0.46786745709646521       0.46785253085524642       1.49262412187962573E-005
   58.884365081787109       0.44197774932822892       0.44196417812358785       1.35712046410842459E-005
   60.255924224853516       0.41761604487935289       0.41760370150428600       1.23433750668667775E-005
   61.659500122070313       0.39468889412325669       0.39467766373550373       1.12303877529944477E-005
   63.095695495605469       0.37311279619226712       0.37310257487559800       1.02213166691313851E-005
   64.565414428710938       0.35280481726778951       0.35279551117283792       9.30609495160667691E-006
   66.069297790527344       0.33369084365786383       0.33368236782430577       8.47583355806621023E-006
   67.608291625976563       0.31569744892438817       0.31568972658043182       7.72234395636371632E-006
   69.183052062988281       0.29875918659373346       0.29875214821452795       7.03837920549419214E-006
   70.794563293457031       0.28281110659576547       0.28280468931407038       6.41728169509096344E-006
   72.443542480468750       0.26779501258614874       0.26778915944872445       5.85313742426872304E-006
   74.131011962890625       0.25365355792708633       0.25364821741661614       5.34051047017381033E-006
   75.857788085937500       0.24033481972473197       0.24032994515457562       4.87457015635791593E-006
   77.624694824218750       0.22778990858700235       0.22778545764354460       4.45094345774850482E-006
   79.432846069335938       0.21597102398296378       0.21596695836575994       4.06561720384157416E-006
   81.283027648925781       0.20483555989076005       0.20483184484237982       3.71504838022582000E-006
   83.176391601562500       0.19434137892866721       0.19433798297013133       3.39595853587202022E-006
   85.113777160644531       0.18445077469248530       0.18444766924768036       3.10544480494357676E-006
   87.096374511718750       0.17512662362498466       0.17512378278856022       2.84083642444194025E-006
   89.125061035156250       0.16633564318329697       0.16633304342611802       2.59975717895766346E-006
   91.201095581054688       0.15804500590848355       0.15804262589119022       2.38001729332521028E-006
   93.325386047363281       0.15022538991674475       0.15022321024521540       2.17967152934651612E-006
   95.499267578125000       0.14284776409886699       0.14284576716944300       1.99692942399883565E-006
   97.723678588867188       0.13588630917919040       0.13588447898233047       1.83019685993015971E-006
   100.00000762939453       0.12931543173288165       0.12931375373264106       1.67800024058518551E-006
