   10000000000.000000       1.65574840365425784E-005
   11497569952.483057       2.18873148850144988E-005
   13219411481.224125       2.89325110003839580E-005
   15199111019.165558       3.82449265053215687E-005
   17475283990.992023       5.05537818067319176E-005
   20092329754.071892       6.68225549121782380E-005
   23101297577.291988       8.83240170963500552E-005
   26560876780.050396       1.16739091272575633E-004
   30538555056.582207       1.54287202766962612E-004
   35111918656.404129       2.03897455868637845E-004
   40370171494.636261       2.69433594658161925E-004
   46415888866.989273       3.55988905194071833E-004
   53366994975.459671       4.70270939017285432E-004
   61359071840.972931       6.21102553734149358E-004
   70548017532.502045       8.20070648601454772E-004
   81113088139.126205       1.08235975423688429E-003
   93260334494.390274       1.42781115202437678E-003
   107226715065.85367       1.88225704796893289E-003
   123284683173.39403       2.47916133167020748E-003
   141747417766.47531       3.26158425555465609E-003
   162975074650.63422       4.28445357658882413E-003
   187381758651.50677       5.61700851627960560E-003
   215443473931.26987       7.34514092695276889E-003
   247707625297.17838       9.57313513355761633E-003
   284803615271.07379       1.24238911741210815E-002
   327454860451.40137       1.60362977077446942E-002
   376493569718.56769       2.05580947883147874E-002
   432876176716.47656       2.61321270156028088E-002
   497702277776.62152       3.28748835668518369E-002
   572236756415.44592       4.08478776163179111E-002
   657933306746.56567       5.00256611343991922E-002
   756463217441.84448       6.02692103881634911E-002
   869748999000.55615       7.13159320057221713E-002
   1000000137244.7760       8.27957102880075291E-002
   1149756842381.3772       9.42754546989146430E-002
   1321941159461.7566       0.10532217693917509     
   1519911310516.4146       0.11556575588143429     
   1747528189239.9788       0.12474351178666869     
   2009233044346.3679       0.13271650705029703     
   2310130074782.4399       0.13945928291589427     
   2656087495737.9795       0.14503329811873875     
   3053855610439.6440       0.14955509616620258     
   3511192347533.1538       0.15316751298407488     
   4037016872433.8975       0.15601826024009255     
   4641589045957.3760       0.15824625788587615     
   5336700229980.0938       0.15997439231220290     
   6135906763036.7334       0.16130694312726410     
   7054802721484.8896       0.16232981403272614     
   8111309927147.3818       0.16311223785842305     
   9326032809464.4082       0.16370914029070627     
   10722668563324.676       0.16416358572608789     
   12328464933304.355       0.16450903780007090     
   14174740803943.002       0.16477132697687483     
   16297509701811.182       0.16497029538065153     
   18738178436867.426       0.16512112716788069     
   21544354785250.574       0.16523540921240737     
   24770755730403.730       0.16532196407021321     
   28480353709547.316       0.16538750033769489     
   32745490539287.035       0.16543711063611768     
   37649362139034.336       0.16547465877420028     
   43287623612647.047       0.16550307388082816     
   49770255100482.820       0.16552457534497053     
   57223659934246.734       0.16554084403817707     
   65793312615078.430       0.16555315291246159     
   75646332126246.938       0.16556246533796568     
   86974911836906.266       0.16556951054039662     
   100000027448957.08       0.16557484037451459     
   114975652678520.16       0.16557887240477301     
   132194079660279.48       0.16558192263802748     
   151991089331672.59       0.16558423010163351     
   174752842907909.34       0.16558597565546307     
   200923332010310.69       0.16558729612699791     
   231013039183572.44       0.16558829502899811     
   265608676666986.31       0.16558905066565635     
   305385477218835.88       0.16558962228536292     
   351119138374773.81       0.16559005469720783     
   403701742649337.38       0.16559038180231872     
   464158968299122.44       0.16559062924612797     
   533670096241432.13       0.16559081642873366     
   613590507879478.13       0.16559095802502716     
   705480078501565.13       0.16559106513828539     
   811130770067801.25       0.16559114616560636     
   932603408941369.13       0.16559120745983852     
   1072267444984686.6       0.16559125382669437     
   1232847170137538.0       0.16559128890152777     
   1417473691312555.0       0.16559131543421957     
   1629750522831596.8       0.16559133550536367     
   1873817329343428.3       0.16559135068844699     
   2154434887155150.0       0.16559136217389137     
   2477076932903381.0       0.16559137086220743     
   2848036934466959.0       0.16559137743459865     
   3274548155099386.0       0.16559138240634508     
   3764935180467992.0       0.16559138616731353     
   4328761173064908.5       0.16559138901234749     
   4977024143907061.0       0.16559139116451085     
   5722369134884675.0       0.16559139279254309     
   6579334873423966.0       0.16559139402408943     
   7564631136212340.0       0.16559139495570405     
   8697488796320660.0       0.16559139566044093     
   10000000000000000.       0.16559139619354837     
