   10000000000.000000       1.65591397832903183E-011
   11497569952.483057       2.18902082563375869E-011
   13219411481.224125       2.89375670337900729E-011
   15199111019.165558       3.82537615707646621E-011
   17475283990.992023       5.05692201857790352E-011
   20092329754.071892       6.68495312652061126E-011
   23101297577.291988       8.83711529229549640E-011
   26560876780.050396       1.16821448304738662E-010
   30538555056.582207       1.54431091384322194E-010
   35111918656.404129       2.04148829949419816E-010
   40370171494.636261       2.69872703820364681E-010
   46415888866.989273       3.56755859289624507E-010
   53366994975.459671       4.71610286310012777E-010
   61359071840.972931       6.23440962563101232E-010
   70548017532.502045       8.24152154797097535E-010
   81113088139.126205       1.08948095239077070E-009
   93260334494.390274       1.44022951270034495E-009
   107226715065.85367       1.90389840527895946E-009
   123284683173.39403       2.51684234690244114E-009
   141747417766.47531       3.32711701733692381E-009
   162975074650.63422       4.39825229547587057E-009
   187381758651.50677       5.81423228531462294E-009
   215443473931.26987       7.68607182687247415E-009
   247707625297.17838       1.01605331562113803E-008
   284803615271.07379       1.34316304027843830E-008
   327454860451.40137       1.77558148568770125E-008
   376493569718.56769       2.34721481116711736E-008
   432876176716.47656       3.10288057909022975E-008
   497702277776.62152       4.10182305113256505E-008
   572236756415.44592       5.42236977608530382E-008
   657933306746.56567       7.16805500071894707E-008
   756463217441.84448       9.47574041620871685E-008
   869748999000.55615       1.25263724032286494E-007
   1000000137244.7760       1.65591277711250908E-007
   1149756842381.3772       2.18901735008554611E-007
   1321941159461.7566       2.89375169661546456E-007
   1519911310516.4146       3.82536837088630454E-007
   1747528189239.9788       5.05690536250464317E-007
   2009233044346.3679       6.68492660079158604E-007
   2310130074782.4399       8.83707056190461265E-007
   2656087495737.9795       1.16820608207904102E-006
   3053855610439.6440       1.54429661909483645E-006
   3511192347533.1538       2.04146369425090436E-006
   4037016872433.8975       2.69868269042050462E-006
   4641589045957.3760       3.56748198632019351E-006
   5336700229980.0938       4.71596985848942407E-006
   6135906763036.7334       6.23417408084994543E-006
   7054802721484.8896       8.24111368898291001E-006
   8111309927147.3818       1.08940958270540058E-005
   9326032809464.4082       1.44010407467222600E-005
   10722668563324.676       1.90367850535050412E-005
   12328464933304.355       2.51645852429543063E-005
   14174740803943.002       3.32644826667104042E-005
   16297509701811.182       4.39708571481265724E-005
   18738178436867.426       5.81219331198156905E-005
   21544354785250.574       7.68251154940373723E-005
   24770755730403.730       1.01542976228080969E-004
   28480353709547.316       1.34207381479023647E-004
   32745490539287.035       1.77368030432996821E-004
   37649362139034.336       2.34389337914070472E-004
   43287623612647.047       3.09707864939255304E-004
   49770255100482.820       4.09169312659414660E-004
   57223659934246.734       5.40467072520496648E-004
   65793312615078.430       7.13715911968394756E-004
   75646332126246.938       9.42183324660236820E-004
   86974911836906.266       1.24323392054522561E-003
   100000027448957.08       1.63951968173897070E-003
   114975652678520.16       2.16045906797627564E-003
   132194079660279.48       2.84405453073881872E-003
   151991089331672.59       3.73899939400169261E-003
   174752842907909.34       4.90706743932728482E-003
   200923332010310.69       6.42555459303436379E-003
   231013039183572.44       8.38940269134089318E-003
   265608676666986.31       1.09122964678978022E-002
   305385477218835.88       1.41257318867104836E-002
   351119138374773.81       1.81742690319509972E-002
   403701742649337.38       2.32053757634851469E-002
   464158968299122.44       2.93519170919760326E-002
   533670096241432.13       3.67068152331085570E-002
   613590507879478.13       4.52919409012265128E-002
   705480078501565.13       5.50277595275434905E-002
   811130770067801.25       6.57131848880534997E-002
   932603408941369.13       7.70279664122523328E-002
   1072267444984686.6       8.85634540534743081E-002
   1232847170137538.0       9.98782347205258297E-002
   1417473691312555.0       0.11056359798132939     
   1629750522831596.8       0.12029942082116800     
   1873817329343428.3       0.12888459830067112     
   2154434887155150.0       0.13623949401485658     
   2477076932903381.0       0.14238603304000622     
   2848036934466959.0       0.14741713769975781     
   3274548155099386.0       0.15146565177631391     
   3764935180467992.0       0.15467909018986581     
   4328761173064908.5       0.15720199953039171     
   4977024143907061.0       0.15916584664704231     
   5722369134884675.0       0.16068433302418242     
   6579334873423966.0       0.16185240046174473     
   7564631136212340.0       0.16274734024970108     
   8697488796320660.0       0.16343093644033974     
   10000000000000000.       0.16395187905887360     
