   10000000000.000000       1.65591397849296737E-013
   11497569952.483057       2.18902082592024052E-013
   13219411481.224125       2.89375670387964327E-013
   15199111019.165558       3.82537615795133988E-013
   17475283990.992023       5.05692202010677147E-013
   20092329754.071892       6.68495312919234914E-013
   23101297577.291988       8.83711529696443691E-013
   26560876780.050396       1.16821448386329730E-012
   30538555056.582207       1.54431091526904933E-012
   35111918656.404129       2.04148830198587228E-012
   40370171494.636261       2.69872704255791708E-012
   46415888866.989273       3.56755860050545683E-012
   53366994975.459671       4.71610287639744179E-012
   61359071840.972931       6.23440964886844044E-012
   70548017532.502045       8.24152158857903481E-012
   81113088139.126205       1.08948095948714849E-011
   93260334494.390274       1.44022952510146293E-011
   107226715065.85367       1.90389842695025954E-011
   123284683173.39403       2.51684238477367548E-011
   141747417766.47531       3.32711708351796384E-011
   162975074650.63422       4.39825241112908403E-011
   187381758651.50677       5.81423248742201215E-011
   215443473931.26987       7.68607218006078258E-011
   247707625297.17838       1.01605337734178113E-010
   284803615271.07379       1.34316314813707404E-010
   327454860451.40137       1.77558167417352156E-010
   376493569718.56769       2.34721514055161599E-010
   432876176716.47656       3.10288115469929629E-010
   497702277776.62152       4.10182405702460476E-010
   572236756415.44592       5.42237153391106436E-010
   657933306746.56567       7.16805807257079819E-010
   756463217441.84448       9.47574578435050380E-010
   869748999000.55615       1.25263817842124379E-009
   1000000137244.7760       1.65591441646659210E-009
   1149756842381.3772       2.18902021489933479E-009
   1321941159461.7566       2.89375670295960004E-009
   1519911310516.4146       3.82537711961483852E-009
   1747528189239.9788       5.05692065112820461E-009
   2009233044346.3679       6.68495331808403842E-009
   2310130074782.4399       8.83711725109706332E-009
   2656087495737.9795       1.16821424112503850E-008
   3053855610439.6440       1.54431087723479209E-008
   3511192347533.1538       2.04148861069394229E-008
   4037016872433.8975       2.69872623239071290E-008
   4641589045957.3760       3.56755807678954198E-008
   5336700229980.0938       4.71610282788930858E-008
   6135906763036.7334       6.23440644624951029E-008
   7054802721484.8896       8.24151974937665941E-008
   8111309927147.3818       1.08948054180425748E-007
   9326032809464.4082       1.44022807492602129E-007
   10722668563324.676       1.90389519295374446E-007
   12328464933304.355       2.51683717809561664E-007
   14174740803943.002       3.32710994261876143E-007
   16297509701811.182       4.39824193745309578E-007
   18738178436867.426       5.81421367058153110E-007
   21544354785250.574       7.68604178252423708E-007
   24770755730403.730       1.01604658580964597E-006
   28480353709547.316       1.34315151714605273E-006
   32745490539287.035       1.77556312467594611E-006
   37649362139034.336       2.34718251745187360E-006
   43287623612647.047       3.10282387093873712E-006
   49770255100482.820       4.10172696783034908E-006
   57223659934246.734       5.42219102269186687E-006
   65793312615078.430       7.16774389405735025E-006
   75646332126246.938       9.47520623343945805E-006
   86974911836906.266       1.25254378136421495E-005
   100000027448957.08       1.65574931253483192E-005
   114975652678520.16       2.18872970516076691E-005
   132194079660279.48       2.89324956160880937E-005
   151991089331672.59       3.82449160099155718E-005
   174752842907909.34       5.05537835407628865E-005
   200923332010310.69       6.68225778305448376E-005
   231013039183572.44       8.83240655585369554E-005
   265608676666986.31       1.16739011219932001E-004
   305385477218835.88       1.54287128723145040E-004
   351119138374773.81       2.03897399969842704E-004
   403701742649337.38       2.69433631576347827E-004
   464158968299122.44       3.55989027075542461E-004
   533670096241432.13       4.70271196453070416E-004
   613590507879478.13       6.21102129117573625E-004
   705480078501565.13       8.20070424615459222E-004
   811130770067801.25       1.08235945908242027E-003
   932603408941369.13       1.42781134629433692E-003
   1072267444984686.6       1.88225806954330594E-003
   1232847170137538.0       2.47916267230183143E-003
   1417473691312555.0       3.26158206146296044E-003
   1629750522831596.8       4.28445243097969573E-003
   1873817329343428.3       5.61700702676932919E-003
   2154434887155150.0       7.34514189031946086E-003
   2477076932903381.0       9.57314008518258229E-003
   2848036934466959.0       1.24238974828576702E-002
   3274548155099386.0       1.60362937322305193E-002
   3764935180467992.0       2.05580898459070335E-002
   4328761173064908.5       2.61321209745848659E-002
   4977024143907061.0       3.28748980314799849E-002
   5722369134884675.0       4.08478945092705312E-002
   6579334873423966.0       5.00256803007745054E-002
   7564631136212340.0       6.02691998660405542E-002
   8697488796320660.0       7.13159208608970946E-002
   10000000000000000.       8.27956989247311675E-002
