  1.02329312358051538E-003   4821.5633086508824        0.0000000000000000        4821.5633086508824     
  1.04712857864797115E-003   4925.5540196015718        0.0000000000000000        4925.5540196015718     
  1.07151933480054140E-003   5031.6321320858788        0.0000000000000000        5031.6321320858788     
  1.09647831413894892E-003   5139.8376851105977        0.0000000000000000        5139.8376851105977     
  1.12201855517923832E-003   5250.1985106480624        0.0000000000000000        5250.1985106480624     
  1.14815367851406336E-003   5362.7507414474630        0.0000000000000000        5362.7507414474630     
  1.17489765398204327E-003   5477.5256274414232        0.0000000000000000        5477.5256274414232     
  1.20226445142179728E-003   5594.5573482455784        0.0000000000000000        5594.5573482455784     
  1.23026873916387558E-003   5713.8781303456853        0.0000000000000000        5713.8781303456853     
  1.25892553478479385E-003   5835.5226416284668        0.0000000000000000        5835.5226416284668     
  1.28824950661510229E-003   5959.5182257571969        0.0000000000000000        5959.5182257571969     
  1.31825683638453484E-003   6085.9015037319932        0.0000000000000000        6085.9015037319932     
  1.34896300733089447E-003   6214.7037254538909        0.0000000000000000        6214.7037254538909     
  1.38038443401455879E-003   6345.9551642545794        0.0000000000000000        6345.9551642545794     
  1.41253764741122723E-003   6479.6885348650376        0.0000000000000000        6479.6885348650376     
  1.44543987698853016E-003   6615.9292277902914        0.0000000000000000        6615.9292277902914     
  1.47910846862941980E-003   6754.7153288392719        0.0000000000000000        6754.7153288392719     
  1.51356135029345751E-003   6896.0678339698234        0.0000000000000000        6896.0678339698234     
  1.54881668277084827E-003   7040.0209227237165        0.0000000000000000        7040.0209227237165     
  1.58489320892840624E-003   7186.6014504149161        0.0000000000000000        7186.6014504149161     
  1.62181013729423285E-003   7335.8377371907864        0.0000000000000000        7335.8377371907864     
  1.65958702564239502E-003   7487.7517555323629        0.0000000000000000        7487.7517555323629     
  1.69824366457760334E-003   7642.3718255651256        0.0000000000000000        7642.3718255651256     
  1.73780089244246483E-003   7799.7243142770276        0.0000000000000000        7799.7243142770276     
  1.77827954757958651E-003   7959.8277761443114        0.0000000000000000        7959.8277761443114     
  1.81970093399286270E-003   8122.7095546911942        0.0000000000000000        8122.7095546911942     
  1.86208705417811871E-003   8288.3838098347787        0.0000000000000000        8288.3838098347787     
  1.90546084195375443E-003   8456.8759319438723        0.0000000000000000        8456.8759319438723     
  1.94984464906156063E-003   8628.2020340292784        0.0000000000000000        8628.2020340292784     
  1.99526245705783367E-003   8802.3757876774325        0.0000000000000000        8802.3757876774325     
  2.04173801466822624E-003   8979.4167238314803        0.0000000000000000        8979.4167238314803     
  2.08929623477160931E-003   9159.3355843529680        0.0000000000000000        9159.3355843529680     
  2.13796226307749748E-003   9342.1421345208328        0.0000000000000000        9342.1421345208328     
  2.18776171095669270E-003   9527.8480927171095        0.0000000000000000        9527.8480927171095     
  2.23872135393321514E-003   9716.4602944879862        0.0000000000000000        9716.4602944879862     
  2.29086773470044136E-003   9907.9806925446828        0.0000000000000000        9907.9806925446828     
  2.34422879293560982E-003   10102.418075507689        0.0000000000000000        10102.418075507689     
  2.39883293397724628E-003   10299.768536659914        0.0000000000000000        10299.768536659914     
  2.45470902882516384E-003   10500.033052067130        0.0000000000000000        10500.033052067130     
  2.51188641414046288E-003   10703.203808703984        0.0000000000000000        10703.203808703984     
  2.57039582356810570E-003   10909.281782572045        0.0000000000000000        10909.281782572045     
  2.63026799075305462E-003   11118.246465269416        0.0000000000000000        11118.246465269416     
  2.69153481349349022E-003   11330.091020229222        0.0000000000000000        11330.091020229222     
  2.75422865524888039E-003   11544.794938974959        0.0000000000000000        11544.794938974959     
  2.81838281080126762E-003   11762.346502049744        0.0000000000000000        11762.346502049744     
  2.88403150625526905E-003   11982.716411833215        0.0000000000000000        11982.716411833215     
  2.95120943337678909E-003   12205.888065969813        0.0000000000000000        12205.888065969813     
  3.01995174959301949E-003   12431.818494877485        0.0000000000000000        12431.818494877485     
  3.09029547497630119E-003   12660.487189852869        0.0000000000000000        12660.487189852869     
  3.16227786242961884E-003   12891.853134334942        0.0000000000000000        12891.853134334942     
  3.23593663051724434E-003   13125.872382022268        0.0000000000000000        13125.872382022268     
  3.31131112761795521E-003   13362.506845926204        0.0000000000000000        13362.506845926204     
  3.38844140060245991E-003   13601.699884316422        0.0000000000000000        13601.699884316422     
  3.46736819483339787E-003   13843.410480393215        0.0000000000000000        13843.410480393215     
  3.54813435114920139E-003   14087.573203232150        0.0000000000000000        14087.573203232150     
  3.63078061491250992E-003   14334.125551534653        0.0000000000000000        14334.125551534653     
  3.71535238809883595E-003   14583.003070791368        0.0000000000000000        14583.003070791368     
  3.80189390853047371E-003   14834.135447049619        0.0000000000000000        14834.135447049619     
  3.89045127667486668E-003   15087.444553775498        0.0000000000000000        15087.444553775498     
  3.98107152432203293E-003   15342.852264349787        0.0000000000000000        15342.852264349787     
  4.07380331307649612E-003   15600.268733316841        0.0000000000000000        15600.268733316841     
  4.16869437322020531E-003   15859.608021383578        0.0000000000000000        15859.608021383578     
  4.26579546183347702E-003   16120.773446968913        0.0000000000000000        16120.773446968913     
  4.36515826731920242E-003   16383.655633085018        0.0000000000000000        16383.655633085018     
  4.46683587506413460E-003   16648.153015130865        0.0000000000000000        16648.153015130865     
  4.57088137045502663E-003   16914.154262780099        0.0000000000000000        16914.154262780099     
  4.67735109850764275E-003   17181.532420589945        0.0000000000000000        17181.532420589945     
  4.78630140423774719E-003   17450.172251743756        0.0000000000000000        17450.172251743756     
  4.89778816699981689E-003   17719.940941195491        0.0000000000000000        17719.940941195491     
  5.01187238842248917E-003   17990.693955005743        0.0000000000000000        17990.693955005743     
  5.12861367315053940E-003   18262.298477853736        0.0000000000000000        18262.298477853736     
  5.24807441979646683E-003   18534.598256787274        0.0000000000000000        18534.598256787274     
  5.37031749263405800E-003   18807.444851205379        0.0000000000000000        18807.444851205379     
  5.49540948122739792E-003   19080.674195352240        0.0000000000000000        19080.674195352240     
  5.62341324985027313E-003   19354.112457734289        0.0000000000000000        19354.112457734289     
  5.75439957901835442E-003   19627.587759772472        0.0000000000000000        19627.587759772472     
  5.88843645527958870E-003   19900.912597765669        0.0000000000000000        19900.912597765669     
  6.02559605613350868E-003   20173.918999045283        0.0000000000000000        20173.918999045283     
  6.16594962775707245E-003   20446.394068958860        0.0000000000000000        20446.394068958860     
  6.30957307294011116E-003   20718.140537626550        0.0000000000000000        20718.140537626550     
  6.45654276013374329E-003   20988.947463129072        0.0000000000000000        20988.947463129072     
  6.60693505778908730E-003   21258.598044000450        0.0000000000000000        21258.598044000450     
  6.76082959398627281E-003   21526.869619195113        0.0000000000000000        21526.869619195113     
  6.91830972209572792E-003   21793.531714955105        0.0000000000000000        21793.531714955105     
  7.07945739850401878E-003   22058.357763587384        0.0000000000000000        22058.357763587384     
  7.24435923621058464E-003   22321.084087843970        0.0000000000000000        22321.084087843970     
  7.41310277953743935E-003   22581.468494611108        0.0000000000000000        22581.468494611108     
  7.58577603846788406E-003   22839.245353114151        0.0000000000000000        22839.245353114151     
  7.76247121393680573E-003   23094.154891698276        0.0000000000000000        23094.154891698276     
  7.94328283518552780E-003   23345.908041664930        0.0000000000000000        23345.908041664930     
  8.12830496579408646E-003   23594.237218456525        0.0000000000000000        23594.237218456525     
  8.31763725727796555E-003   23838.835774833711        0.0000000000000000        23838.835774833711     
  8.51138029247522354E-003   24079.420500800203        0.0000000000000000        24079.420500800203     
  8.70963651686906815E-003   24315.674983097666        0.0000000000000000        24315.674983097666     
  8.91250930726528168E-003   24547.276948918010        0.0000000000000000        24547.276948918010     
  9.12010762840509415E-003   24773.917797039150        0.0000000000000000        24773.917797039150     
  9.33254323899745941E-003   24995.261582350151        0.0000000000000000        24995.261582350151     
  9.54992510378360748E-003   25210.948922200914        0.0000000000000000        25210.948922200914     
  9.77237150073051453E-003   25420.655589804315        0.0000000000000000        25420.655589804315     
  1.00000007078051567E-002   26018.352035771673        394.32592743882350        25624.026108332851     
  1.02329300716519356E-002   26214.999562876645        394.32581190001463        25820.673750976632     
  1.04712853208184242E-002   26404.576543984054        394.32569091595070        26010.250853068104     
  1.07151931151747704E-002   26586.680626779573        394.32556422985976        26192.355062549712     
  1.09647810459136963E-002   26760.925083839396        394.32543157394338        26366.599652265453     
  1.12201841548085213E-002   26926.929046929927        394.32529266538342        26532.603754264543     
  1.14815356209874153E-002   27084.276491766006        394.32514721075069        26689.951344555255     
  1.17489742115139961E-002   27232.533815975687        394.32499490144147        26838.208821074244     
  1.20226424187421799E-002   27371.318198236742        394.32483541401143        26976.993362822730     
  1.23026892542839050E-002   27500.182364402535        394.32466840781427        27105.857695994720     
  1.25892553478479385E-002   27618.696618777107        394.32449353330253        27224.372125243804     
  1.28824962303042412E-002   27726.421500026863        394.32431041745093        27332.097189609412     
  1.31825683638453484E-002   27822.915594015172        394.32411867123659        27428.591475343936     
  1.34896291419863701E-002   27907.721862087012        394.32391788905358        27513.397944197957     
  1.38038434088230133E-002   27980.402797031260        394.32370764369858        27586.079089387560     
  1.41253750771284103E-002   28040.513079776545        394.32348749104580        27646.189592285500     
  1.44543973729014397E-002   28087.589813670525        394.32325696227343        27693.266556708251     
  1.47910835221409798E-002   28121.193540175682        394.32301556925768        27726.870524606424     
  1.51356114074587822E-002   28140.880895277940        394.32276280047301        27746.558132477468     
  1.54881644994020462E-002   28146.214375128275        394.32249811922264        27751.891877009053     
  1.58489309251308441E-002   28136.779914161416        394.32222096317957        27742.457693198237     
  1.62180978804826736E-002   28112.138057662163        394.32193074767707        27717.816126914488     
  1.65958721190690994E-002   28071.931382231331        394.32162684835708        27677.609755382975     
  1.69824380427598953E-002   28015.763404478948        394.32130863343377        27621.442095845516     
  1.73780079931020737E-002   27943.274750831915        394.32097542212875        27548.953775409787     
  1.77827961742877960E-002   27854.190032933449        394.32062650383136        27459.869406429618     
  1.81970093399286270E-002   27748.194802436596        394.32026114527065        27353.874541291327     
  1.86208710074424744E-002   27625.058595955674        394.31987856820530        27230.738717387467     
  1.90546065568923950E-002   27484.574389400070        394.31947796059535        27090.254911439475     
  1.94984450936317444E-002   27326.621097276595        394.31905847355108        26932.302038803045     
  1.99526231735944748E-002   27151.089354760974        394.31861921617019        26756.770735544804     
  2.04173792153596878E-002   26957.992844665474        394.31815925913730        26563.674685406335     
  2.08929590880870819E-002   26747.366736045784        394.31767762756931        26353.049058418215     
  2.13796179741621017E-002   26519.337995697973        394.31717329692555        26125.020822401049     
  2.18776129186153412E-002   26274.135153802927        394.31664519854399        25879.818508604381     
  2.23872140049934387E-002   26012.049241478802        394.31609220574148        25617.733149273059     
  2.29086782783269882E-002   25733.490431379803        394.31551315999042        25339.174918219815     
  2.34422907233238220E-002   25438.925536925952        394.31490682397657        25044.610630101975     
  2.39883307367563248E-002   25128.954183930116        394.31427191577990        24734.639912014336     
  2.45470888912677765E-002   24804.250216889941        394.31360708774793        24409.936609802193     
  2.51188632100820541E-002   24465.604666704898        394.31291092780208        24071.291755777096     
  2.57039573043584824E-002   24113.898407067332        394.31218195888061        23719.586225108451     
  2.63026785105466843E-002   23750.102154062159        394.31141863860285        23355.790735423554     
  2.69153453409671783E-002   23375.262793753598        394.31061934687500        22980.952174406724     
  2.75422856211662292E-002   22990.524865528670        394.30978238461199        22596.215083144059     
  2.81838253140449524E-002   22597.089547261414        394.30890598551906        22202.780641275895     
  2.88403108716011047E-002   22196.230278299987        394.30798828246714        21801.922290017519     
  2.95120887458324432E-002   21789.245885886605        394.30702733141163        21394.938858555193     
  3.01995202898979187E-002   21377.489879902452        394.30602108676464        20983.183858815686     
  3.09029556810855865E-002   20962.335297986490        394.30496743571200        20568.030330550777     
  3.16227786242961884E-002   20545.164937554822        394.30386412807792        20150.861073426746     
  3.23593653738498688E-002   20127.328389595306        394.30270883251308        19733.025680762792     
  3.31131108105182648E-002   19710.196722564142        394.30149909242016        19315.895223471722     
  3.38844172656536102E-002   19295.066782427595        394.30023233788046        18900.766550089716     
  3.46736833453178406E-002   18883.233455670063        394.29890589985837        18488.934549770205     
  3.54813374578952789E-002   18475.874437358478        394.29751694912051        18081.576920409356     
  3.63078005611896515E-002   18074.175227457046        394.29606255296824        17679.879164904080     
  3.71535196900367737E-002   17679.208040066307        394.29453961181866        17284.913500454488     
  3.80189344286918640E-002   17291.955241403881        394.29294491224817        16897.662296491631     
  3.89045067131519318E-002   16913.346455903244        394.29127506751001        16519.055180835734     
  3.98107096552848816E-002   16544.212670206947        394.28952653010492        16149.923143676842     
  4.07380312681198120E-002   16185.290139102081        394.28769557719528        15791.002443524885     
  4.16869409382343292E-002   15837.238940719933        394.28577837083725        15442.953162349097     
  4.26579527556896210E-002   15500.611725489223        394.28377082487600        15106.327954664348     
  4.36515845358371735E-002   15175.878130868221        394.28166867675225        14781.596462191468     
  4.46683615446090698E-002   14863.401345368044        394.27946747279861        14469.121877895244     
  4.57088202238082886E-002   14563.450803393147        394.27716255220855        14169.173640840938     
  4.67735119163990021E-002   14276.150431535325        394.27474902957323        13881.875682505752     
  4.78630065917968750E-002   14001.556768975464        394.27222177589300        13607.284547199572     
  4.89778779447078705E-002   13739.542766889288        394.26957544266759        13345.273191446620     
  5.01187145709991455E-002   13489.859308925656        394.26680442642254        13095.592504499233     
  5.12861311435699463E-002   13252.071741581043        394.26390282916390        12857.807838751880     
  5.24807386100292206E-002   13025.588196811461        394.26086451987857        12631.327332291583     
  5.37031851708889008E-002   12809.587334874870        394.25768301971368        12415.329651855156     
  5.49540929496288300E-002   12603.042764472206        394.25435165297029        12208.788412819236     
  5.62341324985027313E-002   12404.690821870980        394.25086334100348        12010.439958529976     
  5.75439929962158203E-002   12213.021791554047        394.24721066202790        11818.774580892019     
  5.88843636214733124E-002   12026.279915700259        394.24338588913810        11632.036529811121     
  6.02559559047222137E-002   11842.468285058358        394.23938091416733        11448.228904144191     
  6.16595000028610229E-002   11659.391813254626        394.23518724091122        11265.156626013715     
  6.30957260727882385E-002   11474.667989371124        394.23079602524513        11080.437193345879     
  6.45654201507568359E-002   11285.780590547722        394.22619788680902        10891.554392660913     
  6.60693421959877014E-002   11090.201750141436        394.22138314209093        10695.980366999345     
  6.76082894206047058E-002   10885.454453720151        394.21634159145907        10491.238112128693     
  6.91830888390541077E-002   10669.211163730934        394.21106251728435        10275.000101213649     
  7.07945674657821655E-002   10439.477388236552        394.20553476186660        10045.271853474685     
  7.24435970187187195E-002   10194.686385643337        394.19974655415734        9800.4866390891802     
  7.41310343146324158E-002   9933.8641687432209        394.19368569295239        9539.6704830502695     
  7.58577585220336914E-002   9656.7544622753121        394.18733939863495        9262.5671228766769     
  7.76247158646583557E-002   9363.9026431195398        394.18069411732296        8969.7219490022162     
  7.94328227639198303E-002   9056.7523715619718        394.17373585130207        8662.5786357106699     
  8.12830477952957153E-002   8737.6338281831049        394.16644982741485        8343.4673783556900     
  8.31763744354248047E-002   8409.7485340792209        394.15882060628343        8015.5897134729366     
  8.51137936115264893E-002   8077.0335872713504        394.15083208635889        7682.8827551849918     
  8.70963484048843384E-002   7744.0254102436611        394.14246728879925        7349.8829429548623     
  8.91250818967819214E-002   7415.6175756428265        394.13370853800171        7021.4838671048246     
  9.12010669708251953E-002   7096.8020423366270        394.12453730543268        6702.6775050311944     
  9.33254137635231018E-002   6792.3860004841436        394.11493413658451        6398.2710663475591     
  9.54992398619651794E-002   6506.7106904629418        394.10487874589336        6112.6058117170487     
  9.77237299084663391E-002   6243.3678002061743        394.09434970116837        5849.2734505050057     
  0.10000000149011612        6004.9915565409747        394.08332501636244        5610.9082315246123     
  0.10232930630445480        5793.0313021458178        394.07178115214418        5398.9595209936733     
  0.10471285879611969        5607.6539542697074        394.05969378867269        5213.5942604810343     
  0.10715192556381226        5447.6459857363079        394.04703734629697        5053.5989483900112     
  0.10964781790971756        5310.4350157677372        394.03378496183245        4916.4012308059046     
  0.11220183968544006        5192.1328923934170        394.01990871322141        4798.1129836801956     
  0.11481535434722900        5087.7256915256075        394.00537921116393        4693.7203123144436     
  0.11748974770307541        4991.3457102537113        393.99016573792471        4597.3555445157863     
  0.12022642791271210        4896.6971772324287        393.97423619324064        4502.7229410391883     
  0.12302686274051666        4797.5648868278531        393.95755681395161        4403.6073300139014     
  0.12589251995086670        4688.4452710483783        393.94009245751357        4294.5051785908645     
  0.12882491946220398        4565.1944579382571        393.92180622805216        4171.2726517102046     
  0.13182564079761505        4425.5888729098842        393.90265934415709        4031.6862135657275     
  0.13489626348018646        4269.7059098042919        393.88261143924086        3875.8232983650514     
  0.13803839683532715        4100.0141579619194        393.86162030851199        3706.1525376534073     
  0.14125370979309082        3921.1249276639601        393.83964162684174        3527.2852860371181     
  0.14454393088817596        3739.1861120777276        393.81662884611308        3345.3694832316146     
  0.14791078865528107        3561.0560660242090        393.79253351964934        3167.2635325045599     
  0.15135616064071655        3393.3456257568791        393.76730413702995        2999.5783216198492     
  0.15488168597221375        3241.5191208536930        393.74088886946947        2847.7782319842236     
  0.15848934650421143        3109.1480087389627        393.71323120317663        2715.4347775357860     
  0.16218103468418121        2997.4708723555796        393.68427299815426        2603.7865993574251     
  0.16595870256423950        2905.2223443733296        393.65395328396187        2511.5683910893677     
  0.16982437670230865        2828.8075135596064        393.62220800527308        2435.1853055543334     
  0.17378009855747223        2762.7961067178021        393.58897037817843        2369.2071363396235     
  0.17782795429229736        2700.7404808549772        393.55417053306479        2307.1863103219125     
  0.18197008967399597        2636.2695033012128        393.51773525148616        2242.7517680497267     
  0.18620872497558594        2564.3108951776167        393.47958767996022        2170.8313074976563     
  0.19054608047008514        2482.1568851434135        393.43964785182754        2088.7172372915861     
  0.19498445093631744        2390.0682500602193        393.39783187844063        1996.6704181817788     
  0.19952622056007385        2291.1748891516327        393.35405162115393        1897.8208375304787     
  0.20417377352714539        2190.6284573401249        393.30821537630857        1797.3202419638164     
  0.20892958343029022        2094.2404425180052        393.26022685029074        1700.9802156677144     
  0.21379618346691132        2006.9780992102499        393.20998525086105        1613.7681139593888     
  0.21877613663673401        1931.7572631301664        393.15738541255962        1538.5998777176067     
  0.22387208044528961        1868.8089943449706        393.10231714502265        1475.7066771999480     
  0.22908672690391541        1815.7391292785928        393.04466500894728        1422.6944642696456     
  0.23442283272743225        1768.2811333836878        392.98430842460539        1375.2968249590824     
  0.23988322913646698        1721.5849186183391        392.92112112131639        1328.6637974970226     
  0.24547082185745239        1671.7290029633555        392.85497088937501        1278.8740320739805     
  0.25118857622146606        1616.9665548356691        392.78571950556665        1224.1808353301024     
  0.25703948736190796        1558.2035439111366        392.71322286151002        1165.4903210496266     
  0.26302671432495117        1498.4530533749084        392.63732903429440        1105.8157243406140     
  0.26915338635444641        1441.4875060927927        392.55788041413075        1048.9296256786620     
  0.27542293071746826        1390.2674604005547        392.47470916679083        997.79275123376385     
  0.28183832764625549        1345.8276152652907        392.38764681556751        953.43996844972321     
  0.28840318322181702        1307.0188758434824        392.29650967519501        914.72236616828752     
  0.29512095451354980        1271.1966994661293        392.20110879400659        878.99559067212272     
  0.30199518799781799        1235.5226573754417        392.10124647215031        843.42141090329130     
  0.30902954936027527        1198.3056809436614        391.99671544702665        806.30896549663476     
  0.31622776389122009        1159.6878874185243        391.88729937966804        767.80058803885618     
  0.32359367609024048        1121.3178606898680        391.77277157697949        729.54508911288849     
  0.33113113045692444        1085.2277785871893        391.65289645261123        693.57488213457816     
  0.33884415030479431        1052.6142263179033        391.52742633204014        661.08679998586319     
  0.34673681855201721        1023.2486801175204        391.39610286796369        631.85257724955670     
  0.35481336712837219        995.79801564952254        391.25865511667411        604.53936053284838     
  0.36307802796363831        968.79845106995640        391.11480159216040        577.68364947779605     
  0.37153521180152893        941.59465044386457        390.96424675683102        550.63040368703355     
  0.38018935918807983        914.61853090880595        390.80668310837279        523.81184780043316     
  0.38904508948326111        888.85222241848987        390.64178800507057        498.21043441341925     
  0.39810711145401001        864.97442483479313        390.46922469662616        474.50520013816703     
  0.40738019347190857        842.87271010979077        390.28864239146839        452.58406771832239     
  0.41686928272247314        821.86049518259983        390.09967339171891        431.76082179088093     
  0.42657941579818726        801.32318035293656        389.90193419204411        411.42124616089239     
  0.43651571869850159        781.19192697250719        389.69502492185939        391.49690205064775     
  0.44668346643447876        761.84709209721643        389.47852749432860        372.36856460288783     
  0.45708805322647095        743.63163092505738        389.25200554124717        354.37962538381015     
  0.46773496270179749        726.50244589049714        389.01500441882234        337.48744147167480     
  0.47862994670867920        710.13401761032401        388.76704649091658        321.36697111940737     
  0.48977890610694885        694.28718685251101        388.50763286488291        305.77955398762805     
  0.50118732452392578        679.00487064145671        388.23625622014100        290.76861442131570     
  0.51286149024963379        664.45510160021672        387.95237147996897        276.50273012024780     
  0.52480751276016235        650.67342005977184        387.65541798161689        263.01800207815501     
  0.53703182935714722        637.52415766114427        387.34480653790939        250.17935112323488     
  0.54954093694686890        624.87876112337949        387.01992516108385        237.85883596229559     
  0.56234133243560791        612.74223008680224        386.68014008305323        226.06209000374895     
  0.57543998956680298        601.17304794304209        386.32478228458848        214.84826565845356     
  0.58884364366531372        590.15599256567020        385.95316573523388        204.20282683043629     
  0.60255962610244751        579.61027739156930        385.56456382536049        194.04571356620883     
  0.61659497022628784        569.49161034048132        385.15823332295838        184.33337701752293     
  0.63095730543136597        559.81524543934461        384.73338820748688        175.08185723185770     
  0.64565414190292358        550.58120127410166        384.28921927565017        166.29198199845143     
  0.66069340705871582        541.74444246052940        383.82487745225342        157.91956500827598     
  0.67608290910720825        533.26877826761029        383.33948920540655        149.92928906220376     
  0.69183081388473511        525.15462249835286        382.83214114385407        142.32248135449882     
  0.70794564485549927        517.39489125157536        382.30187855913510        135.09301269244025     
  0.72443580627441406        509.95544565202943        381.74772015731708        128.20772549471238     
  0.74131011962890625        502.81481840081403        381.16863971153197        121.64617868928205     
  0.75857734680175781        495.97167216460764        380.56358133650895        115.40809082809872     
  0.77624690532684326        489.40842643050860        379.93143380163349        109.47699262887508     
  0.79432803392410278        483.09905874205680        379.27105889649255        103.82799984556424     
  0.81283020973205566        477.03672098941439        378.58127646422389        98.455444525190515     
  0.83176350593566895        471.21176849870631        377.86084992334361        93.350918575362726     
  0.85113775730133057        465.60155135031169        377.10851693842540        88.493034411886299     
  0.87096327543258667        460.19671462938891        376.32296209080278        83.873752538586118     
  0.89125108718872070        454.98911285743287        375.50280573051890        79.486307126913985     
  0.91201096773147583        449.95985902516441        374.64668358368726        75.313175441477128     
  0.93325436115264893        445.10062721035382        373.75312858959961        71.347498620754223     
  0.95499265193939209        440.40220430551307        372.82063979248966        67.581564513023395     
  0.97723728418350220        435.84861434746176        371.84767837834755        64.000935969114238     
   1.0000000000000000        431.43397149387965        370.83265795688675        60.601313536992926     
   1.0232930183410645        427.14627202292115        369.77393656498464        57.372335457936487     
   1.0471285581588745        422.97454933743774        368.66983860246285        54.304710734974890     
   1.0715193748474121        418.91235873451285        367.51863123232619        51.393727502186657     
   1.0964782238006592        414.94703550314404        366.31855027814589        48.628485224998165     
   1.1220183372497559        411.07256181423475        365.06777918328402        46.004782630950750     
   1.1481535434722900        407.27840771028889        363.76444372963306        43.513963980655802     
   1.1748974323272705        403.55709591787775        362.40665528075095        41.150440637126820     
   1.2022643089294434        399.90049126002828        360.99246570525213        38.908025554776160     
   1.2302685976028442        396.30022448535681        359.51989971114546        36.780324774211373     
   1.2589251995086670        392.74946273066507        357.98693940196421        34.762523328700858     
   1.2882493734359741        389.23992252002267        356.39153349905735        32.848389020965328     
   1.3182563781738281        385.76529457832714        354.73162100425486        31.033673574072274     
   1.3489625453948975        382.31786199288473        353.00507625980367        29.312785733081061     
   1.3803838491439819        378.89141307419283        351.20979288397092        27.681620190221903     
   1.4125372171401978        375.47906467192132        349.34361571886586        26.135448953055480     
   1.4454392194747925        372.07454640021604        347.40442205202584        24.670124348190221     
   1.4791078567504883        368.67182076604774        345.39002373974387        23.281797026303860     
   1.5135607719421387        365.26456491183143        343.29827920384213        21.966285707989279     
   1.5488159656524658        361.84750427619264        341.12706037298693        20.720443903205698     
   1.5848925113677979        358.41454010873815        338.87421660064712        19.540323508091056     
   1.6218103170394897        354.96047728167048        336.53759652193997        18.422880759730507     
   1.6595871448516846        351.48025694717376        334.11524900040865        17.365007946765125     
   1.6982438564300537        347.96858370839658        331.60510201490155        16.363481693495054     
   1.7378009557723999        344.42087635556294        329.00519238515159        15.415683970411370     
   1.7782795429229736        340.83244477977001        326.31361799956210        14.518826780207926     
   1.8197008371353149        337.19883189106474        323.52858317531548        13.670248715749295     
   1.8620871305465698        333.51593726665129        320.64834926949493        12.867587997156358     
   1.9054607152938843        329.77983046695539        317.67132194853900        12.108508518416373     
   1.9498445987701416        325.98675674533263        314.59601923721601        11.390737508116596     
   1.9952621459960938        322.13327627791426        311.42111289375737        10.712163384156907     
   2.0417377948760986        318.21619956344466        308.14539597157358        10.070803591871094     
   2.0892961025238037        314.23263322352204        304.76786774871726        9.4647654748047572     
   2.1379618644714355        310.17995471018577        301.28774539383846        8.8922093163473228     
   2.1877613067626953        306.05579333871890        297.70439819399542        8.3513951447234849     
   2.2387208938598633        301.85814043778413        294.01745228154527        7.8406881562388300     
   2.2908673286437988        297.58534733332249        290.22681178933959        7.3585355439828684     
   2.3442282676696777        293.23608790144232        286.33262763870289        6.9034602627394026     
   2.3988323211669922        288.80936578738925        282.33531761162624        6.4740481757630421     
   2.4547083377838135        284.30459788544289        278.23563908453889        6.0689588009040154     
   2.5118856430053711        279.72161816862354        274.03469190449096        5.6869262641325902     
   2.5703949928283691        275.06060662618290        269.73386768571021        5.3267389404726773     
   2.6302671432495117        270.32222435406447        265.33497351892152        4.9872508351429694     
   2.6915338039398193        265.50754944840696        260.84017939412314        4.6673700542838228     
   2.7542276382446289        260.61809805962213        256.25203436720557        4.3660636924165450     
   2.8183817863464355        255.65586661087613        251.57351596097010        4.0823506499060400     
   2.8840317726135254        250.62319283691997        246.80790409335071        3.8152887435692522     
   2.9512095451354980        245.52322605781745        241.95922354288714        3.5640025149303129     
   3.0199520587921143        240.35927427677046        237.03162798615310        3.3276462906173760     
   3.0902955532073975        235.13523805807148        232.02982012235466        3.1054179357168250     
   3.1622776985168457        229.85545864177962        226.95889810156382        2.8965605402158117     
   3.2359366416931152        224.52477586344972        221.82442127612927        2.7003545873204424     
   3.3113112449645996        219.14850005082613        216.63238618267539        2.5161138681507369     
   3.3884415626525879        213.73236854064336        211.38918309936167        2.3431854412816970     
   3.4673683643341064        208.28257092945447        206.10161430948736        2.1809566199671107     
   3.5481336116790771        202.80568168541072        200.77684262393140        2.0288390614793110     
   3.6307802200317383        197.30865862601701        195.42238425834583        1.8862743676711815     
   3.7153520584106445        191.79881563109953        190.04608045531080        1.7527351757887393     
   3.8018934726715088        186.28381205586504        184.65609376071046        1.6277182951545788     
   3.8904509544372559        180.77151439154210        179.26076644523971        1.5107479463023847     
   3.9810709953308105        175.27008107490411        173.86871275631199        1.4013683185921306     
   4.0738019943237305        169.78780779394214        168.48865648761097        1.2991513063311557     
   4.1686930656433105        164.33313942654570        163.12945438386726        1.2036850426784460     
   4.2657942771911621        158.91461189923234        157.80002791226028        1.1145839869720542     
   4.3651571273803711        153.54075910861795        152.50928174980993        1.0314773588080106     
   4.4668345451354980        148.22006263637346        147.26604891698850       0.95401371938495516     
   4.5708804130554199        142.96091873034374        142.07905775479804       0.88186097554568554     
   4.6773500442504883        137.77155029685937        136.95684791899811       0.81470237786125466     
   4.7862992286682129        132.65999377836221        131.90775606359503       0.75223771476718082     
   4.8977861404418945        127.63394765366317        126.93976679429400       0.69418085936916485     
   5.0118703842163086        122.70076617231436        122.06050498813092       0.64026118418344669     
   5.1286115646362305        117.86746030545650        117.27723886427458       0.59022144118192654     
   5.2480750083923340        113.14041280240470        112.59659627241122       0.54381652999347607     
   5.3703184127807617        108.52585934966372        108.02504177479149       0.50081757487222855     
   5.4954090118408203        104.02915794804655        103.56815492795285       0.46100302009369859     
   5.6234135627746582        99.655157046918049        99.230991937867586       0.42416510905046806     
   5.7543997764587402        95.408095773644121        95.017988484400860       0.39010728924326132     
   5.8884367942810059        91.291553790908225        90.932911370688458       0.35864242021976678     
   6.0255961418151855        87.308402121399908        86.978807725589547       0.32959439581036570     
   6.1659498214721680        83.460842219868454        83.158045443458107       0.30279677641034741     
   6.3095731735229492        79.750315113331482        79.472223658964438       0.27809145436704485     
   6.4565420150756836        76.177581637386567        75.922250888569764       0.25533074881680323     
   6.6069340705871582        72.742684833867159        72.508310688914619       0.23437414495254416     
   6.7608289718627930        69.444968344791320        69.229877680623872       0.21509066416745462     
   6.9183082580566406        66.283098039368269        66.085741811134710       0.19735622823356064     
   7.0794563293457031        63.255078514699939        63.074023803450501       0.18105471124944039     
   7.2443580627441406        60.358339859123028        60.192262211510844       0.16607764761218577     
   7.4131007194519043        57.589747304847251        57.437424175679418       0.15232312916783453     
   7.5857739448547363        54.945661513729469        54.805965595778204       0.13969591795126368     
   7.7624692916870117        52.422012225561026        52.293904633791165       0.12810759176986367     
   7.9432802200317383        50.014367768249294        49.896892269025528       0.11747549922376244     
   8.1283025741577148        47.718005032623466        47.610282144247400       0.10772288837606384     
   8.3176355361938477        45.527979394663888        45.429200817914264       9.87785767496211081E-002
   8.5113773345947266        43.439254401644305        43.348677843941736       9.05765577025721691E-002
   8.7096319198608398        41.446706221646281        41.363650149629350       8.30560720169278566E-002
   8.9125061035156250        39.545238575442767        39.469077999689716       7.61605757530520872E-002
   9.1201047897338867        37.729897347888077        37.660058992052221       6.98383558358557782E-002
   9.3325443267822266        35.995817732688067        35.931776172533056       6.40415601550115426E-002
   9.5499267578125000        34.338494940409539        34.279768321665280       5.87266187442592805E-002
   9.7723722457885742        32.753564013377158        32.699710870783377       5.38531425937803440E-002
   10.000000000000000        31.236995406692309        31.187611165730758       4.93842409615512581E-002
   10.232924461364746        29.785130454597251        29.739844282292697       4.52861723045533821E-002
   10.471285820007324        28.394503770888122        28.352975947361770       4.15278235263507045E-002
   10.715187072753906        27.062215612533755        27.024134406522567       3.80812060111898332E-002
   10.964781761169434        25.785412561774965        25.750492490403431       3.49200713715325309E-002
   11.220177650451660        24.561790695457471        24.529769582968658       3.20211124888127308E-002
   11.481535911560059        23.389057001851000        23.359694690672892       2.93623111781064726E-002
   11.748968124389648        22.265386307575074        22.238462214528891       2.69240930461848160E-002
   12.022643089294434        21.188902951457177        21.164214886548173       2.46880649090031740E-002
   12.302679061889648        20.158095701826898        20.135457936197973       2.26377656289251557E-002
   12.589251518249512        19.171355962700265        19.150598240865133       2.07577218351302981E-002
   12.882499694824219        18.227297912097125        18.208263927062564       1.90339850345591817E-002
   13.182563781738281        17.324578970710828        17.307125202468495       1.74537682423343415E-002
   13.489633560180664        16.461745998936120        16.445740930160536       1.60050687755852530E-002
   13.803839683532715        15.637540161608756        15.622862999264841       1.46771623439152111E-002
   14.125379562377930        14.850534951969902        14.837075021824234       1.34599301456674262E-002
   14.454393386840820        14.099461292237535        14.087116996203104       1.23442960344308777E-002
   14.791087150573730        13.382908561169280        13.371586849822116       1.13217113471644863E-002
   15.135606765747070        12.699617572039918        12.689233033002232       1.03845390376850876E-002
   15.488168716430664        12.048209867690176        12.038684318946610       9.52554874356545747E-003
   15.848925590515137        11.427462240632353        11.418723923815634       8.73831681672005214E-003
   16.218103408813477        10.836059311259778        10.828042555363679       8.01675589609889688E-003
   16.595861434936523        10.272840230053072        10.265484779292565       7.35545076050748113E-003
   16.982439041137695        9.7365674075079482        9.7298181160613861       6.74929144656174953E-003
   17.378000259399414        9.2261594778600848        9.2199657523054004       6.19372555468375267E-003
   17.782794952392578        8.7404675123702962        8.7347830532388819       5.68445913141366142E-003
   18.196998596191406        8.2784818839922174        8.2732642214134540       5.21766257876342572E-003
   18.620872497558594        7.8391381877781772        7.8343484584664553       4.78972931172207649E-003
   19.054595947265625        7.4215020475617797        7.4171045984207886       4.39744914099062054E-003
   19.498443603515625        7.0245837068299437        7.0205459118613591       4.03779496858501508E-003
   19.952610015869141        6.6475069981962500        6.6437989395655110       3.70805863073861127E-003
   20.417377471923828        6.2893572018336759        6.2859514943375183       3.40570749615715356E-003
   20.892948150634766        5.9493195877467837        5.9461911153280322       3.12847241875169454E-003
   21.379617691040039        5.6265449909953897        5.6236707678500668       2.87422314532323215E-003
   21.877599716186523        5.3202751627452276        5.3176341101593012       2.64105258592595149E-003
   22.387208938598633        5.0297212572580881        5.0272940851839492       2.42717207413919783E-003
   22.908683776855469        4.7541739727835584        4.7519429921166489       2.23098066690928434E-003
   23.442281723022461        4.4929410506883363        4.4908900491744452       2.05100151389122536E-003
   23.988336563110352        4.2453247295130767        4.2434388686724658       1.88586084061107234E-003
   24.547082901000977        4.0107036775226730        4.0089693461466389       1.73433137603432540E-003
   25.118869781494141        3.7884353003353484        3.7868400387851682       1.59526155018034090E-003
   25.703950881958008        3.5779438824218670        3.5764762587127676       1.46762370909925255E-003
   26.302684783935547        3.3786414274060670        3.3772909775433595       1.35044986270735031E-003
   26.915338516235352        3.1899978653376975        3.1887549886296238       1.24287670807373481E-003
   27.542291641235352        3.0114726014509223        3.0103285060398024       1.14409541111997934E-003
   28.183816909790039        2.8425810681722985        2.8415276871166615       1.05338105563719075E-003
   28.840320587158203        2.6828260155116812        2.6818559615425230       9.70053969158099385E-004
   29.512079238891602        2.5317657744026816        2.5308722660096787       8.93508393002697006E-004
   30.199518203735352        2.3889457679985644        2.3881225939326072       8.23174065957228370E-004
   30.902938842773438        2.2539597827619127        2.2532012423812824       7.58540380630442460E-004
   31.622777938842773        2.1263950049137725        2.1256958739880534       6.99130925719323852E-004
   32.359348297119141        2.0058811453736194        2.0052366270399609       6.44518333658570240E-004
   33.113109588623047        1.8920418492081483        1.8914475484463464       5.94300761801816262E-004
   33.884395599365234        1.7845389736031971        1.7839908527815889       5.48120821608267454E-004
   34.673686981201172        1.6830306974052622        1.6825250564765848       5.05640928677520752E-004
   35.481319427490234        1.5872113077350671        1.5867447463044124       4.66561430654789981E-004
   36.307804107666016        1.4967695724345709        1.4963389734273571       4.30599007213823114E-004
   37.153499603271484        1.4114273231636218        1.4110298216459969       3.97501517624945430E-004
   38.018936157226563        1.3309032548469470        1.3305362232968012       3.67031550145872627E-004
   38.904487609863281        1.2549455190357299        1.2546065415237166       3.38977512013305361E-004
   39.810707092285156        1.1832998870324114        1.1829867475975342       3.13139434877295021E-004
   40.738040924072266        1.1157347086162970        1.1154453700574374       2.89338558859510901E-004
   41.686927795410156        1.0520303867970333        1.0517629766623424       2.67410134690922413E-004
   42.657966613769531       0.99196861594391661       0.99172141512499501       2.47200818921630369E-004
   43.651573181152344       0.93535437637024155       0.93512580296616232       2.28573404079233705E-004
   44.668369293212891       0.88199131795810226       0.88177991953445556       2.11398423646696077E-004
   45.708805084228516       0.83170304478901946       0.83150748413623143       1.95560652788040587E-004
   46.773525238037109       0.78431336460407053       0.78413241360580566       1.80950998264831455E-004
   47.862995147705078       0.73966392383360502       0.73949645142595410       1.67472407650920072E-004
   48.977890014648438       0.69759647022369653       0.69744143663605318       1.55033587643391553E-004
   50.118705749511719       0.65796851406603851       0.65782496175609539       1.43552309943130945E-004
   51.286148071289063       0.62063823995562239       0.62050528827401841       1.32951681603997142E-004
   52.480720520019531       0.58547837994875052       0.58535521726272799       1.23162686022541357E-004
   53.703186035156250       0.55236124234103590       0.55224712239193718       1.14119949098695451E-004
   54.954059600830078       0.52117326346853488       0.52106749779051698       1.05765678017876735E-004
   56.234134674072266       0.49180037679047400       0.49170233204006397       9.80447504100048040E-005
   57.543964385986328       0.46414073654670968       0.46404982834199882       9.09082047108813345E-005
   58.884365081787109       0.43809278215801184       0.43800847264325443       8.43095147573902050E-005
   60.255924224853516       0.41356540495440719       0.41348719757683472       7.82073775724445201E-005
   61.659500122070313       0.39046796177749832       0.39039539927221467       7.25625052836627169E-005
   63.095695495605469       0.36871940353755989       0.36865206360917130       6.73399283885739306E-005
   64.565414428710938       0.34823886671498749       0.34817636033272470       6.25063822627781814E-005
   66.069297790527344       0.32895403090366293       0.32889599859807545       5.80323055874934027E-005
   67.608291625976563       0.31079295280538449       0.31073906321898792       5.38895863965868922E-005
   69.183052062988281       0.29369145602676983       0.29364140290251028       5.00531242595512739E-005
   70.794563293457031       0.27758560769253443       0.27753910849891988       4.64991936145547780E-005
   72.443542480468750       0.26241806209194996       0.26237485561507545       4.32064768744863369E-005
   74.131011962890625       0.24813212380446903       0.24809196901939140       4.01547850776282753E-005
   75.857788085937500       0.23467639094316439       0.23463906494939127       3.73259937731304904E-005
   77.624694824218750       0.22200236190421918       0.22196765855592476       3.47033482944132652E-005
   79.432846069335938       0.21006248899735214       0.21003021798040364       3.22710169484961715E-005
   81.283027648925781       0.19881434288647365       0.19878432794013112       3.00149463425210847E-005
   83.176391601562500       0.18821585378913244       0.18818793211373364       2.79216753988185199E-005
   85.113777160644531       0.17822932809024750       0.17820334889496450       2.59791952830018967E-005
   87.096374511718750       0.16881757492520466       0.16879339879457339       2.41761306312763685E-005
   89.125061035156250       0.15994720761517003       0.15992470536906453       2.25022461055163802E-005
   91.201095581054688       0.15158523582624303       0.15156428800331082       2.09478229322093266E-005
   93.325386047363281       0.14370215179623078       0.14368264765547090       1.95041407598663329E-005
   95.499267578125000       0.13626869648908110       0.13625053354004765       1.81629490334448343E-005
   97.723678588867188       0.12925881203540238       0.12924189522359475       1.69168118076346468E-005
   100.00000762939453       0.12264663930163640       0.12263088066116198       1.57586404744186556E-005
