  1.02329312358051538E-003   4821.5632927713432        0.0000000000000000        4821.5632927713432     
  1.04712857864797115E-003   4925.5540026150275        0.0000000000000000        4925.5540026150275     
  1.07151933480054140E-003   5031.6321139157171        0.0000000000000000        5031.6321139157171     
  1.09647831413894892E-003   5139.8376656749342        0.0000000000000000        5139.8376656749342     
  1.12201855517923832E-003   5250.1984898594419        0.0000000000000000        5250.1984898594419     
  1.14815367851406336E-003   5362.7507192124394        0.0000000000000000        5362.7507192124394     
  1.17489765398204327E-003   5477.5256036601959        0.0000000000000000        5477.5256036601959     
  1.20226445142179728E-003   5594.5573228115200        0.0000000000000000        5594.5573228115200     
  1.23026873916387558E-003   5713.8781031449416        0.0000000000000000        5713.8781031449416     
  1.25892553478479385E-003   5835.5226125394065        0.0000000000000000        5835.5226125394065     
  1.28824950661510229E-003   5959.5181946499970        0.0000000000000000        5959.5181946499970     
  1.31825683638453484E-003   6085.9014704679685        0.0000000000000000        6085.9014704679685     
  1.34896300733089447E-003   6214.7036898850010        0.0000000000000000        6214.7036898850010     
  1.38038443401455879E-003   6345.9551262227815        0.0000000000000000        6345.9551262227815     
  1.41253764741122723E-003   6479.6884942016004        0.0000000000000000        6479.6884942016004     
  1.44543987698853016E-003   6615.9291843151696        0.0000000000000000        6615.9291843151696     
  1.47910846862941980E-003   6754.7152823602537        0.0000000000000000        6754.7152823602537     
  1.51356135029345751E-003   6896.0677842818241        0.0000000000000000        6896.0677842818241     
  1.54881668277084827E-003   7040.0208696079171        0.0000000000000000        7040.0208696079171     
  1.58489320892840624E-003   7186.6013936377867        0.0000000000000000        7186.6013936377867     
  1.62181013729423285E-003   7335.8376765032399        0.0000000000000000        7335.8376765032399     
  1.65958702564239502E-003   7487.7516906687297        0.0000000000000000        7487.7516906687297     
  1.69824366457760334E-003   7642.3717562420197        0.0000000000000000        7642.3717562420197     
  1.73780089244246483E-003   7799.7242401922185        0.0000000000000000        7799.7242401922185     
  1.77827954757958651E-003   7959.8276969756071        0.0000000000000000        7959.8276969756071     
  1.81970093399286270E-003   8122.7094700950011        0.0000000000000000        8122.7094700950011     
  1.86208705417811871E-003   8288.3837194449297        0.0000000000000000        8288.3837194449297     
  1.90546084195375443E-003   8456.8758353699541        0.0000000000000000        8456.8758353699541     
  1.94984464906156063E-003   8628.2019308553081        0.0000000000000000        8628.2019308553081     
  1.99526245705783367E-003   8802.3756774601316        0.0000000000000000        8802.3756774601316     
  2.04173801466822624E-003   8979.4166060985444        0.0000000000000000        8979.4166060985444     
  2.08929623477160931E-003   9159.3354586012556        0.0000000000000000        9159.3354586012556     
  2.13796226307749748E-003   9342.1420002145460        0.0000000000000000        9342.1420002145460     
  2.18776171095669270E-003   9527.8479492855586        0.0000000000000000        9527.8479492855586     
  2.23872135393321514E-003   9716.4601413235268        0.0000000000000000        9716.4601413235268     
  2.29086773470044136E-003   9907.9805290005334        0.0000000000000000        9907.9805290005334     
  2.34422879293560982E-003   10102.417900895256        0.0000000000000000        10102.417900895256     
  2.39883293397724628E-003   10299.768350246430        0.0000000000000000        10299.768350246430     
  2.45470902882516384E-003   10500.032853072868        0.0000000000000000        10500.032853072868     
  2.51188641414046288E-003   10703.203596299518        0.0000000000000000        10703.203596299518     
  2.57039582356810570E-003   10909.281555874941        0.0000000000000000        10909.281555874941     
  2.63026799075305462E-003   11118.246223341452        0.0000000000000000        11118.246223341452     
  2.69153481349349022E-003   11330.090762072639        0.0000000000000000        11330.090762072639     
  2.75422865524888039E-003   11544.794663529252        0.0000000000000000        11544.794663529252     
  2.81838281080126762E-003   11762.346208187551        0.0000000000000000        11762.346208187551     
  2.88403150625526905E-003   11982.716098356663        0.0000000000000000        11982.716098356663     
  2.95120943337678909E-003   12205.887731606021        0.0000000000000000        12205.887731606021     
  3.01995174959301949E-003   12431.818138274917        0.0000000000000000        12431.818138274917     
  3.09029547497630119E-003   12660.486809575712        0.0000000000000000        12660.486809575712     
  3.16227786242961884E-003   12891.852728858874        0.0000000000000000        12891.852728858874     
  3.23593663051724434E-003   13125.871949729499        0.0000000000000000        13125.871949729499     
  3.31131112761795521E-003   13362.506385099430        0.0000000000000000        13362.506385099430     
  3.38844140060245991E-003   13601.699393133889        0.0000000000000000        13601.699393133889     
  3.46736819483339787E-003   13843.409956921994        0.0000000000000000        13843.409956921994     
  3.54813435114920139E-003   14087.572645422426        0.0000000000000000        14087.572645422426     
  3.63078061491250992E-003   14334.124957213726        0.0000000000000000        14334.124957213726     
  3.71535238809883595E-003   14583.002437655736        0.0000000000000000        14583.002437655736     
  3.80189390853047371E-003   14834.134772658248        0.0000000000000000        14834.134772658248     
  3.89045127667486668E-003   15087.443835542401        0.0000000000000000        15087.443835542401     
  3.98107152432203293E-003   15342.851499535751        0.0000000000000000        15342.851499535751     
  4.07380331307649612E-003   15600.267919021484        0.0000000000000000        15600.267919021484     
  4.16869437322020531E-003   15859.607154536823        0.0000000000000000        15859.607154536823     
  4.26579546183347702E-003   16120.772524321626        0.0000000000000000        16120.772524321626     
  4.36515826731920242E-003   16383.654651200161        0.0000000000000000        16383.654651200161     
  4.46683587506413460E-003   16648.151970372623        0.0000000000000000        16648.151970372623     
  4.57088137045502663E-003   16914.153151304461        0.0000000000000000        16914.153151304461     
  4.67735109850764275E-003   17181.531238333759        0.0000000000000000        17181.531238333759     
  4.78630140423774719E-003   17450.170994412932        0.0000000000000000        17450.170994412932     
  4.89778816699981689E-003   17719.939604255200        0.0000000000000000        17719.939604255200     
  5.01187238842248917E-003   17990.692533666770        0.0000000000000000        17990.692533666770     
  5.12861367315053940E-003   18262.296967060058        0.0000000000000000        18262.296967060058     
  5.24807441979646683E-003   18534.596651203785        0.0000000000000000        18534.596651203785     
  5.37031749263405800E-003   18807.443145203641        0.0000000000000000        18807.443145203641     
  5.49540948122739792E-003   19080.672382996014        0.0000000000000000        19080.672382996014     
  5.62341324985027313E-003   19354.110532768616        0.0000000000000000        19354.110532768616     
  5.75439957901835442E-003   19627.585715604007        0.0000000000000000        19627.585715604007     
  5.88843645527958870E-003   19900.910427451028        0.0000000000000000        19900.910427451028     
  6.02559605613350868E-003   20173.916695270469        0.0000000000000000        20173.916695270469     
  6.16594962775707245E-003   20446.391624029042        0.0000000000000000        20446.391624029042     
  6.30957307294011116E-003   20718.137943444544        0.0000000000000000        20718.137943444544     
  6.45654276013374329E-003   20988.944711179778        0.0000000000000000        20988.944711179778     
  6.60693505778908730E-003   21258.595125334421        0.0000000000000000        21258.595125334421     
  6.76082959398627281E-003   21526.866524409612        0.0000000000000000        21526.866524409612     
  6.91830972209572792E-003   21793.528434173593        0.0000000000000000        21793.528434173593     
  7.07945739850401878E-003   22058.354286442300        0.0000000000000000        22058.354286442300     
  7.24435923621058464E-003   22321.080403459622        0.0000000000000000        22321.080403459622     
  7.41310277953743935E-003   22581.464591581025        0.0000000000000000        22581.464591581025     
  7.58577603846788406E-003   22839.241219485510        0.0000000000000000        22839.241219485510     
  7.76247121393680573E-003   23094.150514948244        0.0000000000000000        23094.150514948244     
  7.94328283518552780E-003   23345.903408684309        0.0000000000000000        23345.903408684309     
  8.12830496579408646E-003   23594.232315527861        0.0000000000000000        23594.232315527861     
  8.31763725727796555E-003   23838.830587614008        0.0000000000000000        23838.830587614008     
  8.51138029247522354E-003   24079.415014296639        0.0000000000000000        24079.415014296639     
  8.70963651686906815E-003   24315.669181654721        0.0000000000000000        24315.669181654721     
  8.91250930726528168E-003   24547.270816200809        0.0000000000000000        24547.270816200809     
  9.12010762840509415E-003   24773.911316006124        0.0000000000000000        24773.911316006124     
  9.33254323899745941E-003   24995.254735239960        0.0000000000000000        24995.254735239960     
  9.54992510378360748E-003   25210.941690528874        0.0000000000000000        25210.941690528874     
  9.77237150073051453E-003   25420.647954325519        0.0000000000000000        25420.647954325519     
  1.00000007078051567E-002   26058.852906414031        434.83485737538302        25624.018049038648     
  1.02329300716519356E-002   26255.499974703183        434.83472760720724        25820.665247095978     
  1.04712853208184242E-002   26445.076474757312        434.83459172315850        26010.241883034152     
  1.07151931151747704E-002   26627.180053444605        434.83444943484022        26192.345604009766     
  1.09647810459136963E-002   26801.423982513363        434.83430044147349        26366.589682071888     
  1.12201841548085213E-002   26967.427392884179        434.83414442540987        26532.593248458768     
  1.14815356209874153E-002   27124.774259444574        434.83398105708136        26689.940278387494     
  1.17489742115139961E-002   27273.030978998326        434.83380998987866        26838.197169008447     
  1.20226424187421799E-002   27411.814729379745        434.83363086052253        26976.981098519223     
  1.23026892542839050E-002   27540.678235626376        434.83344328641493        27105.844792339962     
  1.25892553478479385E-002   27659.191801257468        434.83324687495838        27224.358554382510     
  1.28824962303042412E-002   27766.915964152326        434.83304120718742        27332.082922945137     
  1.31825683638453484E-002   27863.409309417275        434.83282584616882        27428.576483571105     
  1.34896291419863701E-002   27948.214797685672        434.83260033634338        27513.382197349329     
  1.38038434088230133E-002   28020.894921052015        434.83236419789591        27586.062556854118     
  1.41253750771284103E-002   28081.004359810915        434.83211693200218        27646.172242878914     
  1.44543973729014397E-002   28128.080216726568        434.83185801210379        27693.248358714463     
  1.47910835221409798E-002   28161.683032735808        434.83158688996019        27726.851445845849     
  1.51356114074587822E-002   28181.369443371197        434.83130299104818        27746.538140380148     
  1.54881644994020462E-002   28186.701944404180        434.83100571257478        27751.870938691605     
  1.58489309251308441E-002   28177.266469963895        434.83069442295829        27742.435775540936     
  1.62180978804826736E-002   28152.623565167807        434.83036846552631        27717.793196702281     
  1.65958721190690994E-002   28112.415806455025        434.83002713902755        27677.585779315996     
  1.69824380427598953E-002   28056.246710510452        434.82966973386817        27621.417040776585     
  1.73780079931020737E-002   27983.756903876729        434.82929548542796        27548.927608391299     
  1.77827961742877960E-002   27894.670998391201        434.82890359557916        27459.842094795622     
  1.81970093399286270E-002   27788.674546137914        434.82849324074516        27353.846052897170     
  1.86208710074424744E-002   27665.537084216216        434.82806354683936        27230.709020669376     
  1.90546065568923950E-002   27525.051589189588        434.82761360181479        27090.223975587774     
  1.94984450936317444E-002   27367.096976321256        434.82714245223474        26932.269833869021     
  1.99526231735944748E-002   27191.563881724109        434.82664909747803        26756.737232626630     
  2.04173792153596878E-002   26998.465989217970        434.82613249377800        26563.639856724192     
  2.08929590880870819E-002   26787.838469041973        434.82559154618980        26353.012877495785     
  2.13796179741621017E-002   26559.808289255870        434.82502510399456        26124.983264151877     
  2.18776129186153412E-002   26314.603981386561        434.82443196691827        25879.779549419643     
  2.23872140049934387E-002   26052.516577985243        434.82381086951943        25617.692767115725     
  2.29086782783269882E-002   25773.956253224544        434.82316051059325        25339.133092713950     
  2.34422907233238220E-002   25479.389822053723        434.82247950044257        25044.567342553280     
  2.39883307367563248E-002   25169.416911803834        434.82176639927093        24734.595145404564     
  2.45470888912677765E-002   24844.711368482269        434.82101969345700        24409.890348788813     
  2.51188632100820541E-002   24506.064224392914        434.82023779701501        24071.243986595899     
  2.57039573043584824E-002   24154.356354539897        434.81941905097676        23719.536935488919     
  2.63026785105466843E-002   23790.558476189835        434.81856172300922        23355.739914466827     
  2.69153453409671783E-002   23415.717476407070        434.81766399349436        22980.899812413576     
  2.75422856211662292E-002   23030.977895299689        434.81672395409771        22596.161171345593     
  2.81838253140449524E-002   22637.540911258748        434.81573962099526        22202.725171637754     
  2.88403108716011047E-002   22236.679963753919        434.81470889711233        21801.865254856806     
  2.95120887458324432E-002   21829.693879888546        434.81362959898559        21394.880250289560     
  3.01995202898979187E-002   21417.936168942422        434.81249942910250        20983.123669513319     
  3.09029556810855865E-002   21002.779867620593        434.81131601444690        20567.968551606147     
  3.16227786242961884E-002   20585.607771848707        434.81007682772355        20150.797695020985     
  3.23593653738498688E-002   20167.769470809257        434.80877925046508        19732.960691558790     
  3.31131108105182648E-002   19750.636030496498        434.80742052353560        19315.828609972963     
  3.38844172656536102E-002   19335.504294057631        434.80599776051872        18900.698296297112     
  3.46736833453178406E-002   18923.669144554253        434.80450796367609        18488.864636590577     
  3.54813374578952789E-002   18516.308273255196        434.80294795534195        18081.505325299855     
  3.63078005611896515E-002   18114.607175604990        434.80131444164505        17679.805861163346     
  3.71535196900367737E-002   17719.638060743153        434.79960394127653        17284.838456801877     
  3.80189344286918640E-002   17332.383289532328        434.79781284506714        16897.585476687262     
  3.89045067131519318E-002   16953.772480345393        434.79593734918183        16518.976542996210     
  3.98107096552848816E-002   16584.636613289022        434.79397346923287        16149.842639819788     
  4.07380312681198120E-002   16225.711936108901        434.79191702390409        15790.920019084997     
  4.16869409382343292E-002   15877.658519439432        434.78976370259613        15442.868755736836     
  4.26579527556896210E-002   15541.029005654438        434.78750891593228        15106.241496738507     
  4.36515845358371735E-002   15216.293023664532        434.78514787640728        14781.507875788124     
  4.46683615446090698E-002   14903.813753083961        434.78267558187270        14469.031077502088     
  4.57088202238082886E-002   14603.860619026329        434.78008679753293        14169.080532228796     
  4.67735119163990021E-002   14316.557538785946        434.77737603633017        13881.780162749616     
  4.78630065917968750E-002   14041.961041804692        434.77453753761790        13607.186504267074     
  4.89778779447078705E-002   13779.944070056417        434.77156529421899        13345.172504762199     
  5.01187145709991455E-002   13530.257498244231        434.76845301258163        13095.489045231649     
  5.12861311435699463E-002   13292.466664830175        434.76519406836644        12857.701470761809     
  5.24807386100292206E-002   13065.979694866001        434.76178157551976        12631.217913290480     
  5.37031851708889008E-002   12849.975243633467        434.75820825731256        12415.217035376156     
  5.49540929496288300E-002   12643.426917364108        434.75446661593014        12208.672450748178     
  5.62341324985027313E-002   12445.071052894960        434.75054870099109        12010.320504193969     
  5.75439929962158203E-002   12253.397939237237        434.74644617671709        11818.651493060519     
  5.88843636214733124E-002   12066.651827954525        434.74215036463767        11631.909677589887     
  6.02559559047222137E-002   11882.835824797021        434.73765215807123        11448.098172638949     
  6.16595000028610229E-002   11699.754864534338        434.73294201451489        11265.021922519823     
  6.30957260727882385E-002   11515.026464517481        434.72801000070257        11080.298454516778     
  6.45654201507568359E-002   11326.134437432785        434.72284558109970        10891.411591851685     
  6.60693421959877014E-002   11130.550959264267        434.71743787969046        10695.833521384577     
  6.76082894206047058E-002   10925.799064902272        434.71177544078688        10491.087289461486     
  6.91830888390541077E-002   10709.551272041343        434.70584622691553        10274.845425814427     
  7.07945674657821655E-002   10479.813147553619        434.69963770634547        10045.113509847273     
  7.24435970187187195E-002   10235.018010146632        434.69313665847011        9800.3248734881618     
  7.41310343146324158E-002   9974.1919310989615        434.68632937956141        9539.5056017194001     
  7.58577585220336914E-002   9697.0786878041235        434.67920151625918        9262.3994862878644     
  7.76247158646583557E-002   9404.2236997809341        434.67173784559475        8969.5519619353399     
  7.94328227639198303E-002   9097.0706553690907        434.66392264612170        8662.4067327229695     
  8.12830477952957153E-002   8777.9497444132194        434.65573932546840        8343.2940050877514     
  8.31763744354248047E-002   8450.0624744157903        434.64717054301224        8015.4153038727773     
  8.51137936115264893E-002   8117.3459049225385        434.63819821442775        7682.7077067081109     
  8.70963484048843384E-002   7784.3363929754732        434.62880327007781        7349.7075897053955     
  8.91250818967819214E-002   7455.9274200661821        434.61896585777572        7021.3084542084061     
  9.12010669708251953E-002   7137.1108305661155        434.60866516739054        6702.5021653987251     
  9.33254137635231018E-002   6832.6936813527627        434.59787934880558        6398.0958020039570     
  9.54992398619651794E-002   6547.0170672579288        434.58658561853139        6112.4304816393978     
  9.77237299084663391E-002   6283.6725267882730        434.57475990527405        5849.0977668829992     
  0.10000000149011612        6045.2941428564500        434.56237751571035        5610.7317653407399     
  0.10232930630445480        5833.3311306811693        434.54941201198136        5398.7817186691882     
  0.10471285879611969        5647.9503073996439        434.53583607963913        5213.4144713200048     
  0.10715192556381226        5487.9380849280451        434.52162098932587        5053.4164639387191     
  0.10964781790971756        5350.7220708493478        434.50673657013266        4916.2153342792153     
  0.11220183968544006        5232.4141615744593        434.49115146193088        4797.9230101125286     
  0.11481535434722900        5128.0005468572544        434.47483265672076        4693.5257142005339     
  0.11748974770307541        5031.6137050418856        434.45774565453604        4597.1559593873499     
  0.12022642791271210        4936.9581067462859        434.43985440269842        4502.5182523435878     
  0.12302686274051666        4837.8188343492639        434.42112098092616        4403.3977133683375     
  0.12589251995086670        4728.6926278560331        434.40150591977624        4294.2911219362568     
  0.12882491946220398        4605.4359074335034        434.38096778064721        4171.0549396528559     
  0.13182564079761505        4465.8253337193764        434.35946300730899        4031.4658707120670     
  0.13489626348018646        4309.9384380033835        434.33694626325780        3875.6014917401258     
  0.13803839683532715        4140.2438162869003        434.31337014754416        3705.9304461393558     
  0.14125370979309082        3961.3526373682503        434.28868487790709        3527.0639524903431     
  0.14454393088817596        3779.4125107604082        434.26283817549557        3345.1496725849124     
  0.14791078865528107        3601.2813933471907        434.23577562926772        3167.0456177179231     
  0.15135616064071655        3433.5696579105015        434.20743938733409        2999.3622185231675     
  0.15488168597221375        3281.7411684606232        434.17777124043823        2847.5633972201849     
  0.15848934650421143        3149.3669812739890        434.14670771760291        2715.2202735563860     
  0.16218103468418121        3037.6854061361910        434.11418352163105        2603.5712226145597     
  0.16595870256423950        2945.4309829863078        434.08013017659846        2511.3508528097095     
  0.16982437670230865        2869.0089198551341        434.04447574210371        2434.9644441130304     
  0.17378009855747223        2802.9892787039439        434.00714521347766        2368.9821334904664     
  0.17782795429229736        2740.9249328494047        433.96806012072165        2306.9568727286833     
  0.18197008967399597        2676.4453670392472        433.92713823300721        2242.5182288062401     
  0.18620872497558594        2604.4788990132456        433.88429323727485        2170.5946057759706     
  0.19054608047008514        2522.3181928897438        433.83943532439383        2088.4787575653500     
  0.19498445093631744        2430.2241763600068        433.79247028080408        1996.4317060792027     
  0.19952622056007385        2331.3265514390287        433.74329912016861        1897.5832523188601     
  0.20417377352714539        2230.7764552305762        433.69181885276089        1797.0846363778155     
  0.20892958343029022        2134.3846540799127        433.63792133437937        1700.7467327455333     
  0.21379618346691132        2047.1176582865698        433.58149336899169        1613.5361649175782     
  0.21877613663673401        1971.8907297830233        433.52241684965668        1538.3683129333667     
  0.22387208044528961        1908.9346814975629        433.46056802667613        1475.4741134708868     
  0.22908672690391541        1855.8555083447486        433.39581725607007        1422.4596910886785     
  0.23442283272743225        1808.3872094938993        433.32802912154534        1375.0591803723539     
  0.23988322913646698        1761.6804557126532        433.25706181629522        1328.4233938963580     
  0.24547082185745239        1711.8145020820416        433.18276686449946        1278.6317352175422     
  0.25118857622146606        1657.0429624108599        433.10498903779893        1223.9379733730609     
  0.25703948736190796        1598.2717756642387        433.02356649958534        1165.2482091646534     
  0.26302671432495117        1538.5135150745157        432.93832863824082        1105.5751864362749     
  0.26915338635444641        1481.5398109767054        432.84909845692852        1048.6907125197770     
  0.27542293071746826        1430.3104659742401        432.75568747755545        997.55477849668455     
  0.28183832764625549        1385.8597678049714        432.65790650264171        953.20186130232969     
  0.28840318322181702        1347.0387159028744        432.55554925613825        914.48316664673621     
  0.29512095451354980        1311.2033090941848        432.44840354988111        878.75490554430371     
  0.30199518799781799        1275.5158348951450        432.33624737341228        843.17958752173263     
  0.30902954936027527        1238.2857407466486        432.21884797943454        806.06689276721409     
  0.31622776389122009        1199.6551805771821        432.09596243039965        767.55921814678254     
  0.32359367609024048        1161.2722785378573        431.96733616380430        729.30494237405298     
  0.33113113045692444        1125.1685265862366        431.83270463328870        693.33582195294775     
  0.33884415030479431        1092.5399947863432        431.69178972085092        660.84820506549227     
  0.34673681855201721        1063.1580937453821        431.54430132694898        631.61379241843315     
  0.35481336712837219        1035.6900725081441        431.38993521060127        604.30013729754273     
  0.36307802796363831        1008.6726623131837        431.22837529689934        577.44428701628431     
  0.37153521180152893        981.45079528181077        431.05928973638697        550.39150554542380     
  0.38018935918807983        954.45621565038959        430.88233324946458        523.57388240092507     
  0.38904508948326111        928.67058440123299        430.69714356170448        497.97344083952851     
  0.39810711145401001        904.77219612274916        430.50334256236454        474.26885356038457     
  0.40738019347190857        882.64856094018080        430.30053638086628        452.34802455931452     
  0.41686928272247314        861.61334771993643        430.08831217013636        431.52503554980012     
  0.42657941579818726        841.05222758870786        429.86623934177271        411.18598824693515     
  0.43651571869850159        820.89636576034502        429.63386894076751        391.26249681957751     
  0.44668346643447876        801.52584688975480        429.39073156801129        372.13511532174351     
  0.45708805322647095        783.28333151561947        429.13633730857964        354.14699420703988     
  0.46773496270179749        766.12564529616191        428.87017573975618        337.25546955640573     
  0.47862994670867920        749.72739179695327        428.59171063562820        321.13568116132501     
  0.48977890610694885        733.84950484673800        428.30038191840890        305.54912292832904     
  0.50118732452392578        718.53480163297365        427.99562006720498        290.53918156576867     
  0.51286149024963379        703.95109819158552        427.67681318388514        276.27428500770037     
  0.52480751276016235        690.13380277554040        427.34333189314941        262.79047088239099     
  0.53703182935714722        676.94725610896239        426.99451481513233        249.95274129383000     
  0.54954093694686890        664.26292237506561        426.62967499628718        237.63324737877844     
  0.56234133243560791        652.08570231687418        426.24810105822553        225.83760125864862     
  0.57543998956680298        640.47391637101634        425.84904207365520        214.62487429736117     
  0.58884364366531372        629.41224321835284        425.43172805333916        203.98051516501371     
  0.60255962610244751        618.81986521700537        424.99534348402892        193.82452173297651     
  0.61659497022628784        608.65242669870520        424.53905423577112        184.11337246293405     
  0.63095730543136597        598.92504423619880        424.06197818336335        174.86306605283548     
  0.64565414190292358        589.63760920030631        423.56320722825342        166.07440197205284     
  0.66069340705871582        580.74501155365033        423.04178856360784        157.70322299004252     
  0.67608290910720825        572.21097756255119        422.49674199103214        149.71423557151908     
  0.69183081388473511        564.03578370952164        421.92704263168480        142.10874107783687     
  0.70794564485549927        556.21221146628261        421.33161929743557        134.88059216884704     
  0.72443580627441406        548.70602673224403        420.70937104154962        127.99665569069447     
  0.74131011962890625        541.49564560690021        420.05914656592307        121.43649904097717     
  0.75857734680175781        534.57957718336365        419.37976138261553        115.19981580074818     
  0.77624690532684326        527.94010740795920        418.66996898256241        109.27013842539682     
  0.79432803392410278        521.55109575144900        417.92849269796915        103.62260305347986     
  0.81283020973205566        515.40553642568648        417.15400891023216        98.251527515454271     
  0.83176350593566895        509.49362451577002        416.34513080893390        93.148493706836106     
  0.85113775730133057        503.79257605087298        415.50044284455265        88.292133206320301     
  0.87096327543258667        498.29286893343817        414.61847006084912        83.674398872589080     
  0.89125108718872070        492.98617922788668        413.69766559877127        79.288513629115400     
  0.91201096773147583        487.85347152328637        412.73650009342128        75.116971429865075     
  0.93325436115264893        482.88623391974465        411.73332903287599        71.152904886868669     
  0.95499265193939209        478.07506572017166        410.68647012989260        67.388595590279095     
  0.97723728418350220        473.40381941251866        409.59419889835181        63.809620514166831     
   1.0000000000000000        468.86640444459960        408.45473777220025        60.411666672399335     
   1.0232930183410645        464.45062442804237        407.26624716092289        57.184377267119494     
   1.0471285581588745        460.14531518132412        406.02685010918901        54.118465072135095     
   1.0715193748474121        455.94381336641692        404.73460584220925        51.209207524207649     
   1.0964782238006592        451.83325495244105        403.38753887759412        48.445716074846949     
   1.1220183372497559        447.80739415941474        401.98361545105371        45.823778708361040     
   1.1481535434722900        443.85548412514913        400.52073763873238        43.334746486416734     
   1.1748974323272705        439.96981920653548        398.99679194691760        40.973027259617908     
   1.2022643089294434        436.14203249410616        397.40959877401855        38.732433720087592     
   1.2302685976028442        432.36352280517553        395.75694876447551        36.606574040699996     
   1.2589251995086670        428.62721487023214        394.03658554227474        34.590629327957430     
   1.2882493734359741        424.92458756140741        392.24621613444322        32.678371426964219     
   1.3182563781738281        421.24908522393059        390.38353760264857        30.865547621282040     
   1.3489625453948975        417.59274564076793        388.44617547622994        29.146570164537973     
   1.3803838491439819        413.94910874900228        386.43177803193322        27.517330717069083     
   1.4125372171401978        410.31104279720239        384.33794002957370        25.973102767628713     
   1.4454392194747925        406.67203216706355        382.16229395053466        24.509738216528909     
   1.4791078567504883        403.02578660260036        379.90240029673663        23.123386305863733     
   1.5135607719421387        399.36574139788740        377.55587336744719        21.809868030440239     
   1.5488159656524658        395.68637757465632        375.12034429369322        20.566033280963119     
   1.5848925113677979        391.98135784351314        372.59342070593846        19.387937137574671     
   1.6218103170394897        388.24524500763891        369.97271141219460        18.272533595444344     
   1.6595871448516846        384.47276661885746        367.25605192235957        17.216714696497888     
   1.6982438564300537        380.65840309349744        364.44114446003908        16.217258633458354     
   1.7378009557723999        376.79736095074514        361.52581579915756        15.271545151587599     
   1.7782795429229736        372.88475049089266        358.50796386804188        14.376786622850755     
   1.8197008371353149        368.91593103427573        355.38560880307699        13.530322231198728     
   1.8620871305465698        364.88662674817760        352.15683777977648        12.729788968401122     
   1.9054607152938843        360.79275350203966        348.81990306486642        11.972850437173241     
   1.9498445987701416        356.63042052895230        345.37318641195702        11.257234116995290     
   1.9952621459960938        352.39607380520738        341.81524566365209        10.580828141555298     
   2.0417377948760986        348.08642788817031        338.14477863361259        9.9416492545577082     
   2.0892961025238037        343.69852270877220        334.36071851792656        9.3378041908456435     
   2.1379618644714355        339.22970034759686        330.46224718152376        8.7674531660731034     
   2.1877613067626953        334.67757763321856        326.44872171475185        8.2288559184667349     
   2.2387208938598633        330.04016909027638        322.31979199094172        7.7203770993346579     
   2.2908673286437988        325.31588789135509        318.07542455819492        7.2404633331601911     
   2.3442282676696777        320.50350482834091        313.71586788849220        6.7876369398487197     
   2.3988323211669922        315.60215831279561        309.24167506084740        6.3604832519481960     
   2.4547083377838135        310.61144655381128        304.65378534641388        5.9576612073973862     
   2.5118856430053711        305.53143171227009        299.95352753503443        5.5779041772356761     
   2.5703949928283691        300.36256314362265        295.14256330824770        5.2199998353749653     
   2.6302671432495117        295.10582709699020        290.22302569901223        4.8828013979779925     
   2.6915338039398193        289.76267642043746        285.19746024516587        4.5652161752715950     
   2.7542276382446289        284.33505331437999        280.06884301250147        4.2662103018785089     
   2.8183817863464355        278.82543734441396        274.84063567029085        3.9848016741230903     
   2.8840317726135254        273.23669159365568        269.51664440048228        3.7200471931733965     
   2.9512095451354980        267.57258406086743        264.10151384019866        3.4710702206687380     
   3.0199520587921143        261.83706239052373        258.60003847225767        3.2370239182660541     
   3.0902955532073975        256.03473640623497        253.01763140540783        3.0171050008271547     
   3.1622776985168457        250.17070729992432        247.36015212768427        2.8105551722400350     
   3.2359366416931152        244.25063251855977        241.63397902151723        2.6166534970425319     
   3.3113112449645996        238.28069385355968        235.84598147956484        2.4347123739948286     
   3.3884415626525879        232.26754767677289        230.00347024276522        2.2640774340076648     
   3.4673683643341064        226.21835061699559        224.11421636276583        2.1041342542297587     
   3.5481336116790771        220.14068515030723        218.18639225338740        1.9542928969198357     
   3.6307802200317383        214.04255529879259        212.22856199907315        1.8139932997194288     
   3.7153520584106445        207.93235405787848        206.24964779402447        1.6827062638540202     
   3.8018934726715088        201.81885041197108        200.25892360017903        1.5599268117920617     
   3.8904509544372559        195.71103264248262        194.26585544546299        1.4451771970196257     
   3.9810709953308105        189.61820130358615        188.28020150522758        1.3379997983585756     
   4.0738019943237305        183.54979349068401        182.31182907311833        1.2379644175656797     
   4.1686930656433105        177.51539523795026        176.37073792072371        1.1446573172265377     
   4.2657942771911621        171.52467261825092        170.46698182878427        1.0576907894666547     
   4.3651571273803711        165.58726760516726        164.61057551589010       0.97669208927715601     
   4.4668345451354980        159.71273902041301        158.81143125024681       0.90130777016620711     
   4.5708804130554199        153.91052338431493        153.07931973513232       0.83120364918260470     
   4.6773500442504883        148.18983577497767        147.42377479998439       0.76606097499327208     
   4.7862992286682129        142.55965290173006        141.85407535938367       0.70557754234640357     
   4.8977861404418945        137.02854435488038        136.37907903425346       0.64946532062691853     
   5.0118703842163086        131.60466410638452        131.00721233399474       0.59745177238977387     
   5.1286115646362305        126.29575067759984        125.74647282427610       0.54927785332374368     
   5.2480750083923340        121.10881327826549        120.60411650973359       0.50469676853190137     
   5.3703184127807617        116.05065980275666        115.58718191018905       0.46347789256761551     
   5.4954090118408203        111.12709575446326        110.70169749094289       0.42539826352036969     
   5.6234135627746582        106.34332897786729        105.95308027308296       0.39024870478432966     
   5.7543997764587402        101.70386189603283        101.34603053151697       0.35783136451586506     
   5.8884367942810059        97.212438874127457        96.884480834416664       0.32795803971078802     
   6.0255961418151855        92.871994743761107        92.571543108145320       0.30045163561577998     
   6.1659498214721680        88.684700646705295        88.409555751409712       0.27514489529557795     
   6.3095731735229492        84.651868540027905        84.399989398225330       0.25187914180257709     
   6.4565420150756836        80.774041942166818        80.543535769674932       0.23050617249188821     
   6.6069340705871582        77.050959421816358        76.840074160789044       0.21088526102731134     
   6.7608289718627930        73.481578306829846        73.288693035726837       0.19288527110301115     
   6.9183082580566406        70.064102922224379        69.887720675778127       0.17638224644625888     
   7.0794563293457031        66.796006732113995        66.634746409019627       0.16126032309436847     
   7.2443580627441406        63.674130662008722        63.526719227169210       0.14741143483950925     
   7.4131007194519043        60.694698154567355        60.559963871329117       0.13473428323823966     
   7.5857739448547363        57.853384773718922        57.730250372453597       0.12313440126532874     
   7.7624692916870117        55.145402060601853        55.032877822631399       0.11252423797045404     
   7.9432802200317383        52.565577015869522        52.462754825761046       0.10282219010847536     
   8.1283025741577148        50.108431741484516        50.014479071827054       9.39526696574587011E-002
   8.3176355361938477        47.768262985063657        47.682417221005160       8.58457640585003762E-002
   8.5113773345947266        45.539285301603705        45.460848451576091       7.84368500276170499E-002
   8.7096319198608398        43.415639885008737        43.343973292656628       7.16665923521066922E-002
   8.9125061035156250        41.391521414063362        41.326041409830609       6.54800042327558368E-002
   9.1201047897338867        39.461303358783319        39.401476426106640       5.98269326766772552E-002
   9.3325443267822266        37.619484757525406        37.564823602841692       5.46611546837113410E-002
   9.5499267578125000        35.860980099378750        35.811039387875681       4.99407115030681692E-002
   9.7723722457885742        34.180886856284737        34.135259973059448       4.56268832252915216E-002
   10.000000000000000        32.574693826959567        32.533009396758359       4.16844302012079476E-002
   10.232924461364746        31.038318230477977        31.000236984175963       3.80812463020151482E-002
   10.471285820007324        29.567916523951176        29.533128671126850       3.47878528243267260E-002
   10.715187072753906        28.160276189066309        28.128498382682853       3.17778063834568206E-002
   10.964781761169434        26.812263729434179        26.783237284715273       2.90264447189060130E-002
   11.220177650451660        25.521352713544946        25.494840813318955       2.65119002259914596E-002
   11.481535911560059        24.285051043888505        24.260837405431481       2.42136384570246499E-002
   11.748968124389648        23.101378489270264        23.079265062949240       2.21134263210249309E-002
   12.022643089294434        21.968315604252041        21.948121389676341       2.01942145757011172E-002
   12.302679061889648        20.884236250590774        20.865795484811265       1.84407657795073905E-002
   12.589251518249512        19.847417159269355        19.830578338650202       1.68388206191535210E-002
   12.882499694824219        18.856370865767047        18.840995322857200       1.53755429098489538E-002
   13.182563781738281        17.909653436658882        17.895614246542277       1.40391901166052463E-002
   13.489633560180664        17.005700847731358        16.992882062977696       1.28187847536639209E-002
   13.803839683532715        16.143146859745393        16.131442340243950       1.17045195014425681E-002
   14.125379562377930        15.320442895363453        15.309755714912912       1.06871804505403976E-002
   14.454393386840820        14.536198239357994        14.526439732362887       9.75850699510781225E-003
   14.791087150573730        13.788868129383555        13.779957376096371       8.91075328718466536E-003
   15.135606765747070        13.077060917279370        13.068923916417690       8.13700086167966179E-003
   15.488168716430664        12.399257399236165        12.391826662994974       7.43073624118984182E-003
   15.848925590515137        11.754098689956939        11.747312517719143       6.78617223779505712E-003
   16.218103408813477        11.140130730950034        11.133932871875041       6.19785907499229450E-003
   16.595861434936523        10.556062534489325        10.550401583157672       5.66095133165165753E-003
   16.982439041137695        10.000527676304468        9.9953567713384004       5.17090496606730128E-003
   17.378000259399414        9.4723271156209243        9.4676034392093182       4.72367641160653228E-003
   17.782794952392578        8.9701981731587477        8.9658826970551395       4.31547610360847808E-003
   18.196998596191406        8.4930290392686789        8.4890861101231891       3.94292914548977774E-003
   18.620872497558594        8.0396581371911129        8.0360552595833621       3.60287760775131975E-003
   19.054595947265625        7.6090647202838797        7.6057722061201174       3.29251416376227140E-003
   19.498443603515625        7.2001770296021492        7.1971678206894376       3.00920891271191102E-003
   19.952610015869141        6.8120458953121581        6.8092952818414219       2.75061347073632346E-003
   20.417377471923828        6.4436873009675368        6.4411727570516044       2.51454391593233491E-003
   20.892948150634766        6.0942243441626589        6.0919252968337867       2.29904732887264941E-003
   21.379617691040039        5.7627483883948196        5.7606460869025744       2.10230149224550130E-003
   21.877599716186523        5.4484474139095322        5.4465247358685493       1.92267804098317642E-003
   22.387208938598633        5.1504808394343531        5.1487221805643264       1.75865887002691701E-003
   22.908683776855469        4.8680922752439066        4.8664833876976070       1.60888754629963772E-003
   23.442281723022461        4.6005451402627582        4.5990730217670421       1.47211849571642897E-003
   23.988336563110352        4.3470994654474850        4.3457522660800185       1.34719936746655359E-003
   24.547082901000977        4.1070956547247395        4.1058625523005468       1.23310242419229156E-003
   25.118869781494141        3.8798543854289176        3.8787255160894643       1.12886933945347814E-003
   25.703950881958008        3.6647666937028811        3.6637330475171983       1.03364618568261668E-003
   26.302684783935547        3.4612129542701622        3.4602663199630364       9.46634307125830427E-004
   26.915338516235352        3.2686345365387690        3.2677674141167259       8.67122422043307213E-004
   27.542291641235352        3.0864637995451232        3.0856693511717674       7.94448373355785098E-004
   28.183816909790039        2.9141919323995782        2.9134639123493713       7.28020050206934434E-004
   28.840320587158203        2.7512987297682310        2.7506314439145094       6.67285853721532587E-004
   29.512079238891602        2.5973221082473277        2.5967103532638292       6.11754983498578203E-004
   30.199518203735352        2.4517881526306193        2.4512271840307376       5.60968599881966705E-004
   30.902938842773438        2.3142734611859197        2.3137589443803184       5.14516805601125541E-004
   31.622777938842773        2.1843490235812104        2.1838770041904758       4.72019390734607872E-004
   32.359348297119141        2.0616301685167229        2.0611970323874651       4.33136129257954148E-004
   33.113109588623047        1.9457269797760550        1.9453294304262772       3.97549349777874333E-004
   33.884395599365234        1.8362893015078414        1.8359243246444712       3.64976863370209293E-004
   34.673686981201172        1.7329640117197642        1.7326288575372855       3.35154182478798128E-004
   35.481319427490234        1.6354354546651921        1.6351276078881030       3.07846777089182736E-004
   36.307804107666016        1.5433830036225660        1.5431001690130288       2.82834609537116401E-004
   37.153499603271484        1.4565202723745296        1.4562603502315530       2.59922142976623267E-004
   38.018936157226563        1.3745582121003370        1.3743192855116253       2.38926588711748414E-004
   38.904487609863281        1.2972382319302007        1.2970185466289894       2.19685301211301244E-004
   39.810707092285156        1.2242997421397532        1.2240976963783678       2.02045761385313474E-004
   40.738040924072266        1.1555055109811114        1.1553196391145621       1.85871866549326296E-004
   41.686927795410156        1.0906309090446284        1.0904598702043427       1.71038840285824413E-004
   42.657966613769531        1.0294529061036051        1.0292954748877112       1.57431215893942891E-004
   43.651573181152344       0.97177243501791688       0.97162748910871355       1.44945909203331278E-004
   44.668369293212891       0.91738928500296069       0.91725579862961548       1.33486373345239912E-004
   45.708805084228516       0.86612375791259588       0.86600079111659856       1.22966795997300532E-004
   46.773525238037109       0.81779651568256528       0.81768320909953951       1.13306583025797551E-004
   47.862995147705078       0.77224653544189281       0.77214210131677319       1.04434125119638415E-004
   48.977890014648438       0.72931300098521668       0.72921671845495861       9.62825302580168682E-005
   50.118705749511719       0.68885126090287463       0.68876246917346862       8.87917294059868608E-005
   51.286148071289063       0.65071741192356491       0.65063550602911002       8.19058944549444333E-005
   52.480720520019531       0.61478244862099363       0.61470687357972920       7.55750412644700520E-005
   53.703186035156250       0.58091695458521730       0.58084720239627718       6.97521889401239958E-005
   54.954059600830078       0.54900596291685011       0.54894156709206343       6.43958247867280605E-005
   56.234134674072266       0.51893398562921522       0.51887451893671688       5.94666924983404800E-005
   57.543964385986328       0.49059802400624497       0.49054309404581053       5.49299604344186565E-005
   58.884365081787109       0.46389534450594039       0.46384459170945441       5.07527964860010053E-005
   60.255924224853516       0.43873388908270783       0.43868698300424996       4.69060784578414822E-005
   61.659500122070313       0.41502203436751300       0.41497867203735067       4.33623301623248166E-005
   63.095695495605469       0.39267795250398585       0.39263785537810836       4.00971258774869067E-005
   64.565414428710938       0.37161994931933895       0.37158286190423440       3.70874151045640703E-005
   66.069297790527344       0.35177504784710745       0.35174073511352966       3.43127335777973564E-005
   67.608291625976563       0.33307059171547093       0.33303883794297967       3.17537724912541635E-005
   69.183052062988281       0.31544184992981139       0.31541245660982686       2.93933199845483979E-005
   70.794563293457031       0.29882426979704368       0.29879705457942174       2.72152176219322506E-005
   72.443542480468750       0.28316001679059832       0.28313481180996170       2.52049806366302329E-005
   74.131011962890625       0.26839185104843799       0.26836850205968182       2.33489887561738915E-005
   75.857788085937500       0.25446792261332851       0.25444628757521820       2.16350381103166657E-005
   77.624694824218750       0.24133930464657125       0.24131925274601079       2.00519005604547116E-005
   79.432846069335938       0.22895797713356605       0.22893938809472181       1.85890388442383061E-005
   81.283027648925781       0.21728114573370788       0.21726390862810632       1.72371056015687098E-005
   83.176391601562500       0.20626631094797956       0.20625032372782107       1.59872201584876636E-005
   85.113777160644531       0.19587544053184139       0.19586060906236030       1.48314694810772265E-005
   87.096374511718750       0.18607094774782032       0.18605718534016577       1.37624076545424481E-005
   89.125061035156250       0.17681912954353113       0.17680635619407184       1.27733494592939993E-005
   91.201095581054688       0.16808662066177091       0.16807476267186885       1.18579899020554881E-005
   93.325386047363281       0.15984361711500852       0.15983260643293479       1.10106820737245435E-005
   95.499267578125000       0.15206050253095163       0.15205027641530175       1.02261156498806650E-005
   97.723678588867188       0.14471093857107070       0.14470143905508906       9.49951598164238863E-006
   100.00000762939453       0.13776872559755968       0.13775989923519383       8.82636236585966439E-006
