   10000000000.000000       1.65591232258230076E-007
   11497569952.483057       2.18901793217025565E-007
   13219411481.224125       2.89375164697151627E-007
   15199111019.165558       3.82536732086529590E-007
   17475283990.992023       5.05690657706022262E-007
   20092329754.071892       6.68492614205785839E-007
   23101297577.291988       8.83706813623451662E-007
   26560876780.050396       1.16820624240809187E-006
   30538555056.582207       1.54429651312251456E-006
   35111918656.404129       2.04146313389747360E-006
   40370171494.636261       2.69868306079457033E-006
   46415888866.989273       3.56748174151635963E-006
   53366994975.459671       4.71596856404210361E-006
   61359071840.972931       6.23417493642555623E-006
   70548017532.502045       8.24111142699635417E-006
   81113088139.126205       1.08940928369358684E-005
   93260334494.390274       1.44010427230179774E-005
   107226715065.85367       1.90367955031029440E-005
   123284683173.39403       2.51645990556891876E-005
   141747417766.47531       3.32644872311697764E-005
   162975074650.63422       4.39708450817931053E-005
   187381758651.50677       5.81219171715553323E-005
   215443473931.26987       7.68250627992890002E-005
   247707625297.17838       1.01543031938880916E-004
   284803615271.07379       1.34207455096373493E-004
   327454860451.40137       1.77367981799483724E-004
   376493569718.56769       2.34389273667726821E-004
   432876176716.47656       3.09707780086697978E-004
   497702277776.62152       4.09168864518964835E-004
   572236756415.44592       5.40467368257282186E-004
   657933306746.56567       7.13716302094832638E-004
   756463217441.84448       9.42183067512305725E-004
   869748999000.55615       1.24323358185265899E-003
   1000000137244.7760       1.63951923616379369E-003
   1149756842381.3772       2.16046023854912306E-003
   1321941159461.7566       2.84405606524963488E-003
   1519911310516.4146       3.73900140028684798E-003
   1747528189239.9788       4.90706613230343109E-003
   2009233044346.3679       6.42555289772697973E-003
   2310130074782.4399       8.38940050520549201E-003
   2656087495737.9795       1.09123020637458389E-002
   3053855610439.6440       1.41257389799278391E-002
   3511192347533.1538       1.81742779142012693E-002
   4037016872433.8975       2.32053702864700763E-002
   4641589045957.3760       2.93519104632903108E-002
   5336700229980.0938       3.67068073909492879E-002
   6135906763036.7334       4.52919589647581833E-002
   7054802721484.8896       5.50277796978363501E-002
   8111309927147.3818       6.57132066471729503E-002
   9326032809464.4082       7.70279551041200689E-002
   10722668563324.676       8.85634088209448223E-002
   12328464933304.355       9.98781912022893986E-002
   14174740803943.002       0.11056361815162599     
   16297509701811.182       0.12029943888470415     
   18738178436867.426       0.12888461398498366     
   21544354785250.574       0.13623950727222220     
   24770755730403.730       0.14238601113194382     
   28480353709547.316       0.14741711993526105     
   32745490539287.035       0.15146565886953450     
   37649362139034.336       0.15467909578571648     
   43287623612647.047       0.15720200390265981     
   49770255100482.820       0.15916585003765493     
   57223659934246.734       0.16068432779608635     
   65793312615078.430       0.16185239644917548     
   75646332126246.938       0.16274734178421268     
   86974911836906.266       0.16343093761091321     
   100000027448957.08       0.16395187995002333     
   114975652678520.16       0.16434816325153170     
   132194079660279.48       0.16464921401050603     
   151991089331672.59       0.16487768154736751     
   174752842907909.34       0.16505093048120503     
   200923332010310.69       0.16518222898494336     
   231013039183572.44       0.16528169032393317     
   265608676666986.31       0.16535700838305553     
   305385477218835.88       0.16541402972176228     
   351119138374773.81       0.16545719039436596     
   403701742649337.38       0.16548985481752346     
   464158968299122.44       0.16551457281827986     
   533670096241432.13       0.16553327598013554     
   613590507879478.13       0.16554742696818153     
   705480078501565.13       0.16555813334853781     
   811130770067801.25       0.16556623325040665     
   932603408941369.13       0.16557236105395923     
   1072267444984686.6       0.16557699681266821     
   1232847170137538.0       0.16558050376559574     
   1417473691312555.0       0.16558315673124938     
   1629750522831596.8       0.16558516367195919     
   1873817329343428.3       0.16558668188089828     
   2154434887155150.0       0.16558783036845523     
   2477076932903381.0       0.16558869916751268     
   2848036934466959.0       0.16558935638800951     
   3274548155099386.0       0.16558985355199549     
   3764935180467992.0       0.16559022964273892     
   4328761173064908.5       0.16559051414264869     
   4977024143907061.0       0.16559072935698577     
   5722369134884675.0       0.16559089215906489     
   6579334873423966.0       0.16559101531304524     
   7564631136212340.0       0.16559110847413380     
   8697488796320660.0       0.16559117894760716     
   10000000000000000.       0.16559123225823008     
