   10000000000.000000       1.65591396193548371E-009
   11497569952.483057       2.18902079698556794E-009
   13219411481.224125       2.89375665331548042E-009
   15199111019.165558       3.82537606958902684E-009
   17475283990.992023       5.05692186569112748E-009
   20092329754.071892       6.68495285934664445E-009
   23101297577.291988       8.83711482540133706E-009
   26560876780.050396       1.16821440145632868E-008
   30538555056.582207       1.54431077126051251E-008
   35111918656.404129       2.04148805032683274E-008
   40370171494.636261       2.69872660277672992E-008
   46415888866.989273       3.56755783197526405E-008
   53366994975.459671       4.71610153336899161E-008
   61359071840.972931       6.23440730188890257E-008
   70548017532.502045       8.24151748716719012E-008
   81113088139.126205       1.08948024275348995E-007
   93260334494.390274       1.44022827258962827E-007
   107226715065.85367       1.90389623815143489E-007
   123284683173.39403       2.51683855978481921E-007
   141747417766.47531       3.32711039924630194E-007
   162975074650.63422       4.39824073018509240E-007
   187381758651.50677       5.81421207464655605E-007
   215443473931.26987       7.68603650820547966E-007
   247707625297.17838       1.01604714359468204E-006
   284803615271.07379       1.34315225450233980E-006
   327454860451.40137       1.77556263730774537E-006
   376493569718.56769       2.34718187318406020E-006
   432876176716.47656       3.10282301926213672E-006
   497702277776.62152       4.10172246441989393E-006
   572236756415.44592       5.42219399926458036E-006
   657933306746.56567       7.16774782882945136E-006
   756463217441.84448       9.47520363274369999E-006
   869748999000.55615       1.25254343758011054E-005
   1000000137244.7760       1.65574885809448305E-005
   1149756842381.3772       2.18873090656906789E-005
   1321941159461.7566       2.89325114966517052E-005
   1519911310516.4146       3.82449370007304659E-005
   1747528189239.9788       5.05537696685167477E-005
   2009233044346.3679       6.68225594958509129E-005
   2310130074782.4399       8.83240413274401849E-005
   2656087495737.9795       1.16739075262042551E-004
   3053855610439.6440       1.54287213344653814E-004
   3511192347533.1538       2.03897511767448219E-004
   4037016872433.8975       2.69433557739981119E-004
   4641589045957.3760       3.55988929570362641E-004
   5336700229980.0938       4.70271067735160279E-004
   6135906763036.7334       6.21102468810811356E-004
   7054802721484.8896       8.20070872587510928E-004
   8111309927147.3818       1.08236004939142811E-003
   9326032809464.4082       1.42781095775444244E-003
   10722668563324.676       1.88225602639510909E-003
   12328464933304.355       2.47915999103929868E-003
   14174740803943.002       3.26158381673620143E-003
   16297509701811.182       4.28445472219825003E-003
   18738178436867.426       5.61701000579026364E-003
   21544354785250.574       7.34514574378743439E-003
   24770755730403.730       9.57313018193504950E-003
   28480353709547.316       1.24238848653874384E-002
   32745490539287.035       1.60363016832597467E-002
   37649362139034.336       2.05580997307235787E-002
   43287623612647.047       2.61321330566218896E-002
   49770255100482.820       3.28749124961129416E-002
   57223659934246.734       4.08478607233699886E-002
   65793312615078.430       5.00256419680280492E-002
   75646332126246.938       6.02692209102872398E-002
   86974911836906.266       7.13159431505476921E-002
   100000027448957.08       8.27957216512839184E-002
   114975652678520.16       9.42754324092623247E-002
   132194079660279.48       0.10532215589492527     
   151991089331672.59       0.11556573671506315     
   174752842907909.34       0.12474352023314442     
   200923332010310.69       0.13271651428261050     
   231013039183572.44       0.13945928895690995     
   265608676666986.31       0.14503328823391812     
   305385477218835.88       0.14955508821516983     
   351119138374773.81       0.15316750667534124     
   403701742649337.38       0.15601826271590474     
   464158968299122.44       0.15824625981260890     
   533670096241432.13       0.15997439380171241     
   613590507879478.13       0.16130694083604433     
   705480078501565.13       0.16232981227745200     
   811130770067801.25       0.16311223651779214     
   932603408941369.13       0.16370914080149343     
   1072267444984686.6       0.16416358728024769     
   1232847170137538.0       0.16450903898068858     
   1417473691312555.0       0.16477132652890253     
   1629750522831596.8       0.16497029504095809     
   1873817329343428.3       0.16512112691044503     
   2154434887155150.0       0.16523540901739714     
   2477076932903381.0       0.16532196436555868     
   2848036934466959.0       0.16538750056129006     
   3274548155099386.0       0.16543711055149612     
   3764935180467992.0       0.16547465871015812     
   4328761173064908.5       0.16550307383236598     
   4977024143907061.0       0.16552457530830117     
   5722369134884675.0       0.16554084409366607     
   6579334873423966.0       0.16555315295444320     
   7564631136212340.0       0.16556246532208510     
   8697488796320660.0       0.16556951052838256     
   10000000000000000.       0.16557484036542580     
