1.000000000000000000e+01 -3.468970737211532231e-09 4.643239276694205234e-09 -4.655925712577674894e-09 2.721749259477416371e-08 2.604576150423549115e-08 2.879757884156971246e-08
1.069849999999999923e+01 1.734093801386656097e-08 2.530621433894196809e-08 2.370922736292872007e-08 5.482439367723313399e-08 5.692752986388083362e-08 6.611237418050524572e-08
1.144589999999999996e+01 2.986541385751532314e-08 6.228369159636031732e-08 6.441852698919790208e-08 1.329340987283812627e-07 1.524322063151814138e-07 1.838214574959649011e-07
1.224540000000000006e+01 4.902748839327533567e-08 5.842236859595315484e-08 8.136325317613439014e-08 9.073396077423471140e-08 1.216366006806480130e-07 1.805101583056974304e-07
1.310079999999999956e+01 1.330887631656662329e-08 2.299569466591595987e-08 2.612736158427105387e-08 5.085869587259198550e-08 6.525327028257251601e-08 9.558361884037551458e-08
1.401590000000000025e+01 6.999658932371936882e-09 1.191282298641085722e-08 9.822636449758607617e-09 2.138589403357066493e-08 3.015226435912747318e-08 4.971598824314431089e-08
1.499489999999999945e+01 1.735165140983659711e-08 2.518818587941757748e-08 3.208603987677683621e-08 6.236461665933505150e-08 7.630917645928843699e-08 1.101879412243712504e-07
1.604240000000000066e+01 2.681136156426472596e-09 7.449901298197279475e-09 6.709711442752217035e-09 3.088194019050284390e-08 3.946177113347607656e-08 6.404937646671972733e-08
1.716300000000000026e+01 1.334392129834588028e-08 1.994795792093656582e-08 2.086822808245374913e-08 3.091614672473473433e-08 4.579054141804100663e-08 7.855408176779458257e-08
1.836189999999999856e+01 9.458942063300547514e-09 2.260359847636928079e-08 1.747720285634769227e-08 5.665724490062492770e-08 6.628209024539120839e-08 8.983441048645149866e-08
1.964450000000000074e+01 1.638522220547663595e-08 2.180324724677525655e-08 2.860041811178580894e-08 3.930465634646682611e-08 5.552267519305198987e-08 9.042101186877702386e-08
2.101670000000000016e+01 1.304742281155558916e-08 1.899734021469597918e-08 2.539775739310064759e-08 4.967899133683409780e-08 6.462547782672768270e-08 1.022515733831468512e-07
2.248479999999999990e+01 9.359336766305553250e-09 2.166826328106604300e-08 1.954003835042292728e-08 5.692292663994308866e-08 6.874003832350014437e-08 9.465198924801215282e-08
2.405549999999999855e+01 1.241933312490018342e-08 2.024238130692309905e-08 2.607368581048322867e-08 4.005080316319321815e-08 5.970567989064183536e-08 1.010004435181715684e-07
2.573580000000000112e+01 1.358578731935677250e-08 2.345017054090257049e-08 2.781884087296014380e-08 5.312942710854572961e-08 7.152049621562692130e-08 1.121441236208954768e-07
2.753350000000000009e+01 1.114834932322492258e-08 1.479631117806715606e-08 2.151392567170416733e-08 3.755346703346853373e-08 5.285847212172047498e-08 9.440952708466667489e-08
2.945680000000000121e+01 4.611481909612606826e-09 1.063005768245255453e-08 8.717182080762248632e-09 3.441754731282399991e-08 4.372697841240187074e-08 7.016653742335308583e-08
3.151450000000000173e+01 7.874875961670271422e-09 1.249552673078665774e-08 1.398468342436109189e-08 2.689759873212391958e-08 4.008030840173118771e-08 7.356478907509402312e-08
3.371589999999999776e+01 1.039905169045272698e-08 1.375965750741076121e-08 2.156499059882930966e-08 3.620399285824012809e-08 5.178540782749160354e-08 9.589005264005860403e-08
3.607099999999999795e+01 6.905730080471704956e-09 1.269112681323112117e-08 1.723418764440218600e-08 3.470700069113414543e-08 5.173871580905978798e-08 9.448011996557433921e-08
3.859069999999999823e+01 4.231708208487279960e-09 9.230625426097814454e-09 1.021691381517765623e-08 2.678050373262305939e-08 3.941930177093416109e-08 7.200379628386359917e-08
4.128640000000000043e+01 4.032245554525970665e-09 6.345222830552372319e-09 5.446686515331164056e-09 2.241722945997898384e-08 2.952239030051757180e-08 5.635106734890745350e-08
4.417040000000000077e+01 7.412692745164287682e-09 1.216753519093200531e-08 1.545292322363705142e-08 2.956335481435846117e-08 4.359179914328008613e-08 8.033057859346594266e-08
4.725580000000000069e+01 6.260269489832519434e-09 1.044381624872559351e-08 1.434428157739318334e-08 2.458331855685852235e-08 3.929019576998883783e-08 7.717889678816160213e-08
5.055680000000000263e+01 5.221473309466419105e-09 8.552992838282459637e-09 1.097112944972138589e-08 2.401617664178486138e-08 3.517999061878700053e-08 6.805195077685306153e-08
5.408829999999999671e+01 5.944677244608570918e-09 8.895263181768837490e-09 1.211709161829281932e-08 2.388552567253266933e-08 3.578360333216907283e-08 7.032576511917888406e-08
5.786659999999999826e+01 4.323232617708787725e-09 7.417626403107177253e-09 9.142290865016095178e-09 1.942201238999761370e-08 2.799962386061716024e-08 5.624082685758589047e-08
6.190870000000000317e+01 3.795654536898083227e-09 6.671242013442814912e-09 8.760653671166401538e-09 2.055099583917389259e-08 2.840285586075747146e-08 5.747149293253843206e-08
6.623319999999999652e+01 3.274726490974370992e-09 6.798142165885588131e-09 7.921410122686765311e-09 1.914657026999399648e-08 2.820154135756264952e-08 5.390610714714312661e-08
7.085980000000000700e+01 2.991353428766295470e-09 5.219242486657655955e-09 6.610581922402738003e-09 1.646864060072171642e-08 2.457685208852130379e-08 4.965557636046320397e-08
7.580960000000000321e+01 3.019592655632268168e-09 6.910867169660025612e-09 8.181924694234310482e-09 1.825626348374947879e-08 2.863075669220410756e-08 5.544640510718456728e-08
8.110509999999999309e+01 2.204902131278584119e-09 4.094892358443012697e-09 4.609818968129849142e-09 1.390071886275799743e-08 1.955457044342189412e-08 3.917013360587904617e-08
8.677060000000000173e+01 2.034348769261784535e-09 4.674957101895564673e-09 5.142560996916015058e-09 1.517836066393463693e-08 2.210446278286962476e-08 4.172683463756381736e-08
9.283180000000000121e+01 2.159984952855521097e-09 4.416960657252080838e-09 4.991909400875572536e-09 1.256472348543924710e-08 1.897440100015957023e-08 3.695525284385202418e-08
9.931640000000000157e+01 2.144728009157772478e-09 4.144448816332674292e-09 5.177020663659967760e-09 1.217371075833695649e-08 1.880440222732710267e-08 3.746973616373546488e-08
1.062539000000000016e+02 1.913089665434471772e-09 3.602573132437206595e-09 4.605182219319230747e-09 1.162448179451295212e-08 1.766360640842002248e-08 3.576806469868099650e-08
1.136761000000000053e+02 1.800683685439999501e-09 3.273399883617561675e-09 4.298395895838896363e-09 9.725527278098782334e-09 1.518881464223376256e-08 3.235728727975580380e-08
1.216166999999999945e+02 1.476937226735187332e-09 2.896899804113003946e-09 3.604390171526996020e-09 9.216869530056901769e-09 1.420515965855307822e-08 2.946059656183845458e-08
1.301119999999999948e+02 1.194253598750898128e-09 2.181658513796804375e-09 2.413388957118497721e-09 7.271401824347536164e-09 1.129011943284433336e-08 2.402214600119911264e-08
1.392007000000000119e+02 1.650610612560858303e-09 2.904126301653718546e-09 3.751307667215364406e-09 8.387568128036603645e-09 1.299765894053697898e-08 2.672117227483787898e-08
1.489242999999999881e+02 1.275630039446913998e-09 2.334486016449842888e-09 3.023126076413930088e-09 7.163760110639796862e-09 1.111439214555857238e-08 2.389635921213079200e-08
1.593272000000000048e+02 9.413452491941916631e-10 1.722239011657651103e-09 2.158170400047208362e-09 5.920216429583278064e-09 9.322898669328335757e-09 2.076076007522273554e-08
1.704567000000000121e+02 1.038275006460133878e-09 1.894003003328572303e-09 2.365718333568254690e-09 5.741067604663301807e-09 9.164791121121377917e-09 2.001093540940863906e-08
1.823635999999999910e+02 7.173606151490013277e-10 1.621219026279247857e-09 1.875352592365710806e-09 5.132959341114477791e-09 8.181303571395913861e-09 1.797142106504184795e-08
1.951022000000000105e+02 7.164101510361295957e-10 1.349646944392810476e-09 1.589997608447943432e-09 4.364990198561519577e-09 6.949780295663932108e-09 1.553190170831891553e-08
2.087307000000000130e+02 6.524432558134252157e-10 1.238363635964984780e-09 1.474868492366906795e-09 3.978184119454653634e-09 6.229631794593282279e-09 1.419602452951470727e-08
2.233112000000000137e+02 6.805099144697946954e-10 1.127044373902512911e-09 1.518563466844895046e-09 3.609834574268087375e-09 5.769105564367269426e-09 1.348122391600399964e-08
2.389102000000000032e+02 5.390160476013312662e-10 1.057981995949913118e-09 1.186906808492505567e-09 3.386200855252947628e-09 5.199538279452176278e-09 1.147921144363216859e-08
2.555988000000000113e+02 5.254882551689190637e-10 9.818484165651956500e-10 1.067640290918698320e-09 3.126234258127566484e-09 4.723169837687476853e-09 1.027132549508695677e-08
2.734531000000000063e+02 5.046450167020756216e-10 9.164169605583227475e-10 1.015988863359191647e-09 2.756501365518579301e-09 4.295801696048357744e-09 9.414641431062183897e-09
2.925545999999999935e+02 4.922180434104361330e-10 8.288110291431246297e-10 9.908011213964241378e-10 2.450060894796466080e-09 3.950147106837374398e-09 8.810830964514199225e-09
3.129904999999999973e+02 4.721558916656897159e-10 7.640155022729996036e-10 9.342759140953490679e-10 2.223148068791017224e-09 3.456484744748502748e-09 7.834038449260828810e-09
3.348539000000000101e+02 4.169099786500203793e-10 7.365980378354886520e-10 8.468828113259129108e-10 2.148006687228834363e-09 3.259435957093659001e-09 7.086711840686787541e-09
3.582445000000000164e+02 3.363870091594817533e-10 6.314903348127549517e-10 7.078630073665722322e-10 1.847930799737432498e-09 2.802181421446427099e-09 6.150458157807422904e-09
3.832690000000000055e+02 3.532246045725776168e-10 6.137855164392217680e-10 7.377723628936953256e-10 1.733914460725305335e-09 2.590778707067082105e-09 5.795939799521483546e-09
4.100414999999999850e+02 3.133757854508521024e-10 5.467954872045043286e-10 6.107109354378510811e-10 1.563063303232703720e-09 2.297494620399831396e-09 5.028250402028588493e-09
4.386841000000000008e+02 2.916344600613656552e-10 5.233800896851666772e-10 5.768269529507349375e-10 1.433220732315159301e-09 2.120939351357217392e-09 4.467887940902454762e-09
4.693274999999999864e+02 2.912114708125599405e-10 5.165959262595280647e-10 5.722765862104864923e-10 1.371109838425093344e-09 1.983488817463646547e-09 4.113239173630500650e-09
5.021114999999999782e+02 3.107016488330450051e-10 4.827831068408083958e-10 5.608413016501950263e-10 1.188071351568719111e-09 1.758963002409125710e-09 3.723875988000672500e-09
5.371856000000000222e+02 2.760745937476614314e-10 4.465738585178621931e-10 5.216982088102190334e-10 1.080543693789769099e-09 1.604363584417509106e-09 3.355970100692163616e-09
5.747096999999999980e+02 2.493280473334558632e-10 4.344456629195155528e-10 4.903257131884204233e-10 1.047948362312603039e-09 1.508103410445781575e-09 3.061264842661857167e-09
6.148550000000000182e+02 2.496107521349802104e-10 4.144382751216080984e-10 4.610643291101911787e-10 9.543848007841308727e-10 1.367845965301056626e-09 2.721591381928711653e-09
6.578043000000000120e+02 2.430037012897916883e-10 3.923258519612396998e-10 4.348389305853583515e-10 9.057707053538688000e-10 1.285335420967061918e-09 2.516523609868661156e-09
7.037540000000000191e+02 2.352445353951704359e-10 3.639410495741070471e-10 4.172168147735482548e-10 8.368971576013857478e-10 1.186368925844351204e-09 2.302871583046324978e-09
7.529134000000000242e+02 2.239062939155299430e-10 3.597738261738011550e-10 4.069859614595834059e-10 7.875301833129310876e-10 1.101101220390074708e-09 2.092581741090360244e-09
8.055067999999999984e+02 2.105656910165471829e-10 3.259825735588494780e-10 3.850774662328816386e-10 7.395330984336326818e-10 1.013140618982180260e-09 1.925431283659892005e-09
8.617740000000000009e+02 1.870385195675947532e-10 3.159954090262134831e-10 3.410528817244120326e-10 6.985410089685854961e-10 9.503829412980639775e-10 1.714505989942122411e-09
9.219713000000000420e+02 1.933378732104068383e-10 3.054740202603743816e-10 3.539274549620880609e-10 6.558976904159418022e-10 9.030126860635663271e-10 1.628091200308100665e-09
9.863739000000000487e+02 1.729999144180832791e-10 2.650053518774443548e-10 3.204774222552090386e-10 6.147381158578687732e-10 8.231674736214620295e-10 1.483536201887148312e-09
1.055275200000000041e+03 1.716665020856597195e-10 2.695492347785060737e-10 3.070763953236441930e-10 5.885465790773895919e-10 7.777495503701822343e-10 1.355613733978856729e-09
1.128989499999999907e+03 1.629716065925106007e-10 2.618551673713838513e-10 2.938484962105297536e-10 5.654530031599199697e-10 7.520553845853453227e-10 1.255835474901318886e-09
1.207852900000000091e+03 1.581321204678921383e-10 2.495974257640516384e-10 2.839614664183830172e-10 5.258988622910093678e-10 7.029946325366669286e-10 1.176169580911207349e-09
1.292225300000000061e+03 1.438823558158532731e-10 2.361621109466376213e-10 2.607829675569901985e-10 5.090029725022752187e-10 6.594507293565241843e-10 1.093685594645093708e-09
1.382490700000000061e+03 1.410149399260384417e-10 2.227069314102280932e-10 2.538985287663636575e-10 4.868458751725556219e-10 6.357365754940532280e-10 1.026208420800731004e-09
1.479062100000000100e+03 1.328692672786604231e-10 2.194528777922227212e-10 2.461599649601851657e-10 4.562156207321412122e-10 6.043276545679565534e-10 9.738349523567255179e-10
1.582379200000000083e+03 1.289742000625808560e-10 2.065329316186345785e-10 2.371227457297598092e-10 4.341779667901591835e-10 5.700047145247435961e-10 9.162232332647723609e-10
1.692913399999999911e+03 1.144115373817422477e-10 1.982448169655439343e-10 2.206716792411404342e-10 4.295861654647582927e-10 5.556419200002996754e-10 8.567553058625062076e-10
1.811168799999999919e+03 1.109266006310318429e-10 1.810586924774150330e-10 2.064306310514460206e-10 3.953117661259344755e-10 5.201677885266452825e-10 8.077590826757124017e-10
1.937684600000000046e+03 1.060201579712130808e-10 1.746946227404512542e-10 2.016304206816999794e-10 3.781085051325210646e-10 5.012734236311852682e-10 7.779756497408079126e-10
2.073037200000000212e+03 9.756643722313137278e-11 1.638191733028496054e-10 1.896541551278812568e-10 3.601702809930929992e-10 4.723412888266218661e-10 7.312852026134173659e-10
2.217845299999999952e+03 8.641166290160020900e-11 1.555932056874678534e-10 1.751752085993528761e-10 3.437503930166922877e-10 4.530747957911087923e-10 6.978349721892015998e-10
2.372768799999999828e+03 8.284107188967948401e-11 1.419006037134287913e-10 1.628908348584640106e-10 3.234129676272101499e-10 4.270023978111889685e-10 6.580554278304640837e-10
2.538514200000000073e+03 7.924557441127950155e-11 1.380692927819081900e-10 1.603666424079046267e-10 3.119028402734416781e-10 4.136126887198464135e-10 6.299478045613209174e-10
2.715837399999999889e+03 6.857595075397009945e-11 1.260109240395264151e-10 1.420453652692980024e-10 2.977885287000162661e-10 3.925328800104281584e-10 5.900244957657205360e-10
2.905547199999999975e+03 6.688240910501728081e-11 1.185774898767284829e-10 1.415736357590104030e-10 2.821874801888076740e-10 3.728062496993476838e-10 5.800373116770355955e-10
3.108507599999999911e+03 5.853408419935132493e-11 1.073516028197069358e-10 1.261360586051945226e-10 2.655695567655844233e-10 3.511798117297481940e-10 5.421505035552907101e-10
3.325646699999999782e+03 5.502689657453863897e-11 1.012746602647385393e-10 1.166252913527878181e-10 2.509358914065606681e-10 3.324169400406081496e-10 5.128461417253420196e-10
3.557953599999999824e+03 4.825925809920173012e-11 9.410083225716281936e-11 1.110072039896221029e-10 2.333004901394296901e-10 3.164856449954398023e-10 4.909546649175158691e-10
3.806487900000000081e+03 4.491851309569116084e-11 8.503059330416395548e-11 1.002233729640462128e-10 2.204807076039925477e-10 2.967820757177325433e-10 4.642956701978517119e-10
4.072383100000000013e+03 4.299111662448294664e-11 7.961139463694154440e-11 9.686360205299640253e-11 2.052335791224807656e-10 2.815564054521309457e-10 4.479469260336228087e-10
4.356851899999999659e+03 3.555500627143693067e-11 7.255008296024470486e-11 8.544939705712409192e-11 1.948363633202867858e-10 2.653901053369124244e-10 4.193797018136711559e-10
4.661189800000000105e+03 3.374115172797474470e-11 6.642810252165764051e-11 7.813832106776719293e-11 1.806055010141523797e-10 2.495556165340213069e-10 3.974700095864783669e-10
4.986788700000000063e+03 2.824510384160590552e-11 5.862401137442730659e-11 7.047544567199479517e-11 1.655758675880707284e-10 2.324664447728464416e-10 3.784739676738607297e-10
5.335131599999999708e+03 2.785633225193409246e-11 5.379078527606236905e-11 6.584292186526930878e-11 1.565922933473581593e-10 2.189267171009010666e-10 3.557124184068512063e-10
5.707807300000000396e+03 2.303159444645936462e-11 4.891118704675962419e-11 5.903726091149418122e-11 1.453083803368202250e-10 2.026307575570094592e-10 3.343816551308563721e-10
6.106515699999999924e+03 2.058221585922149302e-11 4.287868347373841547e-11 5.284722945711573606e-11 1.299798337520561214e-10 1.862887098482962669e-10 3.147608541361280754e-10
6.533074999999999818e+03 1.754289128363186003e-11 3.828999420674074096e-11 4.588683877507346811e-11 1.193533384439828426e-10 1.734669205405732858e-10 2.910567279957669024e-10
6.989428200000000288e+03 1.611943149923431163e-11 3.395456740497124208e-11 4.227037053789270163e-11 1.093821026470949660e-10 1.586549273350912509e-10 2.743841570064898804e-10
7.477661699999999655e+03 1.350375383806674583e-11 2.981850104853092644e-11 3.689468537290378452e-11 9.867152591351898653e-11 1.456454334812632215e-10 2.555694181536430499e-10
8.000000000000000000e+03 1.110161482439834076e-11 2.624448809932137333e-11 3.202483326238679019e-11 8.963527657358597166e-11 1.338660511402284659e-10 2.387650504668754383e-10
