   10.0000  0.1858654E-07  0.2847847E-07  0.3195582E-07  0.5414160E-07  0.6734911E-07  0.9394101E-07
   10.6239  0.1813226E-07  0.2803742E-07  0.3153553E-07  0.5408754E-07  0.6761248E-07  0.9505446E-07
   11.2867  0.1764934E-07  0.2754440E-07  0.3105554E-07  0.5393659E-07  0.6776407E-07  0.9604487E-07
   11.9909  0.1714670E-07  0.2700781E-07  0.3052395E-07  0.5369340E-07  0.6780631E-07  0.9691041E-07
   12.7390  0.1662465E-07  0.2642723E-07  0.2993994E-07  0.5335344E-07  0.6773228E-07  0.9763948E-07
   13.5337  0.1608241E-07  0.2580144E-07  0.2930196E-07  0.5291160E-07  0.6753443E-07  0.9821963E-07
   14.3781  0.1552185E-07  0.2513225E-07  0.2861160E-07  0.5236611E-07  0.6720853E-07  0.9864150E-07
   15.2751  0.1494456E-07  0.2442136E-07  0.2787037E-07  0.5171524E-07  0.6675036E-07  0.9889546E-07
   16.2281  0.1435535E-07  0.2367408E-07  0.2708355E-07  0.5096131E-07  0.6615977E-07  0.9897574E-07
   17.2405  0.1376366E-07  0.2290099E-07  0.2626186E-07  0.5011266E-07  0.6544274E-07  0.9888264E-07
   18.3162  0.1317079E-07  0.2210447E-07  0.2540785E-07  0.4916955E-07  0.6459708E-07  0.9860803E-07
   19.4589  0.1257359E-07  0.2128255E-07  0.2451982E-07  0.4812838E-07  0.6361679E-07  0.9813976E-07
   20.6729  0.1197594E-07  0.2044092E-07  0.2360393E-07  0.4699452E-07  0.6250510E-07  0.9747487E-07
   21.9626  0.1138545E-07  0.1958934E-07  0.2267052E-07  0.4577855E-07  0.6127075E-07  0.9661578E-07
   23.3329  0.1080555E-07  0.1873338E-07  0.2172579E-07  0.4448755E-07  0.5991931E-07  0.9556172E-07
   24.7886  0.1023543E-07  0.1787444E-07  0.2077179E-07  0.4312505E-07  0.5845318E-07  0.9430893E-07
   26.3351  0.9677215E-08  0.1701729E-07  0.1981413E-07  0.4169900E-07  0.5687981E-07  0.9285910E-07
   27.9781  0.9134279E-08  0.1616804E-07  0.1885985E-07  0.4021956E-07  0.5520933E-07  0.9121721E-07
   29.7236  0.8608973E-08  0.1533186E-07  0.1791513E-07  0.3869687E-07  0.5345244E-07  0.8938950E-07
   31.5780  0.8101537E-08  0.1451167E-07  0.1698391E-07  0.3713958E-07  0.5161874E-07  0.8738225E-07
   33.5482  0.7612923E-08  0.1371109E-07  0.1607090E-07  0.3555802E-07  0.4972013E-07  0.8520514E-07
   35.6412  0.7144162E-08  0.1293367E-07  0.1518071E-07  0.3396324E-07  0.4776976E-07  0.8287028E-07
   37.8648  0.6695339E-08  0.1218169E-07  0.1431662E-07  0.3236554E-07  0.4578071E-07  0.8039063E-07
   40.2271  0.6266663E-08  0.1145727E-07  0.1348171E-07  0.3077557E-07  0.4376713E-07  0.7778142E-07
   42.7368  0.5857597E-08  0.1076136E-07  0.1267774E-07  0.2920288E-07  0.4174273E-07  0.7505889E-07
   45.4031  0.5468003E-08  0.1009493E-07  0.1190638E-07  0.2765706E-07  0.3972186E-07  0.7224172E-07
   48.2358  0.5097283E-08  0.9458047E-08  0.1116819E-07  0.2614627E-07  0.3771792E-07  0.6934950E-07
   51.2451  0.4744644E-08  0.8850129E-08  0.1046292E-07  0.2467737E-07  0.3574334E-07  0.6640275E-07
   54.4423  0.4409824E-08  0.8270837E-08  0.9790416E-08  0.2325652E-07  0.3381006E-07  0.6342342E-07
   57.8388  0.4092048E-08  0.7718936E-08  0.9149411E-08  0.2188771E-07  0.3192776E-07  0.6043292E-07
   61.4473  0.3790778E-08  0.7193225E-08  0.8538543E-08  0.2057358E-07  0.3010451E-07  0.5745257E-07
   65.2809  0.3505842E-08  0.6692799E-08  0.7956642E-08  0.1931569E-07  0.2834681E-07  0.5450322E-07
   69.3537  0.3236822E-08  0.6216441E-08  0.7402138E-08  0.1811374E-07  0.2665854E-07  0.5160376E-07
   73.6806  0.2983523E-08  0.5763261E-08  0.6873762E-08  0.1696646E-07  0.2504173E-07  0.4877118E-07
   78.2775  0.2745915E-08  0.5332740E-08  0.6370638E-08  0.1587184E-07  0.2349662E-07  0.4602011E-07
   83.1611  0.2523817E-08  0.4924419E-08  0.5892008E-08  0.1482701E-07  0.2202153E-07  0.4336187E-07
   88.3494  0.2317115E-08  0.4538228E-08  0.5437610E-08  0.1382902E-07  0.2061360E-07  0.4080473E-07
   93.8614  0.2125630E-08  0.4174327E-08  0.5007551E-08  0.1287502E-07  0.1926908E-07  0.3835360E-07
   99.7173  0.1949011E-08  0.3832971E-08  0.4602187E-08  0.1196249E-07  0.1798375E-07  0.3601007E-07
  105.9385  0.1786786E-08  0.3514477E-08  0.4222094E-08  0.1108966E-07  0.1675352E-07  0.3377284E-07
  112.5479  0.1638304E-08  0.3219048E-08  0.3867864E-08  0.1025562E-07  0.1557486E-07  0.3163818E-07
  119.5696  0.1502748E-08  0.2946617E-08  0.3539887E-08  0.9460449E-08  0.1444521E-07  0.2960048E-07
  127.0294  0.1379199E-08  0.2696766E-08  0.3238197E-08  0.8705198E-08  0.1336339E-07  0.2765310E-07
  134.9546  0.1266656E-08  0.2468601E-08  0.2962242E-08  0.7991632E-08  0.1232964E-07  0.2578904E-07
  143.3742  0.1164152E-08  0.2260817E-08  0.2710864E-08  0.7321943E-08  0.1134568E-07  0.2400184E-07
  152.3192  0.1070766E-08  0.2071732E-08  0.2482278E-08  0.6698142E-08  0.1041430E-07  0.2228626E-07
  161.8221  0.9857167E-09  0.1899528E-08  0.2274325E-08  0.6121564E-08  0.9538857E-08  0.2063896E-07
  171.9180  0.9083224E-09  0.1742411E-08  0.2084702E-08  0.5592282E-08  0.8722412E-08  0.1905895E-07
  182.6438  0.8380230E-09  0.1598860E-08  0.1911343E-08  0.5108892E-08  0.7967031E-08  0.1754784E-07
  194.0387  0.7743078E-09  0.1467701E-08  0.1752632E-08  0.4668508E-08  0.7273042E-08  0.1610968E-07
  206.1445  0.7166880E-09  0.1348118E-08  0.1607502E-08  0.4267226E-08  0.6638772E-08  0.1475033E-07
  219.0055  0.6646598E-09  0.1239506E-08  0.1475301E-08  0.3900786E-08  0.6060654E-08  0.1347642E-07
  232.6690  0.6177037E-09  0.1141292E-08  0.1355533E-08  0.3565312E-08  0.5533814E-08  0.1229385E-07
  247.1850  0.5753078E-09  0.1052775E-08  0.1247557E-08  0.3257844E-08  0.5052921E-08  0.1120617E-07
  262.6065  0.5369938E-09  0.9730689E-09  0.1150423E-08  0.2976435E-08  0.4613025E-08  0.1021329E-07
  278.9902  0.5023425E-09  0.9012154E-09  0.1062963E-08  0.2719821E-08  0.4210104E-08  0.9310907E-08
  296.3959  0.4709870E-09  0.8363237E-09  0.9840192E-09  0.2486884E-08  0.3841198E-08  0.8491061E-08
  314.8877  0.4426006E-09  0.7776700E-09  0.9126408E-09  0.2276259E-08  0.3504242E-08  0.7743655E-08
  334.5332  0.4168780E-09  0.7246929E-09  0.8481397E-09  0.2086218E-08  0.3197682E-08  0.7058747E-08
  355.4043  0.3935301E-09  0.6769160E-09  0.7899908E-09  0.1914828E-08  0.2920032E-08  0.6428560E-08
  377.5775  0.3722864E-09  0.6338509E-09  0.7376605E-09  0.1760232E-08  0.2669553E-08  0.5848556E-08
  401.1341  0.3529043E-09  0.5949724E-09  0.6905242E-09  0.1620830E-08  0.2444100E-08  0.5317140E-08
  426.1602  0.3351722E-09  0.5597839E-09  0.6479476E-09  0.1495235E-08  0.2241202E-08  0.4833938E-08
  452.7478  0.3188982E-09  0.5278755E-09  0.6094078E-09  0.1382157E-08  0.2058367E-08  0.4397678E-08
  480.9941  0.3039075E-09  0.4989129E-09  0.5745086E-09  0.1280385E-08  0.1893442E-08  0.4005214E-08
  511.0028  0.2900376E-09  0.4725771E-09  0.5428854E-09  0.1188824E-08  0.1744759E-08  0.3651963E-08
  542.8836  0.2771471E-09  0.4485501E-09  0.5141550E-09  0.1106480E-08  0.1611026E-08  0.3333140E-08
  576.7532  0.2651110E-09  0.4265368E-09  0.4879436E-09  0.1032413E-08  0.1491009E-08  0.3044941E-08
  612.7361  0.2538204E-09  0.4062883E-09  0.4639349E-09  0.9657280E-09  0.1383329E-08  0.2784932E-08
  650.9640  0.2431778E-09  0.3875935E-09  0.4418699E-09  0.9056106E-09  0.1286560E-08  0.2551300E-08
  691.5768  0.2330971E-09  0.3702640E-09  0.4215208E-09  0.8513381E-09  0.1199469E-08  0.2341848E-08
  734.7234  0.2235016E-09  0.3541257E-09  0.4026743E-09  0.8022531E-09  0.1121079E-08  0.2153906E-08
  780.5619  0.2143262E-09  0.3390234E-09  0.3851371E-09  0.7577520E-09  0.1050527E-08  0.1985021E-08
  829.2598  0.2055129E-09  0.3248185E-09  0.3687362E-09  0.7172890E-09  0.9869329E-09  0.1833350E-08
  880.9963  0.1970129E-09  0.3113904E-09  0.3533209E-09  0.6803853E-09  0.9294432E-09  0.1697382E-08
  935.9606  0.1887846E-09  0.2986331E-09  0.3387578E-09  0.6466197E-09  0.8773204E-09  0.1575552E-08
  994.3540  0.1807926E-09  0.2864532E-09  0.3249291E-09  0.6156120E-09  0.8299487E-09  0.1466228E-08
 1056.3905  0.1730086E-09  0.2747715E-09  0.3117333E-09  0.5870191E-09  0.7867868E-09  0.1367921E-08
 1122.2973  0.1654090E-09  0.2635186E-09  0.2990816E-09  0.5605323E-09  0.7473322E-09  0.1279376E-08
 1192.3156  0.1579754E-09  0.2526361E-09  0.2868984E-09  0.5358781E-09  0.7111257E-09  0.1199512E-08
 1266.7027  0.1506941E-09  0.2420750E-09  0.2751191E-09  0.5128152E-09  0.6777574E-09  0.1127358E-08
 1345.7307  0.1435548E-09  0.2317938E-09  0.2636886E-09  0.4911301E-09  0.6468648E-09  0.1062028E-08
 1429.6892  0.1365514E-09  0.2217593E-09  0.2525619E-09  0.4706366E-09  0.6181272E-09  0.1002721E-08
 1518.8857  0.1296808E-09  0.2119455E-09  0.2417021E-09  0.4511720E-09  0.5912605E-09  0.9487195E-09
 1613.6470  0.1229417E-09  0.2023306E-09  0.2310785E-09  0.4325936E-09  0.5660137E-09  0.8993760E-09
 1714.3198  0.1163373E-09  0.1929016E-09  0.2206700E-09  0.4147813E-09  0.5421701E-09  0.8541155E-09
 1821.2741  0.1098701E-09  0.1836466E-09  0.2104580E-09  0.3976285E-09  0.5195373E-09  0.8124228E-09
 1934.9011  0.1035467E-09  0.1745614E-09  0.2004325E-09  0.3810477E-09  0.4979515E-09  0.7738463E-09
 2055.6171  0.9737327E-10  0.1656433E-09  0.1905861E-09  0.3649636E-09  0.4772694E-09  0.7379861E-09
 2183.8645  0.9135801E-10  0.1568942E-09  0.1809169E-09  0.3493150E-09  0.4573692E-09  0.7044915E-09
 2320.1131  0.8550945E-10  0.1483185E-09  0.1714261E-09  0.3340516E-09  0.4381474E-09  0.6730548E-09
 2464.8611  0.7983633E-10  0.1399227E-09  0.1621181E-09  0.3191336E-09  0.4195171E-09  0.6434073E-09
 2618.6407  0.7434801E-10  0.1317157E-09  0.1530003E-09  0.3045308E-09  0.4014067E-09  0.6153155E-09
 2782.0144  0.6905294E-10  0.1237074E-09  0.1440817E-09  0.2902206E-09  0.3837574E-09  0.5885773E-09
 2955.5808  0.6396005E-10  0.1159095E-09  0.1353738E-09  0.2761886E-09  0.3665234E-09  0.5630198E-09
 3139.9758  0.5907668E-10  0.1083335E-09  0.1268884E-09  0.2624260E-09  0.3496685E-09  0.5384945E-09
 3335.8750  0.5441008E-10  0.1009920E-09  0.1186391E-09  0.2489303E-09  0.3331669E-09  0.5148769E-09
 3543.9947  0.4996599E-10  0.9389722E-10  0.1106394E-09  0.2357034E-09  0.3170008E-09  0.4920619E-09
 3765.1001  0.4574903E-10  0.8706089E-10  0.1029027E-09  0.2227515E-09  0.3011596E-09  0.4699628E-09
 4000.0000  0.4176266E-10  0.8049431E-10  0.9544262E-10  0.2100843E-09  0.2856395E-09  0.4485093E-09
