   10.0000  0.1859028E-07  0.2848335E-07  0.3196106E-07  0.5414831E-07  0.6735640E-07  0.9394895E-07
   10.7980  0.1800869E-07  0.2791468E-07  0.3141745E-07  0.5406334E-07  0.6767177E-07  0.9534112E-07
   11.6597  0.1738531E-07  0.2726646E-07  0.3078174E-07  0.5382493E-07  0.6780882E-07  0.9653505E-07
   12.5902  0.1673148E-07  0.2654878E-07  0.3006330E-07  0.5343524E-07  0.6776500E-07  0.9751917E-07
   13.5949  0.1604514E-07  0.2575842E-07  0.2925816E-07  0.5288284E-07  0.6752395E-07  0.9826723E-07
   14.6798  0.1532947E-07  0.2489837E-07  0.2836886E-07  0.5216339E-07  0.6707630E-07  0.9875941E-07
   15.8512  0.1458874E-07  0.2397324E-07  0.2739969E-07  0.5127462E-07  0.6641469E-07  0.9897721E-07
   17.1162  0.1383837E-07  0.2300018E-07  0.2636789E-07  0.5022837E-07  0.6554603E-07  0.9891604E-07
   18.4820  0.1308606E-07  0.2198915E-07  0.2528377E-07  0.4903019E-07  0.6447093E-07  0.9856451E-07
   19.9569  0.1232741E-07  0.2093828E-07  0.2414605E-07  0.4767505E-07  0.6317950E-07  0.9790022E-07
   21.5495  0.1157354E-07  0.1986265E-07  0.2297084E-07  0.4617811E-07  0.6168268E-07  0.9692140E-07
   23.2692  0.1083543E-07  0.1877759E-07  0.2177471E-07  0.4455718E-07  0.5999484E-07  0.9562944E-07
   25.1261  0.1011344E-07  0.1768801E-07  0.2056390E-07  0.4282132E-07  0.5812266E-07  0.9401833E-07
   27.1312  0.9411877E-08  0.1660354E-07  0.1934976E-07  0.4098680E-07  0.5608142E-07  0.9209168E-07
   29.2963  0.8736960E-08  0.1553609E-07  0.1814615E-07  0.3907450E-07  0.5389237E-07  0.8986066E-07
   31.6341  0.8090843E-08  0.1449338E-07  0.1696290E-07  0.3710326E-07  0.5157607E-07  0.8733810E-07
   34.1586  0.7475008E-08  0.1348233E-07  0.1580909E-07  0.3509346E-07  0.4915591E-07  0.8454272E-07
   36.8845  0.6891275E-08  0.1250979E-07  0.1469372E-07  0.3306742E-07  0.4665876E-07  0.8149957E-07
   39.8279  0.6339838E-08  0.1158018E-07  0.1362324E-07  0.3104641E-07  0.4411220E-07  0.7823706E-07
   43.0062  0.5820165E-08  0.1069628E-07  0.1260217E-07  0.2905077E-07  0.4154468E-07  0.7478791E-07
   46.4381  0.5331590E-08  0.9859687E-08  0.1163351E-07  0.2709955E-07  0.3898488E-07  0.7118952E-07
   50.1439  0.4873038E-08  0.9070472E-08  0.1071829E-07  0.2520911E-07  0.3646004E-07  0.6748272E-07
   54.1455  0.4443266E-08  0.8327503E-08  0.9855888E-08  0.2339253E-07  0.3399485E-07  0.6371069E-07
   58.4663  0.4041042E-08  0.7628799E-08  0.9044364E-08  0.2165910E-07  0.3161027E-07  0.5991756E-07
   63.1320  0.3665370E-08  0.6972031E-08  0.8281057E-08  0.2001423E-07  0.2932273E-07  0.5614686E-07
   68.1700  0.3315594E-08  0.6354972E-08  0.7563135E-08  0.1845969E-07  0.2714361E-07  0.5243973E-07
   73.6101  0.2991298E-08  0.5775719E-08  0.6887944E-08  0.1699394E-07  0.2507887E-07  0.4883278E-07
   79.4842  0.2692181E-08  0.5232872E-08  0.6253344E-08  0.1561283E-07  0.2312929E-07  0.4535630E-07
   85.8271  0.2418002E-08  0.4725730E-08  0.5658054E-08  0.1431070E-07  0.2129134E-07  0.4203288E-07
   92.6762  0.2168479E-08  0.4254338E-08  0.5101836E-08  0.1308155E-07  0.1955843E-07  0.3887669E-07
  100.0719  0.1942984E-08  0.3819107E-08  0.4585194E-08  0.1191993E-07  0.1792219E-07  0.3589326E-07
  108.0577  0.1740597E-08  0.3420703E-08  0.4109301E-08  0.1082217E-07  0.1637433E-07  0.3308051E-07
  116.6809  0.1559905E-08  0.3059405E-08  0.3675253E-08  0.9786769E-08  0.1490799E-07  0.3042998E-07
  125.9921  0.1399138E-08  0.2734758E-08  0.3283534E-08  0.8814821E-08  0.1351922E-07  0.2792920E-07
  136.0464  0.1256314E-08  0.2445228E-08  0.2933376E-08  0.7909586E-08  0.1220777E-07  0.2556408E-07
  146.9030  0.1129440E-08  0.2188128E-08  0.2622381E-08  0.7075396E-08  0.1097703E-07  0.2332150E-07
  158.6261  0.1016722E-08  0.1959954E-08  0.2346703E-08  0.6316037E-08  0.9833072E-08  0.2119178E-07
  171.2846  0.9166762E-09  0.1757002E-08  0.2101747E-08  0.5632899E-08  0.8782507E-08  0.1917064E-07
  184.9533  0.8280998E-09  0.1576039E-08  0.1883181E-08  0.5023694E-08  0.7829932E-08  0.1726032E-07
  199.7128  0.7499569E-09  0.1414734E-08  0.1687809E-08  0.4482428E-08  0.6975707E-08  0.1546929E-07
  215.6500  0.6812386E-09  0.1271579E-08  0.1513756E-08  0.4000823E-08  0.6215057E-08  0.1381018E-07
  232.8591  0.6208958E-09  0.1145395E-08  0.1359913E-08  0.3570598E-08  0.5539006E-08  0.1229574E-07
  251.4415  0.5678821E-09  0.1034781E-08  0.1225001E-08  0.3185476E-08  0.4936818E-08  0.1093376E-07
  271.5068  0.5212412E-09  0.9379106E-09  0.1107014E-08  0.2841689E-08  0.4398698E-08  0.9722723E-08
  293.1733  0.4801622E-09  0.8528702E-09  0.1003553E-08  0.2536823E-08  0.3917335E-08  0.8650634E-08
  316.5689  0.4439532E-09  0.7780704E-09  0.9125321E-09  0.2268273E-08  0.3487960E-08  0.7698137E-08
  341.8314  0.4119884E-09  0.7123401E-09  0.8325093E-09  0.2032567E-08  0.3107299E-08  0.6845140E-08
  369.1099  0.3836858E-09  0.6547011E-09  0.7624096E-09  0.1825787E-08  0.2772201E-08  0.6077256E-08
  398.5653  0.3585197E-09  0.6041158E-09  0.7010514E-09  0.1644394E-08  0.2478717E-08  0.5388280E-08
  430.3711  0.3360428E-09  0.5595530E-09  0.6471404E-09  0.1485454E-08  0.2221957E-08  0.4776911E-08
  464.7151  0.3158645E-09  0.5201795E-09  0.5996197E-09  0.1346337E-08  0.1996907E-08  0.4240314E-08
  501.7999  0.2976343E-09  0.4853230E-09  0.5577033E-09  0.1224637E-08  0.1799465E-08  0.3771119E-08
  541.8441  0.2810442E-09  0.4543323E-09  0.5206264E-09  0.1118242E-08  0.1626681E-08  0.3359606E-08
  585.0838  0.2658338E-09  0.4265973E-09  0.4876230E-09  0.1025215E-08  0.1476020E-08  0.2997654E-08
  631.7742  0.2517824E-09  0.4016171E-09  0.4580600E-09  0.9437469E-09  0.1344660E-08  0.2680386E-08
  682.1905  0.2386996E-09  0.3789786E-09  0.4314338E-09  0.8722470E-09  0.1229818E-08  0.2403852E-08
  736.6297  0.2264220E-09  0.3583161E-09  0.4072990E-09  0.8093274E-09  0.1129317E-08  0.2162923E-08
  795.4136  0.2148135E-09  0.3393081E-09  0.3852562E-09  0.7537449E-09  0.1041362E-08  0.1952563E-08
  858.8884  0.2037589E-09  0.3216781E-09  0.3649601E-09  0.7044099E-09  0.9641638E-09  0.1769139E-08
  927.4287  0.1931659E-09  0.3051939E-09  0.3461199E-09  0.6603995E-09  0.8960805E-09  0.1609535E-08
 1001.4385  0.1829580E-09  0.2896570E-09  0.3284851E-09  0.6209134E-09  0.8357840E-09  0.1470453E-08
 1081.3544  0.1730768E-09  0.2749038E-09  0.3118470E-09  0.5852491E-09  0.7821609E-09  0.1348858E-08
 1167.6472  0.1634768E-09  0.2607988E-09  0.2960313E-09  0.5527942E-09  0.7342067E-09  0.1242280E-08
 1260.8268  0.1541253E-09  0.2472323E-09  0.2808951E-09  0.5230242E-09  0.6910353E-09  0.1148633E-08
 1361.4421  0.1450001E-09  0.2341166E-09  0.2663219E-09  0.4954916E-09  0.6518860E-09  0.1066070E-08
 1470.0867  0.1360890E-09  0.2213848E-09  0.2522203E-09  0.4698181E-09  0.6161074E-09  0.9929666E-09
 1587.4013  0.1273865E-09  0.2089857E-09  0.2385187E-09  0.4456839E-09  0.5831404E-09  0.9279029E-09
 1714.0769  0.1188958E-09  0.1968857E-09  0.2251661E-09  0.4228252E-09  0.5525144E-09  0.8696452E-09
 1850.8622  0.1106230E-09  0.1850614E-09  0.2121249E-09  0.4010212E-09  0.5238302E-09  0.8171250E-09
 1998.5630  0.1025811E-09  0.1735039E-09  0.1993746E-09  0.3800958E-09  0.4967579E-09  0.7694328E-09
 2158.0506  0.9478428E-10  0.1622111E-09  0.1869042E-09  0.3599059E-09  0.4710215E-09  0.7257913E-09
 2330.2654  0.8725048E-10  0.1511910E-09  0.1747149E-09  0.3403422E-09  0.4463980E-09  0.6855439E-09
 2516.2232  0.7999783E-10  0.1404568E-09  0.1628152E-09  0.3213215E-09  0.4227069E-09  0.6481355E-09
 2717.0194  0.7304523E-10  0.1300273E-09  0.1512210E-09  0.3027852E-09  0.3998074E-09  0.6131025E-09
 2933.8405  0.6641084E-10  0.1199247E-09  0.1399535E-09  0.2846953E-09  0.3775917E-09  0.5800600E-09
 3167.9643  0.6011119E-10  0.1101735E-09  0.1290374E-09  0.2670310E-09  0.3559813E-09  0.5486921E-09
 3420.7714  0.5416119E-10  0.1007994E-09  0.1185002E-09  0.2497873E-09  0.3349230E-09  0.5187437E-09
 3693.7527  0.4857230E-10  0.9182748E-10  0.1083701E-09  0.2329707E-09  0.3143847E-09  0.4900105E-09
 3988.5183  0.4335347E-10  0.8328216E-10  0.9867546E-10  0.2165985E-09  0.2943530E-09  0.4623342E-09
 4306.8046  0.3850936E-10  0.7518494E-10  0.8944262E-10  0.2006952E-09  0.2748289E-09  0.4355942E-09
 4650.4924  0.3404122E-10  0.6755454E-10  0.8069578E-10  0.1852912E-09  0.2558261E-09  0.4097027E-09
 5021.6068  0.2994607E-10  0.6040545E-10  0.7245536E-10  0.1704205E-09  0.2373676E-09  0.3845999E-09
 5422.3366  0.2621716E-10  0.5374777E-10  0.6473756E-10  0.1561190E-09  0.2194839E-09  0.3602487E-09
 5855.0451  0.2284402E-10  0.4758658E-10  0.5755357E-10  0.1424227E-09  0.2022100E-09  0.3366315E-09
 6322.2843  0.1981269E-10  0.4192157E-10  0.5090894E-10  0.1293659E-09  0.1855838E-09  0.3137454E-09
 6826.8065  0.1710640E-10  0.3674736E-10  0.4480366E-10  0.1169802E-09  0.1696440E-09  0.2915997E-09
 7371.5933  0.1470574E-10  0.3205307E-10  0.3923155E-10  0.1052923E-09  0.1544276E-09  0.2702122E-09
 7959.8546  0.1258960E-10  0.2782321E-10  0.3418103E-10  0.9432411E-10  0.1399695E-09  0.2496071E-09
 8595.0599  0.1073550E-10  0.2403767E-10  0.2963487E-10  0.8409082E-10  0.1262999E-09  0.2298120E-09
 9280.9552  0.9120371E-11  0.2067269E-10  0.2557113E-10  0.7460083E-10  0.1134437E-09  0.2108557E-09
10021.5858  0.7721034E-11  0.1770133E-10  0.2196356E-10  0.6585501E-10  0.1014191E-09  0.1927669E-09
10821.3146  0.6514784E-11  0.1509443E-10  0.1878256E-10  0.5784674E-10  0.9023707E-10  0.1755718E-09
11684.8676  0.5479798E-11  0.1282136E-10  0.1599600E-10  0.5056177E-10  0.7990038E-10  0.1592927E-09
12617.3330  0.4595510E-11  0.1085089E-10  0.1357018E-10  0.4397883E-10  0.7040386E-10  0.1439475E-09
13624.2102  0.3842890E-11  0.9152015E-11  0.1147078E-10  0.3807006E-10  0.6173414E-10  0.1295481E-09
14711.4374  0.3204553E-11  0.7694547E-11  0.9663723E-11  0.3280180E-10  0.5386990E-10  0.1161003E-09
15885.4265  0.2664889E-11  0.6449800E-11  0.8115952E-11  0.2813563E-10  0.4678248E-10  0.1036029E-09
17153.0934  0.2209998E-11  0.5390981E-11  0.6796088E-11  0.2402943E-10  0.4043666E-10  0.9204764E-10
18521.9294  0.1827663E-11  0.4493529E-11  0.5674941E-11  0.2043853E-10  0.3479150E-10  0.8141934E-10
20000.0000  0.1507214E-11  0.3735281E-11  0.4725855E-11  0.1731699E-10  0.2980170E-10  0.7169612E-10
