   10.0000  0.1859028E-07  0.2848335E-07  0.3196106E-07  0.5414831E-07  0.6735640E-07  0.9394895E-07
   10.6239  0.1813605E-07  0.2804242E-07  0.3154091E-07  0.5409457E-07  0.6762016E-07  0.9506288E-07
   11.2867  0.1765316E-07  0.2754951E-07  0.3106107E-07  0.5394394E-07  0.6777215E-07  0.9605380E-07
   11.9909  0.1715055E-07  0.2701302E-07  0.3052960E-07  0.5370106E-07  0.6781480E-07  0.9691986E-07
   12.7390  0.1662852E-07  0.2643252E-07  0.2994570E-07  0.5336141E-07  0.6774118E-07  0.9764948E-07
   13.5337  0.1608630E-07  0.2580680E-07  0.2930781E-07  0.5291987E-07  0.6754374E-07  0.9823020E-07
   14.3781  0.1552574E-07  0.2513766E-07  0.2861752E-07  0.5237467E-07  0.6721826E-07  0.9865266E-07
   15.2751  0.1494846E-07  0.2442681E-07  0.2787635E-07  0.5172406E-07  0.6676049E-07  0.9890722E-07
   16.2281  0.1435925E-07  0.2367955E-07  0.2708957E-07  0.5097037E-07  0.6617028E-07  0.9898811E-07
   17.2405  0.1376756E-07  0.2290646E-07  0.2626789E-07  0.5012194E-07  0.6545361E-07  0.9889563E-07
   18.3162  0.1317470E-07  0.2210995E-07  0.2541389E-07  0.4917900E-07  0.6460828E-07  0.9862164E-07
   19.4589  0.1257749E-07  0.2128803E-07  0.2452585E-07  0.4813795E-07  0.6362826E-07  0.9815397E-07
   20.6729  0.1197984E-07  0.2044640E-07  0.2360996E-07  0.4700418E-07  0.6251681E-07  0.9748967E-07
   21.9626  0.1138935E-07  0.1959482E-07  0.2267656E-07  0.4578827E-07  0.6128263E-07  0.9663114E-07
   23.3329  0.1080945E-07  0.1873885E-07  0.2173182E-07  0.4449730E-07  0.5993131E-07  0.9557759E-07
   24.7886  0.1023932E-07  0.1787991E-07  0.2077782E-07  0.4313481E-07  0.5846526E-07  0.9432525E-07
   26.3351  0.9681113E-08  0.1702276E-07  0.1982016E-07  0.4170876E-07  0.5689192E-07  0.9287581E-07
   27.9781  0.9138176E-08  0.1617351E-07  0.1886588E-07  0.4022931E-07  0.5522147E-07  0.9123421E-07
   29.7236  0.8612870E-08  0.1533733E-07  0.1792116E-07  0.3870662E-07  0.5346457E-07  0.8940671E-07
   31.5780  0.8105433E-08  0.1451714E-07  0.1698994E-07  0.3714933E-07  0.5163087E-07  0.8739956E-07
   33.5482  0.7616818E-08  0.1371656E-07  0.1607693E-07  0.3556778E-07  0.4973225E-07  0.8522251E-07
   35.6412  0.7148057E-08  0.1293914E-07  0.1518674E-07  0.3397300E-07  0.4778188E-07  0.8288766E-07
   37.8648  0.6699233E-08  0.1218716E-07  0.1432265E-07  0.3237529E-07  0.4579283E-07  0.8040801E-07
   40.2271  0.6270557E-08  0.1146274E-07  0.1348774E-07  0.3078532E-07  0.4377925E-07  0.7779880E-07
   42.7368  0.5861490E-08  0.1076682E-07  0.1268376E-07  0.2921263E-07  0.4175485E-07  0.7507627E-07
   45.4031  0.5471896E-08  0.1010040E-07  0.1191240E-07  0.2766680E-07  0.3973398E-07  0.7225910E-07
   48.2358  0.5101176E-08  0.9463514E-08  0.1117421E-07  0.2615602E-07  0.3773004E-07  0.6936687E-07
   51.2451  0.4748535E-08  0.8855595E-08  0.1046894E-07  0.2468711E-07  0.3575545E-07  0.6642012E-07
   54.4423  0.4413715E-08  0.8276303E-08  0.9796437E-08  0.2326626E-07  0.3382217E-07  0.6344079E-07
   57.8388  0.4095939E-08  0.7724401E-08  0.9155431E-08  0.2189745E-07  0.3193986E-07  0.6045028E-07
   61.4473  0.3794668E-08  0.7198689E-08  0.8544562E-08  0.2058332E-07  0.3011662E-07  0.5746993E-07
   65.2809  0.3509732E-08  0.6698261E-08  0.7962659E-08  0.1932542E-07  0.2835891E-07  0.5452058E-07
   69.3537  0.3240710E-08  0.6221903E-08  0.7408155E-08  0.1812347E-07  0.2667064E-07  0.5162112E-07
   73.6806  0.2987410E-08  0.5768722E-08  0.6879777E-08  0.1697619E-07  0.2505383E-07  0.4878853E-07
   78.2775  0.2749801E-08  0.5338199E-08  0.6376652E-08  0.1588157E-07  0.2350872E-07  0.4603745E-07
   83.1611  0.2527702E-08  0.4929877E-08  0.5898020E-08  0.1483674E-07  0.2203363E-07  0.4337922E-07
   88.3494  0.2320999E-08  0.4543684E-08  0.5443620E-08  0.1383875E-07  0.2062569E-07  0.4082207E-07
   93.8614  0.2129512E-08  0.4179781E-08  0.5013559E-08  0.1288474E-07  0.1928117E-07  0.3837094E-07
   99.7173  0.1952892E-08  0.3838423E-08  0.4608193E-08  0.1197221E-07  0.1799583E-07  0.3602740E-07
  105.9385  0.1790664E-08  0.3519927E-08  0.4228098E-08  0.1109937E-07  0.1676560E-07  0.3379017E-07
  112.5479  0.1642180E-08  0.3224495E-08  0.3873865E-08  0.1026533E-07  0.1558693E-07  0.3165550E-07
  119.5696  0.1506621E-08  0.2952060E-08  0.3545884E-08  0.9470157E-08  0.1445728E-07  0.2961780E-07
  127.0294  0.1383068E-08  0.2702206E-08  0.3244191E-08  0.8714901E-08  0.1337546E-07  0.2767041E-07
  134.9546  0.1270521E-08  0.2474036E-08  0.2968231E-08  0.8001330E-08  0.1234170E-07  0.2580634E-07
  143.3742  0.1168012E-08  0.2266247E-08  0.2716848E-08  0.7331635E-08  0.1135774E-07  0.2401914E-07
  152.3192  0.1074621E-08  0.2077156E-08  0.2488256E-08  0.6707827E-08  0.1042635E-07  0.2230354E-07
  161.8221  0.9895650E-09  0.1904945E-08  0.2280296E-08  0.6131242E-08  0.9550897E-08  0.2065624E-07
  171.9180  0.9121638E-09  0.1747821E-08  0.2090665E-08  0.5601952E-08  0.8734443E-08  0.1907621E-07
  182.6438  0.8418566E-09  0.1604262E-08  0.1917299E-08  0.5118554E-08  0.7979052E-08  0.1756510E-07
  194.0387  0.7781327E-09  0.1473094E-08  0.1758579E-08  0.4678159E-08  0.7285053E-08  0.1612692E-07
  206.1445  0.7205033E-09  0.1353501E-08  0.1613439E-08  0.4276867E-08  0.6650772E-08  0.1476757E-07
  219.0055  0.6684648E-09  0.1244878E-08  0.1481227E-08  0.3910415E-08  0.6072642E-08  0.1349364E-07
  232.6690  0.6214972E-09  0.1146653E-08  0.1361447E-08  0.3574928E-08  0.5545789E-08  0.1231105E-07
  247.1850  0.5790890E-09  0.1058122E-08  0.1253458E-08  0.3267446E-08  0.5064882E-08  0.1122336E-07
  262.6065  0.5407614E-09  0.9784025E-09  0.1156309E-08  0.2986023E-08  0.4624970E-08  0.1023046E-07
  278.9902  0.5060954E-09  0.9065336E-09  0.1068834E-08  0.2729392E-08  0.4222032E-08  0.9328064E-08
  296.3959  0.4747240E-09  0.8416253E-09  0.9898729E-09  0.2496437E-08  0.3853108E-08  0.8508200E-08
  314.8877  0.4463204E-09  0.7829536E-09  0.9184763E-09  0.2285793E-08  0.3516133E-08  0.7760773E-08
  334.5332  0.4205792E-09  0.7299570E-09  0.8539556E-09  0.2095732E-08  0.3209551E-08  0.7075843E-08
  355.4043  0.3972113E-09  0.6821592E-09  0.7957854E-09  0.1924319E-08  0.2931878E-08  0.6445632E-08
  377.5775  0.3759463E-09  0.6390716E-09  0.7434323E-09  0.1769699E-08  0.2681375E-08  0.5865603E-08
  401.1341  0.3565416E-09  0.6001692E-09  0.6962718E-09  0.1630271E-08  0.2455896E-08  0.5334160E-08
  426.1602  0.3387853E-09  0.5649552E-09  0.6536694E-09  0.1504649E-08  0.2252970E-08  0.4850929E-08
  452.7478  0.3224858E-09  0.5330198E-09  0.6151021E-09  0.1391542E-08  0.2070105E-08  0.4414638E-08
  480.9941  0.3074680E-09  0.5040284E-09  0.5801736E-09  0.1289739E-08  0.1905148E-08  0.4022140E-08
  511.0028  0.2935695E-09  0.4776621E-09  0.5485193E-09  0.1198144E-08  0.1756432E-08  0.3668854E-08
  542.8836  0.2806487E-09  0.4536027E-09  0.5197559E-09  0.1115765E-08  0.1622662E-08  0.3349993E-08
  576.7532  0.2685806E-09  0.4315550E-09  0.4935095E-09  0.1041661E-08  0.1502606E-08  0.3061755E-08
  612.7361  0.2572562E-09  0.4112700E-09  0.4694635E-09  0.9749358E-09  0.1394886E-08  0.2801703E-08
  650.9640  0.2465780E-09  0.3925366E-09  0.4473590E-09  0.9147758E-09  0.1298073E-08  0.2568025E-08
  691.5768  0.2364598E-09  0.3751663E-09  0.4269681E-09  0.8604579E-09  0.1210934E-08  0.2358525E-08
  734.7234  0.2268248E-09  0.3589848E-09  0.4080774E-09  0.8113247E-09  0.1132495E-08  0.2170531E-08
  780.5619  0.2176080E-09  0.3438369E-09  0.3904934E-09  0.7667724E-09  0.1061890E-08  0.2001591E-08
  829.2598  0.2087512E-09  0.3295840E-09  0.3740432E-09  0.7262550E-09  0.9982391E-09  0.1849861E-08
  880.9963  0.2002055E-09  0.3161052E-09  0.3585757E-09  0.6892937E-09  0.9406895E-09  0.1713830E-08
  935.9606  0.1919294E-09  0.3032944E-09  0.3439576E-09  0.6554668E-09  0.8885029E-09  0.1591933E-08
  994.3540  0.1838874E-09  0.2910585E-09  0.3300710E-09  0.6243942E-09  0.8410635E-09  0.1482538E-08
 1056.3905  0.1760512E-09  0.2793177E-09  0.3168142E-09  0.5957326E-09  0.7978296E-09  0.1384155E-08
 1122.2973  0.1683971E-09  0.2680028E-09  0.3040983E-09  0.5691730E-09  0.7582987E-09  0.1295529E-08
 1192.3156  0.1609068E-09  0.2570553E-09  0.2918476E-09  0.5444418E-09  0.7220112E-09  0.1215580E-08
 1266.7027  0.1535665E-09  0.2464260E-09  0.2799976E-09  0.5212974E-09  0.6885571E-09  0.1143335E-08
 1345.7307  0.1463658E-09  0.2360735E-09  0.2684929E-09  0.4995263E-09  0.6575736E-09  0.1077908E-08
 1429.6892  0.1392987E-09  0.2259646E-09  0.2572884E-09  0.4789420E-09  0.6287397E-09  0.1018498E-08
 1518.8857  0.1323623E-09  0.2160729E-09  0.2463473E-09  0.4593816E-09  0.6017713E-09  0.9643864E-09
 1613.6470  0.1255550E-09  0.2063771E-09  0.2356389E-09  0.4407025E-09  0.5764169E-09  0.9149268E-09
 1714.3198  0.1188804E-09  0.1968637E-09  0.2251418E-09  0.4227840E-09  0.5524598E-09  0.8695433E-09
 1821.2741  0.1123407E-09  0.1875210E-09  0.2148376E-09  0.4055196E-09  0.5297071E-09  0.8277202E-09
 1934.9011  0.1059430E-09  0.1783449E-09  0.2047162E-09  0.3888217E-09  0.5079952E-09  0.7890059E-09
 2055.6171  0.9969322E-10  0.1693327E-09  0.1947703E-09  0.3726148E-09  0.4871801E-09  0.7529998E-09
 2183.8645  0.9359988E-10  0.1604863E-09  0.1849980E-09  0.3568375E-09  0.4671403E-09  0.7193511E-09
 2320.1131  0.8767158E-10  0.1518102E-09  0.1754005E-09  0.3414395E-09  0.4477718E-09  0.6877518E-09
 2464.8611  0.8191725E-10  0.1433110E-09  0.1659824E-09  0.3263810E-09  0.4289877E-09  0.6579329E-09
 2618.6407  0.7634641E-10  0.1349979E-09  0.1567511E-09  0.3116317E-09  0.4107162E-09  0.6296606E-09
 2782.0144  0.7096771E-10  0.1268807E-09  0.1477158E-09  0.2971689E-09  0.3928984E-09  0.6027324E-09
 2955.5808  0.6579028E-10  0.1189714E-09  0.1388881E-09  0.2829784E-09  0.3754884E-09  0.5769754E-09
 3139.9758  0.6082172E-10  0.1112818E-09  0.1302802E-09  0.2690512E-09  0.3584500E-09  0.5522408E-09
 3335.8750  0.5606950E-10  0.1038247E-09  0.1219059E-09  0.2553851E-09  0.3417575E-09  0.5284038E-09
 3543.9947  0.5153963E-10  0.9661251E-10  0.1137787E-09  0.2419822E-09  0.3253930E-09  0.5053593E-09
 3765.1001  0.4723699E-10  0.8965733E-10  0.1059126E-09  0.2288486E-09  0.3093459E-09  0.4830205E-09
 4000.0000  0.4316532E-10  0.8297079E-10  0.9832129E-10  0.2159945E-09  0.2936128E-09  0.4613168E-09
