   10.0000  0.1859011E-07  0.2848312E-07  0.3196082E-07  0.5414800E-07  0.6735607E-07  0.9394858E-07
   10.7227  0.1806360E-07  0.2796991E-07  0.3147089E-07  0.5407731E-07  0.6765017E-07  0.9522198E-07
   11.4976  0.1750109E-07  0.2738958E-07  0.3090352E-07  0.5387905E-07  0.6779648E-07  0.9633179E-07
   12.3285  0.1691346E-07  0.2675213E-07  0.3026820E-07  0.5355735E-07  0.6779567E-07  0.9727201E-07
   13.2194  0.1629898E-07  0.2605482E-07  0.2956158E-07  0.5310320E-07  0.6763501E-07  0.9802257E-07
   14.1747  0.1565902E-07  0.2529867E-07  0.2878430E-07  0.5251196E-07  0.6730611E-07  0.9856743E-07
   15.1991  0.1499642E-07  0.2448664E-07  0.2793901E-07  0.5178125E-07  0.6680280E-07  0.9889224E-07
   16.2975  0.1431735E-07  0.2362553E-07  0.2703239E-07  0.5091314E-07  0.6612334E-07  0.9898670E-07
   17.4753  0.1363508E-07  0.2273029E-07  0.2607961E-07  0.4991909E-07  0.6527554E-07  0.9884992E-07
   18.7382  0.1295034E-07  0.2180333E-07  0.2508335E-07  0.4879829E-07  0.6425486E-07  0.9846819E-07
   20.0923  0.1226040E-07  0.2084398E-07  0.2404344E-07  0.4754811E-07  0.6305507E-07  0.9782583E-07
   21.5443  0.1157569E-07  0.1986576E-07  0.2297426E-07  0.4618251E-07  0.6168706E-07  0.9692417E-07
   23.1013  0.1090416E-07  0.1887993E-07  0.2188795E-07  0.4471463E-07  0.6016141E-07  0.9576403E-07
   24.7708  0.1024585E-07  0.1788986E-07  0.2078890E-07  0.4315090E-07  0.5848271E-07  0.9434044E-07
   26.5609  0.9603360E-08  0.1690211E-07  0.1968491E-07  0.4150260E-07  0.5666134E-07  0.9265489E-07
   28.4804  0.8981677E-08  0.1592589E-07  0.1858664E-07  0.3978525E-07  0.5471286E-07  0.9071505E-07
   30.5386  0.8383562E-08  0.1496823E-07  0.1750265E-07  0.3801373E-07  0.5265314E-07  0.8853032E-07
   32.7455  0.7809917E-08  0.1403416E-07  0.1643960E-07  0.3620248E-07  0.5049846E-07  0.8611250E-07
   35.1119  0.7261871E-08  0.1312875E-07  0.1540417E-07  0.3436741E-07  0.4826751E-07  0.8347791E-07
   37.6494  0.6740488E-08  0.1225663E-07  0.1440260E-07  0.3252525E-07  0.4598099E-07  0.8064662E-07
   40.3702  0.6245836E-08  0.1142086E-07  0.1343942E-07  0.3069202E-07  0.4366006E-07  0.7764113E-07
   43.2876  0.5777297E-08  0.1062312E-07  0.1251755E-07  0.2888258E-07  0.4132594E-07  0.7448656E-07
   46.4159  0.5334350E-08  0.9864489E-08  0.1163909E-07  0.2711106E-07  0.3900015E-07  0.7121141E-07
   49.7702  0.4916279E-08  0.9145088E-08  0.1080487E-07  0.2538981E-07  0.3670323E-07  0.6784658E-07
   53.3670  0.4522036E-08  0.8463968E-08  0.1001434E-07  0.2372861E-07  0.3445369E-07  0.6442426E-07
   57.2237  0.4150634E-08  0.7819653E-08  0.9266104E-08  0.2213483E-07  0.3226767E-07  0.6097751E-07
   61.3591  0.3801429E-08  0.7210596E-08  0.8558420E-08  0.2061338E-07  0.3015855E-07  0.5753948E-07
   65.7933  0.3473868E-08  0.6635091E-08  0.7889187E-08  0.1916650E-07  0.2813619E-07  0.5414185E-07
   70.5480  0.3167473E-08  0.6091472E-08  0.7256200E-08  0.1779387E-07  0.2620663E-07  0.5081362E-07
   75.6463  0.2881919E-08  0.5578395E-08  0.6657539E-08  0.1649317E-07  0.2437226E-07  0.4757998E-07
   81.1131  0.2617098E-08  0.5095112E-08  0.6091932E-08  0.1526083E-07  0.2263239E-07  0.4446160E-07
   86.9749  0.2372860E-08  0.4641310E-08  0.5558694E-08  0.1409246E-07  0.2098357E-07  0.4147359E-07
   93.2603  0.2148908E-08  0.4217051E-08  0.5057726E-08  0.1298349E-07  0.1942037E-07  0.3862507E-07
  100.0000  0.1944757E-08  0.3822705E-08  0.4589510E-08  0.1192998E-07  0.1793643E-07  0.3591941E-07
  107.2267  0.1759702E-08  0.3458768E-08  0.4154931E-08  0.1092919E-07  0.1652552E-07  0.3335483E-07
  114.9757  0.1592709E-08  0.3125496E-08  0.3754854E-08  0.9979915E-08  0.1518240E-07  0.3092519E-07
  123.2847  0.1442476E-08  0.2822645E-08  0.3389744E-08  0.9082694E-08  0.1390371E-07  0.2862141E-07
  132.1941  0.1307527E-08  0.2549258E-08  0.3059275E-08  0.8239637E-08  0.1268855E-07  0.2643295E-07
  141.7474  0.1186356E-08  0.2303601E-08  0.2762074E-08  0.7453890E-08  0.1153865E-07  0.2434949E-07
  151.9911  0.1077536E-08  0.2083247E-08  0.2495659E-08  0.6728677E-08  0.1045789E-07  0.2236246E-07
  162.9751  0.9798283E-09  0.1885412E-08  0.2256764E-08  0.6066141E-08  0.9451308E-08  0.2046637E-07
  174.7528  0.8922074E-09  0.1707385E-08  0.2041901E-08  0.5466307E-08  0.8523524E-08  0.1865989E-07
  187.3818  0.8138285E-09  0.1546929E-08  0.1848023E-08  0.4926560E-08  0.7677206E-08  0.1694625E-07
  200.9233  0.7439255E-09  0.1402448E-08  0.1672949E-08  0.4441872E-08  0.6911808E-08  0.1533269E-07
  215.4435  0.6817399E-09  0.1272873E-08  0.1515388E-08  0.4005891E-08  0.6223267E-08  0.1382896E-07
  231.0130  0.6264829E-09  0.1157332E-08  0.1374532E-08  0.3612400E-08  0.5604728E-08  0.1244466E-07
  247.7076  0.5773659E-09  0.1054794E-08  0.1249459E-08  0.3256564E-08  0.5048103E-08  0.1118604E-07
  265.6088  0.5336546E-09  0.9639205E-09  0.1138735E-08  0.2935320E-08  0.4545797E-08  0.1005316E-07
  284.8036  0.4947156E-09  0.8832512E-09  0.1040572E-08  0.2646759E-08  0.4091830E-08  0.9038788E-08
  305.3855  0.4600046E-09  0.8114861E-09  0.9532658E-09  0.2389091E-08  0.3682059E-08  0.8129673E-08
  327.4549  0.4290363E-09  0.7476255E-09  0.8755328E-09  0.2159990E-08  0.3313701E-08  0.7310159E-08
  351.1191  0.4013565E-09  0.6908951E-09  0.8064789E-09  0.1956591E-08  0.2984479E-08  0.6566691E-08
  376.4936  0.3765425E-09  0.6405593E-09  0.7453053E-09  0.1775994E-08  0.2691862E-08  0.5890900E-08
  403.7017  0.3542168E-09  0.5958206E-09  0.6910741E-09  0.1615692E-08  0.2432642E-08  0.5279784E-08
  432.8762  0.3340550E-09  0.5559243E-09  0.6428239E-09  0.1473559E-08  0.2203043E-08  0.4732623E-08
  464.1590  0.3157683E-09  0.5202673E-09  0.5997936E-09  0.1347637E-08  0.1999331E-08  0.4246951E-08
  497.7023  0.2990945E-09  0.4883496E-09  0.5614021E-09  0.1236127E-08  0.1818452E-08  0.3817101E-08
  533.6699  0.2837999E-09  0.4596812E-09  0.5270769E-09  0.1137431E-08  0.1658160E-08  0.3435718E-08
  572.2368  0.2696842E-09  0.4337940E-09  0.4962339E-09  0.1050083E-08  0.1516569E-08  0.3096332E-08
  613.5908  0.2565755E-09  0.4102910E-09  0.4683681E-09  0.9726979E-09  0.1391619E-08  0.2794784E-08
  657.9333  0.2443235E-09  0.3888454E-09  0.4430767E-09  0.9040188E-09  0.1281135E-08  0.2528218E-08
  705.4804  0.2327977E-09  0.3691700E-09  0.4200123E-09  0.8429483E-09  0.1183270E-08  0.2293174E-08
  756.4632  0.2218850E-09  0.3510051E-09  0.3988552E-09  0.7884998E-09  0.1096589E-08  0.2085587E-08
  811.1308  0.2114904E-09  0.3341234E-09  0.3793218E-09  0.7397821E-09  0.1019759E-08  0.1902071E-08
  869.7490  0.2015322E-09  0.3183274E-09  0.3611656E-09  0.6960159E-09  0.9514439E-09  0.1740147E-08
  932.6034  0.1919444E-09  0.3034490E-09  0.3441755E-09  0.6565321E-09  0.8904561E-09  0.1597463E-08
 1000.0001  0.1826710E-09  0.2893424E-09  0.3281673E-09  0.6207394E-09  0.8358263E-09  0.1471529E-08
 1072.2670  0.1736689E-09  0.2758857E-09  0.3129856E-09  0.5881129E-09  0.7867240E-09  0.1360073E-08
 1149.7568  0.1649030E-09  0.2629757E-09  0.2984975E-09  0.5581880E-09  0.7423891E-09  0.1261220E-08
 1232.8467  0.1563478E-09  0.2505275E-09  0.2845928E-09  0.5305619E-09  0.7021419E-09  0.1173374E-08
 1321.9412  0.1479851E-09  0.2384720E-09  0.2711800E-09  0.5048858E-09  0.6653899E-09  0.1095108E-08
 1417.4743  0.1398026E-09  0.2267531E-09  0.2581835E-09  0.4808581E-09  0.6316173E-09  0.1025146E-08
 1519.9113  0.1317954E-09  0.2153290E-09  0.2455450E-09  0.4582222E-09  0.6003775E-09  0.9623595E-09
 1629.7505  0.1239615E-09  0.2041664E-09  0.2332169E-09  0.4367578E-09  0.5712821E-09  0.9057514E-09
 1747.5282  0.1163053E-09  0.1932447E-09  0.2211666E-09  0.4162813E-09  0.5440013E-09  0.8544460E-09
 1873.8173  0.1088324E-09  0.1825489E-09  0.2093691E-09  0.3966368E-09  0.5182512E-09  0.8076780E-09
 2009.2330  0.1015535E-09  0.1720742E-09  0.1978113E-09  0.3776983E-09  0.4937936E-09  0.7647874E-09
 2154.4349  0.9447912E-10  0.1618197E-09  0.1864858E-09  0.3593614E-09  0.4704263E-09  0.7252019E-09
 2310.1301  0.8762314E-10  0.1517919E-09  0.1753941E-09  0.3415448E-09  0.4479830E-09  0.6884313E-09
 2477.0759  0.8099888E-10  0.1420002E-09  0.1645419E-09  0.3241849E-09  0.4263264E-09  0.6540542E-09
 2656.0875  0.7462082E-10  0.1324586E-09  0.1539409E-09  0.3072354E-09  0.4053467E-09  0.6217128E-09
 2848.0358  0.6850244E-10  0.1231829E-09  0.1436057E-09  0.2906640E-09  0.3849571E-09  0.5911043E-09
 3053.8556  0.6265700E-10  0.1141913E-09  0.1335547E-09  0.2744514E-09  0.3650921E-09  0.5619756E-09
 3274.5495  0.5709590E-10  0.1055027E-09  0.1238074E-09  0.2585889E-09  0.3457039E-09  0.5341162E-09
 3511.1923  0.5182934E-10  0.9713649E-10  0.1143851E-09  0.2430774E-09  0.3267608E-09  0.5073540E-09
 3764.9352  0.4686504E-10  0.8911119E-10  0.1053089E-09  0.2279251E-09  0.3082445E-09  0.4815500E-09
 4037.0169  0.4220870E-10  0.8144454E-10  0.9659983E-10  0.2131468E-09  0.2901483E-09  0.4565939E-09
 4328.7612  0.3786322E-10  0.7415225E-10  0.8827729E-10  0.1987618E-09  0.2724752E-09  0.4324009E-09
 4641.5890  0.3382907E-10  0.6724799E-10  0.8035915E-10  0.1847937E-09  0.2552367E-09  0.4089081E-09
 4977.0241  0.3010380E-10  0.6074245E-10  0.7286056E-10  0.1712679E-09  0.2384500E-09  0.3860709E-09
 5336.7002  0.2668245E-10  0.5464338E-10  0.6579387E-10  0.1582113E-09  0.2221379E-09  0.3638607E-09
 5722.3668  0.2355737E-10  0.4895500E-10  0.5916788E-10  0.1456509E-09  0.2063261E-09  0.3422620E-09
 6135.9068  0.2071859E-10  0.4367797E-10  0.5298774E-10  0.1336127E-09  0.1910425E-09  0.3212701E-09
 6579.3322  0.1815399E-10  0.3880933E-10  0.4725463E-10  0.1221212E-09  0.1763160E-09  0.3008891E-09
 7054.8027  0.1584969E-10  0.3434254E-10  0.4196581E-10  0.1111979E-09  0.1621752E-09  0.2811299E-09
 7564.6343  0.1379026E-10  0.3026753E-10  0.3711447E-10  0.1008613E-09  0.1486469E-09  0.2620082E-09
 8111.3099  0.1195926E-10  0.2657108E-10  0.3269000E-10  0.9112544E-10  0.1357560E-09  0.2435433E-09
 8697.4888  0.1033948E-10  0.2323707E-10  0.2867822E-10  0.8200030E-10  0.1235240E-09  0.2257563E-09
 9326.0328  0.8913389E-11  0.2024683E-10  0.2506164E-10  0.7349062E-10  0.1119680E-09  0.2086684E-09
10000.0000  0.7663476E-11  0.1757976E-10  0.2182006E-10  0.6559625E-10  0.1011011E-09  0.1923008E-09
