1.000000000000000000e+01 2.340868280192613920e-08 3.346387449038795857e-08 2.909214688896750394e-08 5.869405476284857273e-08 6.080616739861065331e-08 7.031656033027369610e-08
1.054979999999999940e+01 7.694529942210592668e-09 2.588539417179002076e-08 2.266274069060885066e-08 6.658689036315863689e-08 7.912715135386234337e-08 1.057839082917379464e-07
1.112979999999999947e+01 2.499615037371262291e-08 3.081253594620599336e-08 5.439353031656160977e-08 5.364415230925051402e-08 9.032424373931955590e-08 1.581784781856392766e-07
1.174160000000000004e+01 -2.290051484242928181e-09 -6.884752049437090010e-09 -9.207567277961461524e-09 9.753465517465338821e-09 7.619891151178810741e-09 1.912275874841373586e-08
1.238710000000000022e+01 -3.327148194711521544e-10 7.799666080025938857e-09 1.865044203993586326e-09 2.166721163428652325e-08 2.984235377844362734e-08 4.809093733719999810e-08
1.306809999999999938e+01 2.717166945829385353e-08 4.059264296761548887e-08 5.905156931383956048e-08 8.049255687298061933e-08 1.121331618497863112e-07 1.695642796715003526e-07
1.378659999999999997e+01 9.803879451946857348e-09 1.935657310827962840e-08 1.655398076655143426e-08 4.478296212811588975e-08 5.384959265061615605e-08 7.688788928799832346e-08
1.454449999999999932e+01 8.980031728272155059e-09 1.077234401136670330e-08 1.511737094224529816e-08 3.209235229528370590e-08 4.496522217966751077e-08 8.225201804044297778e-08
1.534409999999999918e+01 3.412477942634875514e-08 4.206147731959620337e-08 5.704260565143562242e-08 6.533940626797021915e-08 9.085411182997913640e-08 1.423276802819239377e-07
1.618769999999999953e+01 1.814457104160420059e-08 3.012295932724429833e-08 3.385232520900860774e-08 6.895272299759024070e-08 8.302657342397107138e-08 1.140886762951192484e-07
1.707760000000000034e+01 2.162019516095416711e-08 3.558394713542752778e-08 4.014199888217100636e-08 6.445544691751195849e-08 8.457066704496579596e-08 1.224252063226006959e-07
1.801650000000000063e+01 1.426312295678106161e-08 2.482825411727828328e-08 2.674557688116794216e-08 4.614203574340604819e-08 6.299261361449896363e-08 9.643410373838042283e-08
1.900700000000000145e+01 1.734825135155119935e-08 2.964261122425804219e-08 3.564411124984456744e-08 6.971935369965158398e-08 8.862478983557095373e-08 1.296187603081216750e-07
2.005189999999999984e+01 -4.991706318932523076e-09 1.753191749499661568e-09 -8.241583188773082632e-09 1.014662394984688543e-08 1.608418924414362602e-08 3.062534622594903875e-08
2.115429999999999922e+01 -5.647040598950751748e-09 -1.859493363823985902e-09 -9.561802502859432452e-09 1.906031402761664644e-08 2.112358049244640970e-08 3.514639017971134192e-08
2.231729999999999947e+01 1.330570202587221553e-08 2.094481730074776427e-08 2.514152976210128101e-08 4.194026385255471348e-08 6.080922685233987139e-08 1.040717289178928646e-07
2.354420000000000002e+01 9.295792495215957275e-09 1.022678034572488557e-08 1.230545079065453472e-08 2.891643048857188333e-08 3.656521999914575487e-08 6.512688491847363918e-08
2.483859999999999957e+01 1.201425053285407011e-08 1.759520954936423181e-08 2.426499394795575194e-08 3.820989527929713576e-08 5.687785027774647091e-08 1.009610645972558687e-07
2.620410000000000039e+01 1.241802690981347166e-08 1.975133618930635192e-08 2.452456852669847453e-08 4.166446008557944057e-08 6.024468161118266022e-08 1.030814410735801176e-07
2.764470000000000027e+01 8.301123287725100232e-09 1.259476668103936404e-08 1.526030703389118872e-08 2.717482443380102223e-08 4.249128415953801139e-08 8.157560910526268998e-08
2.916450000000000031e+01 8.909851237186245823e-09 1.989789645669345103e-08 1.768658184066549645e-08 5.554508203612631758e-08 6.705378150709734293e-08 9.430891227605931302e-08
3.076790000000000092e+01 6.115603596008654365e-09 1.119040141699075153e-08 1.365889763823076312e-08 3.336921388051231257e-08 4.711184684152068429e-08 8.373259557830562959e-08
3.245940000000000225e+01 7.069793034443029744e-09 1.239214465161925900e-08 1.364535044322977564e-08 3.201336585005179658e-08 4.362867363978305465e-08 7.372349204027007957e-08
3.424389999999999645e+01 2.658677620328699563e-09 9.159861299336860312e-09 8.385271952304091886e-09 3.451955231187057975e-08 4.583534227201094247e-08 7.564735127350535552e-08
3.612650000000000006e+01 5.885127332124203764e-09 8.462897004004649022e-09 9.837759974726675687e-09 3.003938894270253249e-08 3.933042422339247750e-08 7.296070213309705801e-08
3.811260000000000048e+01 1.139319505261859572e-08 1.637940706169502246e-08 2.322318678229448574e-08 3.694859998411912525e-08 5.333041357392659336e-08 9.580748184509955817e-08
4.020790000000000219e+01 3.450903886787956666e-09 6.758669806008961047e-09 6.117635304431923016e-09 2.615345360098309919e-08 3.388534350839249243e-08 6.096699172938601305e-08
4.241830000000000211e+01 6.862221732869414645e-09 1.297790619699650589e-08 1.551290361634990017e-08 3.247837418465952350e-08 4.639542458892400450e-08 7.991671312449992481e-08
4.475030000000000285e+01 3.240946742295276497e-09 6.831862994308150090e-09 4.816271031308092454e-09 2.349867896113727251e-08 2.994297483995002847e-08 5.173067185512564510e-08
4.721059999999999945e+01 3.644742593326490422e-09 8.789750424725804413e-09 7.255498901557164690e-09 2.423738722423221792e-08 3.308628522232279317e-08 5.750468869799897345e-08
4.980599999999999739e+01 6.044450581461166004e-09 1.213021646101524867e-08 1.480846927560069155e-08 2.992455092634447404e-08 4.579837041358171985e-08 8.329314694550657937e-08
5.254419999999999646e+01 4.721619393034394254e-09 8.401021279883561842e-09 9.831234566776443718e-09 2.287233081491529150e-08 3.162864581052819050e-08 6.013819765761360847e-08
5.543289999999999651e+01 4.831486150868206128e-09 9.731396318079402283e-09 1.172114385340340971e-08 2.655232807438005798e-08 3.731084907411624702e-08 6.998482746586057259e-08
5.848040000000000305e+01 3.728143757046269255e-09 6.984817690004037599e-09 8.459604327653425999e-09 2.002490012986912984e-08 3.023959982761648315e-08 6.024668317043401225e-08
6.169539999999999935e+01 3.278580308847355249e-09 7.369433973881110300e-09 8.163516455037448926e-09 2.153490700581170223e-08 3.205455832132287124e-08 5.909471820185163414e-08
6.508719999999999573e+01 4.281406470617849113e-09 7.748167508228656831e-09 9.664568404680246388e-09 1.972019620587102051e-08 2.998373575512373538e-08 5.869478350058283076e-08
6.866540000000000532e+01 3.467022097103431596e-09 7.142999080998262119e-09 8.689939957838353832e-09 1.966076364207707691e-08 2.881190789264563538e-08 5.497349297691329015e-08
7.244039999999999679e+01 2.430464905933592159e-09 5.661970930293658887e-09 6.218712200244679407e-09 1.783159232423243591e-08 2.656784540700229606e-08 5.115360424295620279e-08
7.642289999999999850e+01 2.718808335689045348e-09 5.827277642132506355e-09 6.326891153229951086e-09 1.833075264020708671e-08 2.637772498377076738e-08 4.829405034257729232e-08
8.062439999999999429e+01 2.289667573783784006e-09 4.641450607668842453e-09 5.492809753194396682e-09 1.564254669694635948e-08 2.370923740695600032e-08 4.601606642808750126e-08
8.505679999999999552e+01 2.252422335492840540e-09 4.563036751947593641e-09 5.158017800433677210e-09 1.495657729565346907e-08 2.145149218858768295e-08 4.146159338931774032e-08
8.973290000000000077e+01 1.815480525056800820e-09 4.673075585902407143e-09 5.140953584189898869e-09 1.482227031899355458e-08 2.170956232067610893e-08 4.168727976477442876e-08
9.466610000000000014e+01 2.687459950652578220e-09 4.719294630319840854e-09 6.063881912992650928e-09 1.448726439360321962e-08 2.064073010621657762e-08 4.058481917036938897e-08
9.987050000000000693e+01 1.830036585686455278e-09 3.414046636479212571e-09 3.973914081289515803e-09 1.174710143243923120e-08 1.706229096980262457e-08 3.354012193965136461e-08
1.053610000000000042e+02 1.908598413739004388e-09 3.563063935604268002e-09 4.826131699969325956e-09 1.145172321817958858e-08 1.695734212404298299e-08 3.541138569938595152e-08
1.111534000000000049e+02 1.695914172343563722e-09 3.208027973010597447e-09 3.858059381078728658e-09 1.066753177112587067e-08 1.570850655633504803e-08 3.160497360222008887e-08
1.172642000000000024e+02 1.539906342081458710e-09 3.038138898174151491e-09 3.674999978166145276e-09 9.869745979202189720e-09 1.469655430519677151e-08 3.084152299385992696e-08
1.237109999999999985e+02 1.316213380868653907e-09 2.748439369200809482e-09 3.332377476607016350e-09 9.336143121436967224e-09 1.407486478243091066e-08 2.864195984057528997e-08
1.305121000000000038e+02 1.271932246610229220e-09 2.698717504123993722e-09 2.706010144658010003e-09 8.406062709495783061e-09 1.261605138455089174e-08 2.536363122678926280e-08
1.376871999999999900e+02 1.115641878500315744e-09 2.054287398163352926e-09 2.299547779436185444e-09 7.307387928376545152e-09 1.109366044614856442e-08 2.340901194340409592e-08
1.452566999999999950e+02 1.072402408456583466e-09 2.351469108827229855e-09 2.479512121121041680e-09 7.548525250139820329e-09 1.137020200536418697e-08 2.285701179652710329e-08
1.532424000000000035e+02 1.018896567400760587e-09 2.074509111568240629e-09 2.377935232476502457e-09 6.805974763455085368e-09 1.047274259828066825e-08 2.178501052086094040e-08
1.616672000000000082e+02 1.077274923774164925e-09 1.864094119720082155e-09 2.343301612338065603e-09 5.814518518329112038e-09 9.266688131869359241e-09 2.050580095487753371e-08
1.705550000000000068e+02 9.791881002075599033e-10 1.754794772132071106e-09 1.916843951728279106e-09 5.707636911978497363e-09 8.616671517240116365e-09 1.796587244223837579e-08
1.799314999999999998e+02 8.511286426631767179e-10 1.613515023418337914e-09 1.825393205672864846e-09 5.189007116510522502e-09 8.042324938095499853e-09 1.747445598807969006e-08
1.898234999999999957e+02 8.898165358030432816e-10 1.525592221793091477e-09 2.038902422257043455e-09 5.131426966283090260e-09 7.828932022147443252e-09 1.745726735035378558e-08
2.002592999999999961e+02 7.494251878165585901e-10 1.446195707938456789e-09 1.754796959030002811e-09 4.642139241285229586e-09 7.283630316034431812e-09 1.603622999190766162e-08
2.112687999999999988e+02 6.038445481970847449e-10 1.260560686229150985e-09 1.458898876164437504e-09 4.139665459701787405e-09 6.379713521868506758e-09 1.435527541724345033e-08
2.228836000000000013e+02 6.740219488432106775e-10 1.211886142021337225e-09 1.526252833944158844e-09 3.709881452249040456e-09 5.802104364032833501e-09 1.306350850946153094e-08
2.351370000000000005e+02 5.347635068037678515e-10 1.034750501452518530e-09 1.145908868415381844e-09 3.322566512321114706e-09 5.202831116175201983e-09 1.180573053027121889e-08
2.480639999999999930e+02 6.635945486398219238e-10 1.108354517480844892e-09 1.425893227704132955e-09 3.256214902438469074e-09 5.090062204814532353e-09 1.152482491181451918e-08
2.617015999999999849e+02 6.196884602128005078e-10 1.052207416511193624e-09 1.339920958205437035e-09 3.076313492052712936e-09 4.859413793600997209e-09 1.081352272614760282e-08
2.760889999999999986e+02 5.428358041776520720e-10 9.097979180787259342e-10 1.112177372264143520e-09 2.757269452963112910e-09 4.260655804380302212e-09 9.560376688051462293e-09
2.912672999999999774e+02 4.578318905868525424e-10 8.705331913543649803e-10 9.917604483967893849e-10 2.578583646134671776e-09 4.059050227881814565e-09 8.825819071830012845e-09
3.072801999999999794e+02 4.654146815271309843e-10 7.755633175103215603e-10 9.727708486186960626e-10 2.354099552761403332e-09 3.546379764811581902e-09 8.027880870688273559e-09
3.241732999999999834e+02 4.414986871218647443e-10 7.821927787025502952e-10 8.327451887628054182e-10 2.171490485048490469e-09 3.330732415849724427e-09 7.255557658651383790e-09
3.419952000000000112e+02 3.868915324580921323e-10 7.235909849296632030e-10 7.760956926287246372e-10 2.142080863146974121e-09 3.139125803914187226e-09 6.739716589766841231e-09
3.607968000000000188e+02 3.947789318294793371e-10 6.793301992674167258e-10 7.709428334479902174e-10 1.910681342405627788e-09 2.884267515074179285e-09 6.256731110043302435e-09
3.806320999999999799e+02 3.665847654507957722e-10 6.270536412588012879e-10 7.501641840085857300e-10 1.730257787078913263e-09 2.657231831204091682e-09 5.869763996781153037e-09
4.015579000000000178e+02 3.555288229086102019e-10 6.260483244516160714e-10 7.128106170137552697e-10 1.644032084712444351e-09 2.470167262092527643e-09 5.301110655847632892e-09
4.236340999999999894e+02 2.913001103411956049e-10 5.364427289632618875e-10 5.746702724875748846e-10 1.481868120316129893e-09 2.185399213716432244e-09 4.708531553715583385e-09
4.469239999999999782e+02 3.394499685935889781e-10 5.553508697977104981e-10 6.591717663429900874e-10 1.411270717521952307e-09 2.133607447275255121e-09 4.498441344343998752e-09
4.714943000000000097e+02 3.149376266771977358e-10 5.014917534613728747e-10 5.808634604375081352e-10 1.310633797355348509e-09 1.928643957770221678e-09 4.144585244260837473e-09
4.974152000000000271e+02 3.024880853063234439e-10 4.572000809953088230e-10 5.635506311100289196e-10 1.185413597461309550e-09 1.791987468844342277e-09 3.850271276413890489e-09
5.247613000000000056e+02 2.686098383890705925e-10 4.354989274316084742e-10 5.173192701210042020e-10 1.132387956714804082e-09 1.623617292683580028e-09 3.501873470334026259e-09
5.536108000000000402e+02 2.544526840778764270e-10 4.149366725336960091e-10 4.713076765636603355e-10 1.089822085304514496e-09 1.546626856626993762e-09 3.151472693279673796e-09
5.840462999999999738e+02 2.592617097918573793e-10 4.306230911716507457e-10 4.842506382494294134e-10 1.010821847482341183e-09 1.467324086156090945e-09 3.009149688601731162e-09
6.161550999999999476e+02 2.462073533536316405e-10 4.124141902059169742e-10 4.597148651334403293e-10 9.782054797739505663e-10 1.374243640919740763e-09 2.732808891500524257e-09
6.500290999999999713e+02 2.335577517154911383e-10 3.800110790361005117e-10 4.337505716770108076e-10 8.839784874018249476e-10 1.270962366203237198e-09 2.524019107813706739e-09
6.857650999999999613e+02 2.357036383672569903e-10 3.785975309202178285e-10 4.339901774730306884e-10 8.803219456971357182e-10 1.239579397212982832e-09 2.407064652016672530e-09
7.234660000000000082e+02 2.347472087879190351e-10 3.648820116282949494e-10 4.112156634560160768e-10 8.233617829704430168e-10 1.160787782425383425e-09 2.219611683635763182e-09
7.632395999999999958e+02 2.262226559710840440e-10 3.441795323383030238e-10 4.005030497351590529e-10 7.831729258508794376e-10 1.063784618518287422e-09 2.044543165275265017e-09
8.051997999999999820e+02 2.117678067992500282e-10 3.336010742319270746e-10 3.744588825887954636e-10 7.286773147161745235e-10 1.027670235226765300e-09 1.907059591392486454e-09
8.494668000000000347e+02 1.969051366688502091e-10 3.137133434890352454e-10 3.469588640617591399e-10 7.025398646064001201e-10 9.588638316466761345e-10 1.746969201615755227e-09
8.961674000000000433e+02 1.966899602969335392e-10 3.100871462043126347e-10 3.456296492778641565e-10 6.604841573132815956e-10 9.050090604755574155e-10 1.637629200946617648e-09
9.454352000000000089e+02 1.930305730855312953e-10 2.912058010680357293e-10 3.294476156008172710e-10 6.400838994620388789e-10 8.609486347807637700e-10 1.541643608746771758e-09
9.974117999999999711e+02 1.820590937511731340e-10 2.829633363280387228e-10 3.315816623998334624e-10 6.039134572092258336e-10 8.236923405191909310e-10 1.463189085671678462e-09
1.052245899999999892e+03 1.807676245948879125e-10 2.771784850274183916e-10 3.136384451218881291e-10 5.950130306697381049e-10 7.990482512710674498e-10 1.377083617160262240e-09
1.110094700000000103e+03 1.680628421964173564e-10 2.631102415937221326e-10 3.036296302889444459e-10 5.657320869747343276e-10 7.438969010226561400e-10 1.283094826934178900e-09
1.171123700000000099e+03 1.578707243734254638e-10 2.431070313691556111e-10 2.832692526246341717e-10 5.380419182414367724e-10 7.091170735684509632e-10 1.209974358356001377e-09
1.235507900000000063e+03 1.544823004667663380e-10 2.495263820246162831e-10 2.878448602892799484e-10 5.252509808882953455e-10 6.915395530086515509e-10 1.164917629767945992e-09
1.303431199999999990e+03 1.483290848908703219e-10 2.395253721672684209e-10 2.691436914915571507e-10 5.061853396712206354e-10 6.616957013107832526e-10 1.091564015328967765e-09
1.375089199999999892e+03 1.433141588884834881e-10 2.288135488506750904e-10 2.607395571009558869e-10 4.868689687934231327e-10 6.298980798774254759e-10 1.041269523469126415e-09
1.450686699999999973e+03 1.350194771111371352e-10 2.221789473085386739e-10 2.470881388229035405e-10 4.684138989162854929e-10 6.111057107584781853e-10 9.791572554019279195e-10
1.530440200000000004e+03 1.305015425465752416e-10 2.091547248924644040e-10 2.464295480882870740e-10 4.467398103600324620e-10 5.882096033065403014e-10 9.636246843673355739e-10
1.614578400000000101e+03 1.206777599556389917e-10 1.997661760721441483e-10 2.236467123026721973e-10 4.312090928116431838e-10 5.579262661631578691e-10 8.851543340236092039e-10
1.703342100000000073e+03 1.214653611068709846e-10 1.951117852709612352e-10 2.228254394200469728e-10 4.143647172845477592e-10 5.437932298954171322e-10 8.450636562238946999e-10
1.796985200000000077e+03 1.114698757981673717e-10 1.837934521242531732e-10 2.074187723721131002e-10 3.949690647140799585e-10 5.232642522374349666e-10 8.167197700794892211e-10
1.895777000000000044e+03 1.039151668765054727e-10 1.747568935260731523e-10 2.023405914255916190e-10 3.837757841494804687e-10 5.057811723137891188e-10 7.865774965775878987e-10
2.000000000000000000e+03 9.670052842435698666e-11 1.677574599467328821e-10 1.930025318217088384e-10 3.646887545312287803e-10 4.852020329952794026e-10 7.532956055139311808e-10
