   10.0000  0.1859028E-07  0.2848335E-07  0.3196106E-07  0.5414831E-07  0.6735640E-07  0.9394895E-07
   10.6985  0.1808143E-07  0.2798786E-07  0.3148825E-07  0.5408197E-07  0.6764337E-07  0.9518380E-07
   11.4459  0.1753841E-07  0.2742906E-07  0.3094251E-07  0.5389590E-07  0.6779178E-07  0.9626549E-07
   12.2454  0.1697174E-07  0.2681674E-07  0.3033311E-07  0.5359456E-07  0.6780296E-07  0.9718934E-07
   13.1008  0.1638005E-07  0.2614854E-07  0.2965719E-07  0.5316993E-07  0.6766553E-07  0.9793735E-07
   14.0159  0.1576413E-07  0.2542488E-07  0.2891475E-07  0.5261720E-07  0.6737130E-07  0.9849443E-07
   14.9949  0.1512667E-07  0.2464852E-07  0.2810832E-07  0.5193431E-07  0.6691475E-07  0.9884773E-07
   16.0424  0.1447171E-07  0.2382390E-07  0.2724214E-07  0.5112119E-07  0.6629237E-07  0.9898601E-07
   17.1630  0.1381165E-07  0.2296484E-07  0.2633020E-07  0.5018836E-07  0.6551136E-07  0.9890864E-07
   18.3619  0.1315019E-07  0.2207660E-07  0.2537798E-07  0.4913806E-07  0.6457059E-07  0.9860627E-07
   19.6445  0.1248351E-07  0.2115699E-07  0.2438368E-07  0.4796589E-07  0.6346231E-07  0.9806264E-07
   21.0167  0.1181796E-07  0.2021496E-07  0.2335694E-07  0.4668054E-07  0.6219228E-07  0.9727489E-07
   22.4848  0.1116296E-07  0.1926289E-07  0.2231095E-07  0.4529573E-07  0.6077173E-07  0.9624545E-07
   24.0555  0.1052082E-07  0.1830611E-07  0.2125191E-07  0.4381917E-07  0.5920644E-07  0.9497130E-07
   25.7358  0.9891800E-08  0.1734817E-07  0.2018438E-07  0.4225801E-07  0.5750236E-07  0.9345005E-07
   27.5335  0.9280236E-08  0.1639720E-07  0.1911775E-07  0.4062549E-07  0.5567243E-07  0.9168705E-07
   29.4568  0.8690010E-08  0.1546097E-07  0.1806115E-07  0.3893589E-07  0.5373143E-07  0.8969054E-07
   31.5145  0.8122011E-08  0.1454413E-07  0.1702065E-07  0.3720160E-07  0.5169300E-07  0.8746915E-07
   33.7159  0.7577413E-08  0.1365156E-07  0.1600263E-07  0.3543669E-07  0.4957329E-07  0.8503587E-07
   36.0710  0.7057564E-08  0.1278809E-07  0.1501340E-07  0.3365640E-07  0.4739050E-07  0.8240751E-07
   38.5907  0.6562572E-08  0.1195682E-07  0.1405743E-07  0.3187509E-07  0.4516300E-07  0.7960250E-07
   41.2864  0.6092457E-08  0.1116028E-07  0.1313853E-07  0.3010717E-07  0.4291029E-07  0.7664236E-07
   44.1704  0.5646798E-08  0.1039993E-07  0.1225924E-07  0.2836613E-07  0.4065194E-07  0.7355108E-07
   47.2558  0.5224793E-08  0.9676177E-08  0.1142080E-07  0.2666396E-07  0.3840692E-07  0.7035486E-07
   50.5568  0.4825757E-08  0.8988911E-08  0.1062366E-07  0.2501134E-07  0.3619347E-07  0.6708217E-07
   54.0883  0.4448993E-08  0.8337423E-08  0.9867406E-08  0.2341698E-07  0.3402826E-07  0.6376283E-07
   57.8666  0.4093491E-08  0.7720139E-08  0.9150480E-08  0.2188683E-07  0.3192519E-07  0.6042662E-07
   61.9087  0.3758586E-08  0.7135504E-08  0.8471114E-08  0.2042480E-07  0.2989573E-07  0.5710331E-07
   66.2332  0.3443891E-08  0.6582090E-08  0.7827499E-08  0.1903271E-07  0.2794846E-07  0.5382151E-07
   70.8598  0.3149012E-08  0.6058429E-08  0.7217669E-08  0.1771006E-07  0.2608849E-07  0.5060714E-07
   75.8096  0.2873637E-08  0.5563306E-08  0.6639886E-08  0.1645459E-07  0.2431773E-07  0.4748276E-07
   81.1051  0.2617671E-08  0.5096062E-08  0.6093024E-08  0.1526303E-07  0.2263541E-07  0.4446686E-07
   86.7706  0.2380978E-08  0.4656421E-08  0.5576466E-08  0.1413136E-07  0.2103836E-07  0.4157303E-07
   92.8318  0.2163299E-08  0.4244443E-08  0.5090125E-08  0.1305547E-07  0.1952169E-07  0.3880968E-07
   99.3164  0.1964198E-08  0.3860442E-08  0.4634402E-08  0.1203171E-07  0.1807964E-07  0.3618008E-07
  106.2539  0.1783055E-08  0.3504875E-08  0.4210089E-08  0.1105750E-07  0.1670652E-07  0.3368296E-07
  113.6761  0.1618974E-08  0.3178020E-08  0.3817999E-08  0.1013159E-07  0.1539744E-07  0.3131317E-07
  121.6167  0.1470800E-08  0.2879734E-08  0.3458627E-08  0.9254226E-08  0.1414904E-07  0.2906276E-07
  130.1120  0.1337216E-08  0.2609277E-08  0.3131830E-08  0.8427088E-08  0.1296008E-07  0.2692230E-07
  139.2007  0.1216855E-08  0.2365227E-08  0.2836583E-08  0.7652910E-08  0.1183166E-07  0.2488228E-07
  148.9243  0.1108390E-08  0.2145510E-08  0.2570860E-08  0.6934687E-08  0.1076688E-07  0.2293438E-07
  159.3272  0.1010645E-08  0.1947649E-08  0.2331846E-08  0.6274739E-08  0.9770142E-08  0.2107276E-07
  170.4567  0.9226396E-09  0.1769131E-08  0.2116385E-08  0.5673781E-08  0.8845940E-08  0.1929498E-07
  182.3636  0.8435567E-09  0.1607747E-08  0.1921510E-08  0.5130271E-08  0.7997455E-08  0.1760256E-07
  195.1022  0.7726848E-09  0.1461827E-08  0.1744924E-08  0.4640372E-08  0.7225353E-08  0.1600081E-07
  208.7307  0.7093424E-09  0.1330244E-08  0.1585161E-08  0.4198661E-08  0.6527223E-08  0.1449792E-07
  223.3112  0.6528271E-09  0.1212175E-08  0.1441363E-08  0.3799275E-08  0.5897816E-08  0.1310301E-07
  238.9102  0.6024167E-09  0.1106786E-08  0.1312811E-08  0.3437129E-08  0.5330101E-08  0.1182355E-07
  255.5988  0.5574146E-09  0.1013003E-08  0.1198459E-08  0.3108666E-08  0.4816791E-08  0.1066267E-07
  273.4531  0.5171961E-09  0.9295274E-09  0.1096812E-08  0.2811718E-08  0.4351609E-08  0.9617376E-08
  292.5546  0.4812244E-09  0.8550669E-09  0.1006225E-08  0.2544711E-08  0.3929868E-08  0.8678435E-08
  312.9905  0.4490321E-09  0.7885490E-09  0.9252871E-09  0.2305871E-08  0.3548392E-08  0.7832447E-08
  334.8539  0.4201915E-09  0.7291609E-09  0.8529863E-09  0.2092877E-08  0.3204934E-08  0.7065455E-08
  358.2445  0.3943000E-09  0.6762343E-09  0.7885801E-09  0.1903061E-08  0.2897421E-08  0.6366538E-08
  383.2690  0.3709847E-09  0.6290853E-09  0.7313159E-09  0.1733873E-08  0.2623397E-08  0.5729720E-08
  410.0415  0.3499177E-09  0.5869872E-09  0.6803151E-09  0.1583156E-08  0.2379781E-08  0.5153251E-08
  438.6841  0.3308138E-09  0.5492837E-09  0.6347343E-09  0.1449032E-08  0.2163093E-08  0.4636416E-08
  469.3275  0.3134173E-09  0.5154562E-09  0.5939292E-09  0.1329753E-08  0.1970033E-08  0.4176379E-08
  502.1115  0.2974940E-09  0.4850578E-09  0.5573852E-09  0.1223718E-08  0.1797972E-08  0.3767573E-08
  537.1856  0.2828367E-09  0.4576447E-09  0.5245795E-09  0.1129506E-08  0.1644961E-08  0.3403292E-08
  574.7097  0.2692669E-09  0.4327972E-09  0.4949853E-09  0.1045795E-08  0.1509293E-08  0.3077863E-08
  614.8550  0.2566306E-09  0.4101616E-09  0.4681527E-09  0.9713350E-09  0.1389083E-08  0.2787683E-08
  657.8043  0.2447926E-09  0.3894440E-09  0.4437207E-09  0.9049955E-09  0.1282361E-08  0.2530184E-08
  703.7540  0.2336344E-09  0.3703846E-09  0.4213748E-09  0.8457829E-09  0.1187457E-08  0.2302217E-08
  752.9134  0.2230533E-09  0.3527472E-09  0.4008245E-09  0.7928017E-09  0.1103069E-08  0.2100085E-08
  805.5068  0.2129627E-09  0.3363247E-09  0.3818113E-09  0.7452401E-09  0.1027993E-08  0.1920672E-08
  861.7740  0.2032872E-09  0.3209356E-09  0.3641087E-09  0.7023823E-09  0.9610100E-09  0.1761692E-08
  921.9713  0.1939657E-09  0.3064251E-09  0.3475225E-09  0.6636125E-09  0.9010227E-09  0.1621034E-08
  986.3739  0.1849457E-09  0.2926574E-09  0.3318815E-09  0.6283850E-09  0.8471256E-09  0.1496437E-08
 1055.2752  0.1761864E-09  0.2795187E-09  0.3170407E-09  0.5962140E-09  0.7985510E-09  0.1385786E-08
 1128.9895  0.1676543E-09  0.2669119E-09  0.3028754E-09  0.5666667E-09  0.7545974E-09  0.1287307E-08
 1207.8529  0.1593242E-09  0.2547561E-09  0.2892809E-09  0.5393647E-09  0.7146291E-09  0.1199508E-08
 1292.2253  0.1511780E-09  0.2429849E-09  0.2761697E-09  0.5139792E-09  0.6780880E-09  0.1121056E-08
 1382.4907  0.1432024E-09  0.2315435E-09  0.2634687E-09  0.4902236E-09  0.6444860E-09  0.1050754E-08
 1479.0621  0.1353915E-09  0.2203903E-09  0.2511204E-09  0.4678524E-09  0.6133979E-09  0.9875324E-09
 1582.3792  0.1277416E-09  0.2094914E-09  0.2390770E-09  0.4466531E-09  0.5844517E-09  0.9304457E-09
 1692.9134  0.1202552E-09  0.1988245E-09  0.2273049E-09  0.4264473E-09  0.5573288E-09  0.8786571E-09
 1811.1688  0.1129362E-09  0.1883730E-09  0.2157772E-09  0.4070819E-09  0.5317532E-09  0.8314291E-09
 1937.6846  0.1057928E-09  0.1781289E-09  0.2044780E-09  0.3884313E-09  0.5074909E-09  0.7881207E-09
 2073.0372  0.9883397E-10  0.1680891E-09  0.1933973E-09  0.3703903E-09  0.4843419E-09  0.7481739E-09
 2217.8453  0.9207145E-10  0.1582565E-09  0.1825327E-09  0.3528749E-09  0.4621389E-09  0.7111060E-09
 2372.7688  0.8551694E-10  0.1486374E-09  0.1718868E-09  0.3358178E-09  0.4407423E-09  0.6764999E-09
 2538.5142  0.7918356E-10  0.1392428E-09  0.1614675E-09  0.3191684E-09  0.4200384E-09  0.6439982E-09
 2715.8374  0.7308375E-10  0.1300855E-09  0.1512859E-09  0.3028890E-09  0.3999352E-09  0.6132952E-09
 2905.5472  0.6723006E-10  0.1211810E-09  0.1413568E-09  0.2869548E-09  0.3803610E-09  0.5841322E-09
 3108.5076  0.6163383E-10  0.1125458E-09  0.1316970E-09  0.2713510E-09  0.3612612E-09  0.5562920E-09
 3325.6467  0.5630532E-10  0.1041973E-09  0.1223249E-09  0.2560723E-09  0.3425965E-09  0.5295934E-09
 3557.9536  0.5125320E-10  0.9615281E-10  0.1132597E-09  0.2411209E-09  0.3243411E-09  0.5038878E-09
 3806.4879  0.4648432E-10  0.8842928E-10  0.1045206E-09  0.2265056E-09  0.3064807E-09  0.4790547E-09
 4072.3831  0.4200342E-10  0.8104246E-10  0.9612640E-10  0.2122408E-09  0.2890109E-09  0.4549986E-09
 4356.8519  0.3781300E-10  0.7400649E-10  0.8809479E-10  0.1983445E-09  0.2719356E-09  0.4316455E-09
 4661.1898  0.3391328E-10  0.6733354E-10  0.8044172E-10  0.1848382E-09  0.2552656E-09  0.4089403E-09
 4986.7887  0.3030196E-10  0.6103318E-10  0.7318079E-10  0.1717452E-09  0.2390172E-09  0.3868434E-09
 5335.1316  0.2697458E-10  0.5511245E-10  0.6632321E-10  0.1590899E-09  0.2232109E-09  0.3653296E-09
 5707.8073  0.2392432E-10  0.4957525E-10  0.5987703E-10  0.1468968E-09  0.2078703E-09  0.3443850E-09
 6106.5157  0.2114236E-10  0.4442248E-10  0.5384720E-10  0.1351898E-09  0.1930207E-09  0.3240053E-09
 6533.0750  0.1861793E-10  0.3965172E-10  0.4823512E-10  0.1239912E-09  0.1786885E-09  0.3041938E-09
 6989.4282  0.1633875E-10  0.3525758E-10  0.4303885E-10  0.1133211E-09  0.1648996E-09  0.2849601E-09
 7477.6617  0.1429109E-10  0.3123137E-10  0.3825272E-10  0.1031963E-09  0.1516789E-09  0.2663181E-09
 8000.0000  0.1246034E-10  0.2756180E-10  0.3386791E-10  0.9363094E-10  0.1390493E-09  0.2482849E-09
