   10.0000  0.1858654E-07  0.2847847E-07  0.3195582E-07  0.5414160E-07  0.6734911E-07  0.9394101E-07
   10.6985  0.1807765E-07  0.2798284E-07  0.3148285E-07  0.5407490E-07  0.6763565E-07  0.9517532E-07
   11.4459  0.1753458E-07  0.2742393E-07  0.3093696E-07  0.5388848E-07  0.6778361E-07  0.9625644E-07
   12.2454  0.1696788E-07  0.2681150E-07  0.3032742E-07  0.5358679E-07  0.6779433E-07  0.9717969E-07
   13.1008  0.1637617E-07  0.2614321E-07  0.2965138E-07  0.5316181E-07  0.6765644E-07  0.9792708E-07
   14.0159  0.1576024E-07  0.2541949E-07  0.2890886E-07  0.5260876E-07  0.6736174E-07  0.9848352E-07
   14.9949  0.1512278E-07  0.2464308E-07  0.2810235E-07  0.5192556E-07  0.6690475E-07  0.9883615E-07
   16.0424  0.1446781E-07  0.2381843E-07  0.2723613E-07  0.5111216E-07  0.6628193E-07  0.9897375E-07
   17.1630  0.1380775E-07  0.2295937E-07  0.2632417E-07  0.5017910E-07  0.6550052E-07  0.9889569E-07
   18.3619  0.1314629E-07  0.2207112E-07  0.2537194E-07  0.4912861E-07  0.6455938E-07  0.9859264E-07
   19.6445  0.1247961E-07  0.2115151E-07  0.2437764E-07  0.4795629E-07  0.6345079E-07  0.9804833E-07
   21.0167  0.1181406E-07  0.2020948E-07  0.2335091E-07  0.4667086E-07  0.6218052E-07  0.9725994E-07
   22.4848  0.1115906E-07  0.1925741E-07  0.2230492E-07  0.4528600E-07  0.6075980E-07  0.9622989E-07
   24.0555  0.1051692E-07  0.1830063E-07  0.2124588E-07  0.4380942E-07  0.5919440E-07  0.9495520E-07
   25.7358  0.9887902E-08  0.1734270E-07  0.2017835E-07  0.4224825E-07  0.5749026E-07  0.9343348E-07
   27.5335  0.9276339E-08  0.1639173E-07  0.1911172E-07  0.4061573E-07  0.5566030E-07  0.9167012E-07
   29.4568  0.8686113E-08  0.1545550E-07  0.1805512E-07  0.3892614E-07  0.5371930E-07  0.8967336E-07
   31.5145  0.8118115E-08  0.1453866E-07  0.1701462E-07  0.3719184E-07  0.5168087E-07  0.8745183E-07
   33.7159  0.7573518E-08  0.1364609E-07  0.1599661E-07  0.3542694E-07  0.4956116E-07  0.8501851E-07
   36.0710  0.7053669E-08  0.1278262E-07  0.1500737E-07  0.3364665E-07  0.4737838E-07  0.8239013E-07
   38.5907  0.6558678E-08  0.1195135E-07  0.1405140E-07  0.3186534E-07  0.4515087E-07  0.7958512E-07
   41.2864  0.6088564E-08  0.1115481E-07  0.1313251E-07  0.3009743E-07  0.4289817E-07  0.7662498E-07
   44.1704  0.5642904E-08  0.1039446E-07  0.1225322E-07  0.2835638E-07  0.4063983E-07  0.7353370E-07
   47.2558  0.5220900E-08  0.9670710E-08  0.1141477E-07  0.2665422E-07  0.3839481E-07  0.7033749E-07
   50.5568  0.4821865E-08  0.8983445E-08  0.1061763E-07  0.2500160E-07  0.3618136E-07  0.6706480E-07
   54.0883  0.4445102E-08  0.8331958E-08  0.9861385E-08  0.2340724E-07  0.3401615E-07  0.6374546E-07
   57.8666  0.4089600E-08  0.7714674E-08  0.9144460E-08  0.2187709E-07  0.3191308E-07  0.6040926E-07
   61.9087  0.3754696E-08  0.7130041E-08  0.8465096E-08  0.2041507E-07  0.2988362E-07  0.5708595E-07
   66.2332  0.3440002E-08  0.6576628E-08  0.7821481E-08  0.1902298E-07  0.2793635E-07  0.5380415E-07
   70.8598  0.3145124E-08  0.6052968E-08  0.7211653E-08  0.1770032E-07  0.2607639E-07  0.5058979E-07
   75.8096  0.2869750E-08  0.5557846E-08  0.6633872E-08  0.1644486E-07  0.2430563E-07  0.4746541E-07
   81.1051  0.2613785E-08  0.5090604E-08  0.6087011E-08  0.1525330E-07  0.2262332E-07  0.4444952E-07
   86.7706  0.2377094E-08  0.4650964E-08  0.5570454E-08  0.1412164E-07  0.2102627E-07  0.4155569E-07
   92.8318  0.2159417E-08  0.4238989E-08  0.5084116E-08  0.1304575E-07  0.1950960E-07  0.3879234E-07
   99.3164  0.1960317E-08  0.3854990E-08  0.4628396E-08  0.1202199E-07  0.1806756E-07  0.3616275E-07
  106.2539  0.1779177E-08  0.3499425E-08  0.4204086E-08  0.1104779E-07  0.1669444E-07  0.3366563E-07
  113.6761  0.1615098E-08  0.3172574E-08  0.3811999E-08  0.1012188E-07  0.1538536E-07  0.3129585E-07
  121.6167  0.1466929E-08  0.2874292E-08  0.3452630E-08  0.9244519E-08  0.1413697E-07  0.2904545E-07
  130.1120  0.1333349E-08  0.2603839E-08  0.3125838E-08  0.8417387E-08  0.1294802E-07  0.2690499E-07
  139.2007  0.1212993E-08  0.2359795E-08  0.2830597E-08  0.7643215E-08  0.1181960E-07  0.2486498E-07
  148.9243  0.1104533E-08  0.2140083E-08  0.2564880E-08  0.6924999E-08  0.1075483E-07  0.2291709E-07
  159.3272  0.1006795E-08  0.1942229E-08  0.2325873E-08  0.6265058E-08  0.9758101E-08  0.2105548E-07
  170.4567  0.9187972E-09  0.1763719E-08  0.2110420E-08  0.5664110E-08  0.8833908E-08  0.1927771E-07
  182.3636  0.8397230E-09  0.1602344E-08  0.1915555E-08  0.5120609E-08  0.7985433E-08  0.1758530E-07
  195.1022  0.7688607E-09  0.1456435E-08  0.1738979E-08  0.4630722E-08  0.7213342E-08  0.1598356E-07
  208.7307  0.7055291E-09  0.1324863E-08  0.1579226E-08  0.4189023E-08  0.6515225E-08  0.1448069E-07
  223.3112  0.6490257E-09  0.1206806E-08  0.1435441E-08  0.3789650E-08  0.5885831E-08  0.1308579E-07
  238.9102  0.5986284E-09  0.1101431E-08  0.1306903E-08  0.3427519E-08  0.5318132E-08  0.1180634E-07
  255.5988  0.5536407E-09  0.1007663E-08  0.1192567E-08  0.3099072E-08  0.4804839E-08  0.1064549E-07
  273.4531  0.5134381E-09  0.9242040E-09  0.1090936E-08  0.2802142E-08  0.4339675E-08  0.9600212E-08
  292.5546  0.4774838E-09  0.8497616E-09  0.1000367E-08  0.2535154E-08  0.3917953E-08  0.8661293E-08
  312.9905  0.4453105E-09  0.7832636E-09  0.9194497E-09  0.2296335E-08  0.3536499E-08  0.7815327E-08
  334.8539  0.4164906E-09  0.7238971E-09  0.8471708E-09  0.2083364E-08  0.3193065E-08  0.7048359E-08
  358.2445  0.3906215E-09  0.6709940E-09  0.7827884E-09  0.1893573E-08  0.2885578E-08  0.6349469E-08
  383.2690  0.3673303E-09  0.6238704E-09  0.7255499E-09  0.1724413E-08  0.2611581E-08  0.5712680E-08
  410.0415  0.3462890E-09  0.5817995E-09  0.6745767E-09  0.1573724E-08  0.2367995E-08  0.5136242E-08
  438.6841  0.3272128E-09  0.5441251E-09  0.6290256E-09  0.1439632E-08  0.2151339E-08  0.4619441E-08
  469.3275  0.3098456E-09  0.5103289E-09  0.5882521E-09  0.1320386E-08  0.1958314E-08  0.4159439E-08
  502.1115  0.2939536E-09  0.4799638E-09  0.5517421E-09  0.1214388E-08  0.1786290E-08  0.3750671E-08
  537.1856  0.2793296E-09  0.4525863E-09  0.5189727E-09  0.1120214E-08  0.1633318E-08  0.3386432E-08
  574.7097  0.2657953E-09  0.4277770E-09  0.4894173E-09  0.1036545E-08  0.1497693E-08  0.3061047E-08
  614.8550  0.2531968E-09  0.4051820E-09  0.4626263E-09  0.9621295E-09  0.1377529E-08  0.2770914E-08
  657.8043  0.2413987E-09  0.3845078E-09  0.4382386E-09  0.8958379E-09  0.1270856E-08  0.2513466E-08
  703.7540  0.2302829E-09  0.3654945E-09  0.4159400E-09  0.8366767E-09  0.1176006E-08  0.2285555E-08
  752.9134  0.2197466E-09  0.3479062E-09  0.3954399E-09  0.7837504E-09  0.1091674E-08  0.2083482E-08
  805.5068  0.2097033E-09  0.3315359E-09  0.3764803E-09  0.7362475E-09  0.1016659E-08  0.1904132E-08
  861.7740  0.2000777E-09  0.3162021E-09  0.3588345E-09  0.6934525E-09  0.9497415E-09  0.1745221E-08
  921.9713  0.1908088E-09  0.3017502E-09  0.3423087E-09  0.6547498E-09  0.8898240E-09  0.1604636E-08
  986.3739  0.1818441E-09  0.2880445E-09  0.3267317E-09  0.6195939E-09  0.8360016E-09  0.1480118E-08
 1055.2752  0.1731428E-09  0.2749715E-09  0.3119587E-09  0.5874993E-09  0.7875069E-09  0.1369550E-08
 1128.9895  0.1646717E-09  0.2624340E-09  0.2978652E-09  0.5580334E-09  0.7436386E-09  0.1271162E-08
 1207.8529  0.1564053E-09  0.2503512E-09  0.2843464E-09  0.5308181E-09  0.7037615E-09  0.1183459E-08
 1292.2253  0.1483256E-09  0.2386570E-09  0.2713153E-09  0.5055248E-09  0.6673177E-09  0.1105111E-08
 1382.4907  0.1404195E-09  0.2272966E-09  0.2586986E-09  0.4818672E-09  0.6338194E-09  0.1034919E-08
 1479.0621  0.1326809E-09  0.2162283E-09  0.2464389E-09  0.4596001E-09  0.6028418E-09  0.9718167E-09
 1582.3792  0.1251060E-09  0.2054184E-09  0.2344888E-09  0.4385111E-09  0.5740131E-09  0.9148566E-09
 1692.9134  0.1176974E-09  0.1948447E-09  0.2228143E-09  0.4184221E-09  0.5470151E-09  0.8632031E-09
 1811.1688  0.1104588E-09  0.1844903E-09  0.2113889E-09  0.3991803E-09  0.5215720E-09  0.8161193E-09
 1937.6846  0.1033983E-09  0.1743476E-09  0.2001965E-09  0.3806602E-09  0.4974503E-09  0.7729645E-09
 2073.0372  0.9652480E-10  0.1644131E-09  0.1892272E-09  0.3627567E-09  0.4744502E-09  0.7331812E-09
 2217.8453  0.8984977E-10  0.1546897E-09  0.1784785E-09  0.3453862E-09  0.4524046E-09  0.6962871E-09
 2372.7688  0.8338475E-10  0.1451837E-09  0.1679528E-09  0.3284813E-09  0.4311741E-09  0.6618654E-09
 2538.5142  0.7714264E-10  0.1359058E-09  0.1576580E-09  0.3119915E-09  0.4106453E-09  0.6295593E-09
 2715.8374  0.7113560E-10  0.1268686E-09  0.1476050E-09  0.2958793E-09  0.3907263E-09  0.5990633E-09
 2905.5472  0.6537589E-10  0.1180874E-09  0.1378084E-09  0.2801197E-09  0.3713455E-09  0.5701194E-09
 3108.5076  0.5987457E-10  0.1095784E-09  0.1282846E-09  0.2646980E-09  0.3524485E-09  0.5425102E-09
 3325.6467  0.5464155E-10  0.1013587E-09  0.1190518E-09  0.2496086E-09  0.3339960E-09  0.5160551E-09
 3557.9536  0.4968514E-10  0.9344520E-10  0.1101287E-09  0.2348537E-09  0.3159620E-09  0.4906056E-09
 3806.4879  0.4501181E-10  0.8585443E-10  0.1015343E-09  0.2204419E-09  0.2983323E-09  0.4660415E-09
 4072.3831  0.4062592E-10  0.7860170E-10  0.9328688E-10  0.2063870E-09  0.2811022E-09  0.4422672E-09
 4356.8519  0.3652958E-10  0.7170067E-10  0.8540352E-10  0.1927069E-09  0.2642753E-09  0.4192089E-09
 4661.1898  0.3272260E-10  0.6516298E-10  0.7789971E-10  0.1794225E-09  0.2478622E-09  0.3968112E-09
 4986.7887  0.2920229E-10  0.5899768E-10  0.7078844E-10  0.1665565E-09  0.2318785E-09  0.3750346E-09
 5335.1316  0.2596381E-10  0.5321121E-10  0.6408033E-10  0.1541328E-09  0.2163445E-09  0.3538536E-09
 5707.8073  0.2299994E-10  0.4780691E-10  0.5778279E-10  0.1421753E-09  0.2012828E-09  0.3332539E-09
 6106.5157  0.2030153E-10  0.4278510E-10  0.5190014E-10  0.1307069E-09  0.1867184E-09  0.3132307E-09
 6533.0750  0.1785747E-10  0.3814278E-10  0.4643311E-10  0.1197490E-09  0.1726765E-09  0.2937868E-09
 6989.4282  0.1565519E-10  0.3387398E-10  0.4137910E-10  0.1093210E-09  0.1591824E-09  0.2749311E-09
 7477.6617  0.1368069E-10  0.2996948E-10  0.3673180E-10  0.9943887E-10  0.1462597E-09  0.2566766E-09
 8000.0000  0.1191914E-10  0.2641744E-10  0.3248178E-10  0.9011534E-10  0.1339305E-09  0.2390396E-09
