1.000000000000000000e+01 3.672347371716160002e-09 3.214170499631621350e-09 4.822054379969294622e-09 2.790941197095600880e-08 3.173261409079026510e-08 5.252573183186241537e-08
1.072269999999999968e+01 1.543735696475517662e-08 2.959493458674829889e-08 2.739306360261072721e-08 6.786089787469724008e-08 7.600651552703770494e-08 9.710172943364991378e-08
1.149760000000000026e+01 1.764807688360124358e-08 4.203737376279051548e-08 4.533463150121745299e-08 7.618535664209774407e-08 1.008742848100404294e-07 1.328905265641030811e-07
1.232850000000000001e+01 1.295557185809857169e-08 2.667862377091519748e-08 2.177118165174054951e-08 5.104334444279294471e-08 5.985049876341564456e-08 7.676301964619121811e-08
1.321940000000000026e+01 1.894742971643695610e-08 2.558647522857120967e-08 2.969222874361670817e-08 5.181769944052806615e-08 6.306111413796994227e-08 9.021498182800451230e-08
1.417469999999999963e+01 1.205447439803266237e-08 1.557766040604872832e-08 1.794179183810701233e-08 3.433759847315651895e-08 4.462756928404928865e-08 7.239714937480713680e-08
1.519909999999999961e+01 3.522758795122023007e-08 4.318848842924782881e-08 5.593932611314004384e-08 6.229874993438701531e-08 8.588006903882301156e-08 1.332523854015480402e-07
1.629749999999999943e+01 1.604097332318077145e-08 2.517529229424963326e-08 3.156521537101948662e-08 5.551055908609499131e-08 7.454642939022910357e-08 1.170389096979399623e-07
1.747530000000000072e+01 9.103170541543589783e-09 2.053276272516291836e-08 2.088460906838713316e-08 5.214145961246809777e-08 6.733865851235140499e-08 1.010103086842318067e-07
1.873819999999999908e+01 1.975093374905826533e-08 2.420202002807205196e-08 3.132036955194587925e-08 3.586244051907133417e-08 5.344743292393369953e-08 9.226537593088139690e-08
2.009230000000000160e+01 -1.148311281105488893e-09 1.224859980611211945e-08 7.954384853486140163e-09 4.375530198720573346e-08 5.730588133786116900e-08 8.302915184860148059e-08
2.154429999999999978e+01 7.491298587652486336e-09 2.140816879088508150e-08 2.335427166760269455e-08 6.013721176298482146e-08 7.907331111393725974e-08 1.169135699314399745e-07
2.310129999999999839e+01 6.161637688607623089e-09 8.646615597415311544e-09 1.307590706906365115e-08 4.091279024502832419e-08 5.030730370091974638e-08 8.257438602776728128e-08
2.477080000000000126e+01 1.070798898032692242e-08 1.838642526158545929e-08 1.999892547717704169e-08 4.580015697128570907e-08 5.854865847887414700e-08 9.002893419669594341e-08
2.656090000000000018e+01 1.446617443077725445e-08 1.847002948327154639e-08 2.699064637843608938e-08 4.075740185195219471e-08 5.911379073315889830e-08 1.069390314648429949e-07
2.848039999999999949e+01 1.348816563215246864e-08 2.459358260526929041e-08 3.072812819720958241e-08 5.266787685827716970e-08 7.581681052764633222e-08 1.233636235664183708e-07
3.053859999999999886e+01 6.981781296225893182e-09 9.839394187063219030e-09 1.101026258264447853e-08 2.671880810673519830e-08 3.541147656797077421e-08 6.273664495918756756e-08
3.274549999999999983e+01 4.634843905802577383e-09 1.097009986511986686e-08 1.047323440619036906e-08 2.548090188055644654e-08 3.938072404892736771e-08 7.061005310832167224e-08
3.511189999999999856e+01 1.046213514939072412e-08 1.844083415692759666e-08 2.147937977675526718e-08 4.299676192586704917e-08 5.837739267319916783e-08 9.344870272527297638e-08
3.764939999999999998e+01 3.882160385717305096e-09 8.682361438651546704e-09 8.642597888599640531e-09 2.772640214195345954e-08 3.863303762693467958e-08 6.868226331082655551e-08
4.037019999999999698e+01 6.553153080679218193e-09 9.738621352442351300e-09 1.369057846373706661e-08 2.489417354934860785e-08 3.901907000849864817e-08 7.884055672851301531e-08
4.328759999999999764e+01 3.965981775378609806e-09 9.133813643488434470e-09 9.909524906731678368e-09 2.640199945586714685e-08 3.815848665194485423e-08 6.797330280186122900e-08
4.641590000000000060e+01 7.267836007873515317e-09 1.052157796244198935e-08 1.467326145615701456e-08 2.584602656662824241e-08 3.970143890569781385e-08 7.563188207048409373e-08
4.977020000000000266e+01 2.439596041811336398e-09 6.124422126490364487e-09 4.930751788137416807e-09 2.289384077990774845e-08 3.042263761190005601e-08 5.278850407993456322e-08
5.336699999999999733e+01 5.079852522173189219e-09 9.131009418014090091e-09 1.152199839891441977e-08 2.534993700849341951e-08 3.665342880914629659e-08 6.896346598309509164e-08
5.722370000000000090e+01 3.440029575339722694e-09 8.362719057708094898e-09 9.776672270257035507e-09 2.306952282423533402e-08 3.484200255497479844e-08 6.579882603381835611e-08
6.135909999999999798e+01 3.210089704429354415e-09 7.357412829312530734e-09 7.364600507958024402e-09 2.148206137019046522e-08 3.063975825997155469e-08 5.523233144696409011e-08
6.579330000000000211e+01 2.787729616074425197e-09 6.693735616190553709e-09 7.272855892089797931e-09 2.169844119285474289e-08 3.056601791253921895e-08 5.544280655237416645e-08
7.054800000000000182e+01 2.727735841959755076e-09 5.696743366814327527e-09 6.126855233106290391e-09 1.694244888607893039e-08 2.429210488978578066e-08 4.649669665190384499e-08
7.564629999999999654e+01 2.497134300211901510e-09 4.545554737886441354e-09 4.958345583915575341e-09 1.576858917104939509e-08 2.240159350791134280e-08 4.303852031041741675e-08
8.111310000000000286e+01 2.832625003025358111e-09 4.840750209945124593e-09 6.156188788527757273e-09 1.342509623495024733e-08 2.022061318864046960e-08 4.216304269447233293e-08
8.697490000000000521e+01 2.497662923249594356e-09 4.659721411807214678e-09 5.729673900533657358e-09 1.478931552527900738e-08 2.136089449223519896e-08 4.180398653281983240e-08
9.326030000000000086e+01 2.270820127920618675e-09 3.976869434259797227e-09 4.842554737224194050e-09 1.247636921061434911e-08 1.831497101513492986e-08 3.683971198305323168e-08
1.000000000000000000e+02 2.056573102449549199e-09 4.049063565112599686e-09 5.319061250165360869e-09 1.263286771800620046e-08 1.920896629760382750e-08 3.865192707252374264e-08
1.072266999999999939e+02 2.186715708846737129e-09 4.145581198083895708e-09 5.202693000766028883e-09 1.195656100333329284e-08 1.836393654790519519e-08 3.646465459969706168e-08
1.149757000000000033e+02 1.965118763327818939e-09 3.527374280006332099e-09 4.684074236899262814e-09 1.031720630311533119e-08 1.635559365181274780e-08 3.379136304661438819e-08
1.232847000000000008e+02 1.512893782552539804e-09 3.044078471105519140e-09 3.527982453962178184e-09 9.313259341050734145e-09 1.424459176661471924e-08 2.874070479708271358e-08
1.321940999999999917e+02 1.152100114124249800e-09 2.331137737894468557e-09 2.282212517336863664e-09 7.522435601552362589e-09 1.160516109165442633e-08 2.351033536149128268e-08
1.417473999999999990e+02 1.406381041120102781e-09 2.666678322527012473e-09 3.455749538279489350e-09 7.785897407603460492e-09 1.243377887246321336e-08 2.606439093098404321e-08
1.519910999999999888e+02 1.183919885899866613e-09 2.161650066543316421e-09 2.620796417384603861e-09 6.894864015797667748e-09 1.059578565613793133e-08 2.212013150049004440e-08
1.629750999999999976e+02 9.909837281007698364e-10 1.938146472672906933e-09 2.398789294684918641e-09 6.337999944002896116e-09 9.906087057164173187e-09 2.123088619717727605e-08
1.747528000000000077e+02 9.279762475464453827e-10 1.725170897120971850e-09 2.011108897457670476e-09 5.403527547235910530e-09 8.315297037904179168e-09 1.840912893343622788e-08
1.873817999999999984e+02 7.973204302318401614e-10 1.473638122052622418e-09 1.717063386024700948e-09 4.781297645443719301e-09 7.394118909049397015e-09 1.631253372252904863e-08
2.009233000000000118e+02 7.307041745172881623e-10 1.485421163470456343e-09 1.633239109848174104e-09 4.354137254525258189e-09 6.945818178489889217e-09 1.508043570430287274e-08
2.154435000000000002e+02 7.393932147345259144e-10 1.329770278275817138e-09 1.665876963400336987e-09 4.069751080649612011e-09 6.342373816755586238e-09 1.403516001073261815e-08
2.310130000000000052e+02 6.282185564905174278e-10 1.139762189638301460e-09 1.436297665799540097e-09 3.592578790650947511e-09 5.602460441767772653e-09 1.254111025217954234e-08
2.477076000000000136e+02 5.828428181331082356e-10 1.072157084066173357e-09 1.311744040698716224e-09 3.254917267641152419e-09 5.049326658474568093e-09 1.140567573431196190e-08
2.656087999999999738e+02 5.296788136894306191e-10 9.318491663372544498e-10 1.130325603963811866e-09 2.990675674262232775e-09 4.580724630583281472e-09 1.004047192708872986e-08
2.848036000000000172e+02 5.402844854409305304e-10 8.756787396308341430e-10 1.096055611549345398e-09 2.663307656749762421e-09 4.142074808756941586e-09 9.161726406031908613e-09
3.053854999999999791e+02 4.959852156845358443e-10 8.536267849337656082e-10 1.033922046969855349e-09 2.401906779566472323e-09 3.644001817963196442e-09 8.229504784172784936e-09
3.274549000000000092e+02 4.256301610046006660e-10 7.188225073866262720e-10 8.825895918821352119e-10 2.105660889394277537e-09 3.250959134954374045e-09 7.318439742221093568e-09
3.511191000000000031e+02 4.133389682344470414e-10 6.938204051090733112e-10 7.960009523814111431e-10 1.967840038277270924e-09 2.976975800159966491e-09 6.580274729131548289e-09
3.764936000000000149e+02 3.452672772192088970e-10 5.919752056612158168e-10 7.039769884021230252e-10 1.717498099535119458e-09 2.602839496026482754e-09 5.814705411419271220e-09
4.037017000000000166e+02 3.741920954788019720e-10 5.981502256661864672e-10 7.101744563848441018e-10 1.641835185902333429e-09 2.462572504208793058e-09 5.393246521609123927e-09
4.328761999999999830e+02 3.421326406690500047e-10 5.657696675004007886e-10 6.392829157424708530e-10 1.472647537813801220e-09 2.205636010344950917e-09 4.685645694718243464e-09
4.641589999999999918e+02 3.332834346905986856e-10 5.296638769276606694e-10 6.286453644549476641e-10 1.361643880420448648e-09 1.990961886323119168e-09 4.330291555571456014e-09
4.977022999999999797e+02 2.725242416892099028e-10 4.698789891681756817e-10 5.331674408964642278e-10 1.215893384494387412e-09 1.785268828271914584e-09 3.782102944052358922e-09
5.336698999999999842e+02 2.864797732704201997e-10 4.618490470858846500e-10 5.250453405202966930e-10 1.171274141650229939e-09 1.681739579611376089e-09 3.444604035667618465e-09
5.722368000000000166e+02 2.858633858550659741e-10 4.427363085103827186e-10 5.122003449654683483e-10 1.046798422814491068e-09 1.521004509569788792e-09 3.122084690455100342e-09
6.135907999999999447e+02 2.554407500199487841e-10 4.005051783636058403e-10 4.579994095250982173e-10 9.628099221365406889e-10 1.380383650549595414e-09 2.761549071150740204e-09
6.579333000000000311e+02 2.390137871763393766e-10 3.885195774025308767e-10 4.320551529086034624e-10 9.010400413651593357e-10 1.283288589132729403e-09 2.507870678268241217e-09
7.054804000000000315e+02 2.293312482152844766e-10 3.695304087683321327e-10 4.080659269545850448e-10 8.360459030643314820e-10 1.170224308951138588e-09 2.269989883699788027e-09
7.564632000000000289e+02 2.174536311343672623e-10 3.463717850255932313e-10 3.895533913060551862e-10 7.968500121009431512e-10 1.092621210524825533e-09 2.069990484047430173e-09
8.111308000000000220e+02 2.187315394119119247e-10 3.336835222595764969e-10 3.772313498090551942e-10 7.223758068366215479e-10 1.007706088945290313e-09 1.865795417248118350e-09
8.697490000000000236e+02 2.073100001698002557e-10 3.214637346697048540e-10 3.717480413994551167e-10 6.851093004154232445e-10 9.511378924655544991e-10 1.735075347311286162e-09
9.326033999999999651e+02 1.909214606184522230e-10 3.078385833348304687e-10 3.478705343215467347e-10 6.649173028360184910e-10 9.025406838367750084e-10 1.593505146361317391e-09
1.000000099999999975e+03 1.758624054662947002e-10 2.882681792883992015e-10 3.221641445926998956e-10 6.286672725961681840e-10 8.341427831294900441e-10 1.459509316341516769e-09
1.072267000000000053e+03 1.790881531680616573e-10 2.792236100489269541e-10 3.183781322345595457e-10 5.935657691076721153e-10 7.901202763641142415e-10 1.359706746107623097e-09
1.149756800000000112e+03 1.633233272035689670e-10 2.591307562903075256e-10 2.912555140554043178e-10 5.502017600002498138e-10 7.326033049966415146e-10 1.240089872711979100e-09
1.232846700000000055e+03 1.516551177949535929e-10 2.503447377631940297e-10 2.855405885550153729e-10 5.346577427918219958e-10 6.930979958222890563e-10 1.179856147067935804e-09
1.321941199999999981e+03 1.431275884713973368e-10 2.419058771237339277e-10 2.712307068948726638e-10 4.942711502491988558e-10 6.717396200861882508e-10 1.090356551076158133e-09
1.417474300000000085e+03 1.422332628488463522e-10 2.264314336189080441e-10 2.573739720615938371e-10 4.859306928369460561e-10 6.302251374393815216e-10 1.028315424192970346e-09
1.519911299999999983e+03 1.267479998492645418e-10 2.198703304160021152e-10 2.423564935182237831e-10 4.588570450954142750e-10 5.997651209044949752e-10 9.489932090766204300e-10
1.629750500000000102e+03 1.267981359345257603e-10 2.043570793724853813e-10 2.367808477405661815e-10 4.376443479109557678e-10 5.717711027354907531e-10 9.217703956485238839e-10
1.747528199999999970e+03 1.235125643516841371e-10 1.965107297535631174e-10 2.264171920172903879e-10 4.180625620102175620e-10 5.453090511843680153e-10 8.605663498723812636e-10
1.873817299999999932e+03 1.062967572392862836e-10 1.808753331944078526e-10 2.039159191087488228e-10 3.928615928314552387e-10 5.148205132491752522e-10 7.957812551509927458e-10
2.009232999999999947e+03 9.803674711680395868e-11 1.706571416833605347e-10 1.980756402014305697e-10 3.750677013636244754e-10 4.903729310797778487e-10 7.738295840576024511e-10
2.154434900000000198e+03 1.005398306315729752e-10 1.600146910140106806e-10 1.915976619598996511e-10 3.587935688229598208e-10 4.695739849033084090e-10 7.379706130729825046e-10
2.310130099999999857e+03 8.400582358725713610e-11 1.485810562474526388e-10 1.713729051649074913e-10 3.411245889105146061e-10 4.439815751469449515e-10 6.799486720826534096e-10
2.477075899999999820e+03 8.225500042153141261e-11 1.437020460871432551e-10 1.635707767917577846e-10 3.240668060419029825e-10 4.264744948570599771e-10 6.508407660742651424e-10
2.656087500000000091e+03 7.772411096820083048e-11 1.307835188493274830e-10 1.557841881695888193e-10 3.067586488859010565e-10 4.051781006896941527e-10 6.246732142462844264e-10
2.848035800000000108e+03 6.814807323989427902e-11 1.238118986510663707e-10 1.414765483864302799e-10 2.937551566299078050e-10 3.859039670033033997e-10 5.846817104742600322e-10
3.053855599999999868e+03 6.381803472594612129e-11 1.149046895465091812e-10 1.360854213757037590e-10 2.743120469147277663e-10 3.678184699564001225e-10 5.652346531008916203e-10
3.274549500000000080e+03 5.585338325655651738e-11 1.019011159851700374e-10 1.236350134052766330e-10 2.562599732353680455e-10 3.433947064502997082e-10 5.351284541325195983e-10
3.511192300000000159e+03 5.042921770349406720e-11 9.724323372022750710e-11 1.140835253551516191e-10 2.457907535071415904e-10 3.269120341459267413e-10 5.079848499977624069e-10
3.764935199999999895e+03 4.919583025452078494e-11 8.844935286202444848e-11 1.075865349707816899e-10 2.240012921057482669e-10 3.052863553649761093e-10 4.829369396720365415e-10
4.037016900000000078e+03 4.364641033114433051e-11 8.162582066711004640e-11 9.791417892368289794e-11 2.129696818216702769e-10 2.932870494431083226e-10 4.586159104370048357e-10
4.328761199999999917e+03 3.771776405399361522e-11 7.494800447839212177e-11 8.763304788959244310e-11 2.014110858498087894e-10 2.747614518394888344e-10 4.364701446511133308e-10
4.641588999999999942e+03 3.245007001219666512e-11 6.659383468379666259e-11 8.029963345291697810e-11 1.870756536863618307e-10 2.544816023482780028e-10 4.104409412774681984e-10
4.977024099999999635e+03 2.947890518133600002e-11 6.073994619631585683e-11 7.207973656848630046e-11 1.687566170750544132e-10 2.406695047743570451e-10 3.859966593631549090e-10
5.336700200000000223e+03 2.705141808905845630e-11 5.528547596217389950e-11 6.524716459197263126e-11 1.590538809374789434e-10 2.232892028489628922e-10 3.620604811074334436e-10
5.722366799999999785e+03 2.356882188130655909e-11 4.968203186831029389e-11 5.887264633875423106e-11 1.458009987322682524e-10 2.057251508222123866e-10 3.419678800242130503e-10
6.135906799999999748e+03 2.063545694377211401e-11 4.414526158788276910e-11 5.319060583350345799e-11 1.341272212680006747e-10 1.913407121195060199e-10 3.216344925806232882e-10
6.579332199999999830e+03 1.904577437788427140e-11 3.927062666994785017e-11 4.619450413351422727e-11 1.230449649096661766e-10 1.768797172464376020e-10 2.986516358083754799e-10
7.054802700000000186e+03 1.585520148878947298e-11 3.424974517813039110e-11 4.116799151552049870e-11 1.110567799861238429e-10 1.633049805033721280e-10 2.804398099781784035e-10
7.564634299999999712e+03 1.358532565647059423e-11 2.976239838583573155e-11 3.558872149153768899e-11 1.011516959471901572e-10 1.487199047842149136e-10 2.604883680951586363e-10
8.111309900000000198e+03 1.101254058383413200e-11 2.656486296281531622e-11 3.245310371355690866e-11 9.204882746092404587e-11 1.362778099153936495e-10 2.433888272153919384e-10
8.697488799999999173e+03 1.001665095308676691e-11 2.286302782571160285e-11 2.969441784448346038e-11 8.233238558434123413e-11 1.236553555899610875e-10 2.281160646150033174e-10
9.326032800000000861e+03 8.864934659363468985e-12 2.065485996789403657e-11 2.516509629783460449e-11 7.385838786259324549e-11 1.129944743971061993e-10 2.093894701653493505e-10
1.000000000000000000e+04 8.226698903335144818e-12 1.740426827792927468e-11 2.185700818270047165e-11 6.599746355806483912e-11 1.008043569850069296e-10 1.914887398113897912e-10
