1.000000000000000000e+01 -1.444233439749368106e-09 1.158894900173281008e-08 4.068796027346494496e-09 3.525398337562320298e-08 4.194346577471222181e-08 5.537196735232478429e-08
1.066750000000000043e+01 3.769705209410602222e-08 4.760951500576069927e-08 5.862926544356515804e-08 7.834389250427020784e-08 9.606344597866251997e-08 1.313051869355052043e-07
1.137950000000000017e+01 2.208705552437206678e-08 2.584932396630520747e-08 4.201060591898842385e-08 1.981738329118482502e-08 5.255906506657363169e-08 1.051953285704361336e-07
1.213909999999999911e+01 1.415880384532556838e-08 2.681905617388081083e-09 4.169222693009489027e-09 7.108154434508376486e-09 5.314440277978794626e-09 2.502650160793360471e-08
1.294940000000000069e+01 4.771024544034080161e-08 6.517685542069290783e-08 8.964551584456352369e-08 1.072840586336875510e-07 1.476082095638001888e-07 2.198361094870296599e-07
1.381370000000000076e+01 2.753188339676859960e-09 1.946159496341837989e-08 1.283018985947644733e-08 6.185877931643286503e-08 6.989895523308777545e-08 8.835203015124667846e-08
1.473579999999999934e+01 -2.874355991843877518e-10 5.809257314542047159e-09 -1.542020600878192635e-09 3.529667915321808444e-08 3.614287929693850300e-08 4.981211748588150828e-08
1.571940000000000026e+01 1.202127432687928893e-08 1.211995880620985374e-08 1.385037920531360978e-08 2.841367574228018529e-08 3.458992327669121938e-08 5.821869227160370972e-08
1.676859999999999928e+01 1.270027462200665489e-08 2.152947850374510563e-08 1.794160355227238555e-08 4.399502413610730124e-08 5.011890857038634609e-08 6.536899523941995353e-08
1.788789999999999836e+01 1.547617416271808804e-08 2.424990223727295099e-08 3.115818664826157167e-08 5.868084497816260526e-08 7.712054910312349326e-08 1.201426506898278874e-07
1.908190000000000097e+01 9.399071084787190484e-09 1.986777406657470554e-08 2.164621820727870712e-08 5.593404099474326021e-08 7.019717279052081989e-08 1.033294392614384159e-07
2.035559999999999903e+01 1.924713669086487784e-08 3.128606178488085518e-08 3.755314561181446081e-08 5.575168429245348452e-08 7.710574656212624956e-08 1.165312426739143988e-07
2.171430000000000149e+01 8.571868256702749507e-09 1.749068731497466454e-08 1.657024449563443421e-08 3.821570590042714955e-08 5.208487573937884092e-08 8.265459511441304937e-08
2.316369999999999862e+01 1.436527344614160800e-08 2.115629461245061233e-08 2.706424323129192968e-08 4.686250614378124430e-08 6.269179288293154328e-08 9.952379852787321589e-08
2.470980000000000132e+01 1.290933656124566657e-08 2.147640038914559550e-08 2.696466346479428375e-08 5.730812579122990336e-08 7.378248323728885239e-08 1.141080888301987299e-07
2.635920000000000130e+01 4.023493423361896581e-09 8.027544308424660311e-09 6.802853881427625902e-09 2.932876167868751541e-08 3.756707554741223652e-08 6.397092094055848571e-08
2.811860000000000070e+01 1.170350375622657716e-08 1.924045132168369818e-08 2.307453362835468273e-08 4.616058773326440806e-08 6.184870962006854008e-08 9.974536114862949006e-08
2.999549999999999983e+01 7.351047219807365132e-09 1.362080577632435972e-08 1.266820881646989398e-08 3.685364252240979238e-08 4.685512088946536406e-08 7.412183574869709790e-08
3.199769999999999825e+01 1.058403130802925764e-08 1.800036567531104247e-08 2.456356223057961344e-08 3.870900134903321016e-08 5.940896863649896672e-08 1.051430114082010103e-07
3.413349999999999795e+01 8.493987232089771124e-09 1.550278311707685780e-08 1.671173599098571945e-08 4.162727951851215078e-08 5.438231984734914462e-08 8.719377652555249885e-08
3.641179999999999950e+01 6.575501216996904186e-09 1.418019333010736821e-08 1.642355015547295456e-08 3.963069700370841481e-08 5.606881175747242809e-08 9.537555613972255534e-08
3.884230000000000160e+01 6.407768671270583088e-09 1.082929585708581250e-08 1.180762499961702546e-08 2.550992264341773091e-08 3.654793109405323345e-08 6.534388840305998941e-08
4.143500000000000227e+01 4.406751277054498990e-09 9.077979791224758988e-09 9.126059920382536989e-09 2.741217545480706556e-08 3.742109775905714325e-08 6.531240543574107432e-08
4.420069999999999766e+01 2.401065567194983989e-09 6.156130344393994357e-09 5.537248061507959070e-09 2.232890692053254788e-08 3.140321029038663188e-08 5.852954953780129604e-08
4.715100000000000335e+01 6.689673326084458127e-09 1.085014054088448670e-08 1.326618750965612897e-08 2.840354829380039120e-08 4.042601140988564987e-08 7.301107127452097995e-08
5.029829999999999757e+01 5.241306746048534811e-09 9.004958908694224470e-09 1.111426485119009983e-08 2.255337779614423473e-08 3.338565820091603193e-08 6.432572143258819334e-08
5.365570000000000306e+01 5.041071798213894546e-09 8.757196033146577896e-09 1.207528501750368981e-08 2.079630053388679506e-08 3.348081515925582379e-08 6.818279608462033543e-08
5.723709999999999809e+01 3.948204944707834926e-09 6.961475426014494860e-09 7.875610292971856982e-09 2.305370772990297318e-08 3.164638471386072753e-08 5.689651944028478658e-08
6.105760000000000076e+01 4.966583932532456416e-09 7.709172841327417674e-09 1.077009772688925401e-08 2.227059447927295438e-08 3.213398096844733349e-08 6.281667989258958153e-08
6.513309999999999889e+01 2.138306249994422606e-09 5.623763560642453980e-09 4.792037248739865072e-09 1.854376061267104737e-08 2.538585158656608937e-08 4.684764095481366926e-08
6.948069999999999879e+01 3.498472787037964286e-09 5.928497075724399542e-09 7.275724165488233038e-09 1.651546768067768079e-08 2.502951865466573479e-08 5.060645622887660370e-08
7.411839999999999407e+01 3.386802460529299357e-09 6.787569387255439061e-09 8.410200179593023982e-09 1.942630736469918072e-08 2.847817279760269572e-08 5.405099394794621571e-08
7.906570000000000675e+01 2.694944688775118608e-09 5.359865861559767936e-09 6.175624941372127101e-09 1.715077372988194083e-08 2.441510208591949839e-08 4.595369069903272949e-08
8.434329999999999927e+01 1.414957452499208819e-09 3.940828638683875066e-09 3.580063995147236756e-09 1.267411183943598040e-08 1.887754070521071462e-08 3.691871165197044297e-08
8.997310000000000230e+01 2.410588327287858252e-09 4.486189717218109903e-09 5.836263595407584825e-09 1.386698219314071758e-08 2.106860700873140957e-08 4.258502062927563955e-08
9.597870000000000346e+01 1.338494632307200645e-09 3.189168592160004104e-09 3.343256359428678149e-09 1.174203954124353591e-08 1.692743926202026956e-08 3.371929742308362433e-08
1.023850999999999942e+02 2.011899262269272882e-09 3.780154851505174565e-09 4.778479239295033411e-09 1.144317206348801837e-08 1.800409387700011943e-08 3.626666752732210782e-08
1.092192000000000007e+02 1.437115201804130771e-09 3.146697586151978660e-09 3.192399655728632457e-09 1.069617290768730457e-08 1.549496726376361150e-08 3.071054707470776401e-08
1.165093999999999994e+02 1.629498774046215083e-09 3.338459945444302831e-09 4.011468975150906372e-09 1.001835916023673259e-08 1.586294628445961780e-08 3.261746481636342198e-08
1.242862999999999971e+02 1.621642791291372469e-09 2.855852349388511015e-09 3.676501785004787992e-09 8.581443268170736791e-09 1.387198763117574519e-08 2.923042140372099557e-08
1.325822000000000003e+02 1.430874771585371459e-09 2.649440217009819066e-09 3.323148739516751385e-09 8.404791025600713246e-09 1.299681011703644930e-08 2.693787471066377506e-08
1.414319000000000131e+02 1.412311375692693742e-09 2.572915503074664722e-09 3.082763732280758718e-09 7.516269740425821224e-09 1.185315346500405917e-08 2.474336570657971658e-08
1.508723999999999990e+02 1.015975793854306280e-09 2.122385510304394405e-09 2.251932389972185013e-09 6.464078777359458145e-09 1.015572353701012984e-08 2.161130569387212750e-08
1.609429000000000087e+02 1.063719898797060489e-09 1.975827004389113042e-09 2.438965160487389554e-09 6.338425347309532364e-09 9.448006459270395967e-09 2.038912568461601241e-08
1.716855999999999938e+02 9.093317962429050815e-10 1.649849836178104785e-09 1.943885989974328159e-09 5.410907063965721835e-09 8.330514828409284347e-09 1.824540273602543282e-08
1.831453999999999951e+02 7.068936957326540779e-10 1.362946763148159222e-09 1.557591922163841893e-09 4.664673248806071476e-09 7.285489673987683685e-09 1.637282618837702510e-08
1.953701000000000079e+02 7.845131125482369056e-10 1.474195777322077787e-09 1.736751266160578007e-09 4.913202818920423939e-09 7.449640193515149664e-09 1.589783187091636159e-08
2.084107999999999947e+02 7.031944568432836129e-10 1.281135512598454138e-09 1.624268353639327627e-09 4.238815851011567412e-09 6.603532508587041985e-09 1.486019527564300986e-08
2.223220000000000027e+02 6.973172791956663316e-10 1.256418875842280943e-09 1.466377764902902983e-09 3.743718199781038486e-09 5.879647380709773875e-09 1.306125402921425588e-08
2.371616999999999962e+02 5.809014948532869771e-10 1.172723878667487488e-09 1.376865526964780647e-09 3.526796124142686714e-09 5.577012801416666761e-09 1.240702533176299733e-08
2.529918999999999869e+02 5.338111476038711726e-10 9.445268325691160563e-10 1.104094241038400072e-09 3.115413894134580667e-09 4.827978383672797239e-09 1.068330261203761298e-08
2.698788000000000125e+02 5.057235339053724741e-10 9.210874209294944330e-10 1.085117451833869847e-09 2.865298107968704644e-09 4.447787930111549529e-09 9.789538350937585628e-09
2.878928999999999974e+02 4.147591621489770817e-10 8.197445933306201744e-10 9.519185590073158010e-10 2.547809156885845417e-09 3.988008591583362958e-09 9.038857131577661095e-09
3.071093999999999937e+02 4.204574759417338936e-10 7.816565397677727247e-10 9.431979672428652232e-10 2.285986123587513301e-09 3.555157453516976717e-09 8.004369474755559833e-09
3.276086000000000240e+02 4.199673793492606937e-10 7.405092863833080758e-10 8.941433529486689364e-10 2.130535855941029005e-09 3.241979004741865903e-09 7.253806202248641098e-09
3.494760999999999740e+02 4.375780618230515738e-10 7.275021635650887034e-10 8.367947606804766876e-10 1.982748027520611433e-09 3.098233477234310615e-09 6.841999418762130469e-09
3.728029999999999973e+02 4.055005876400898370e-10 6.478154139886966230e-10 8.090961051141253305e-10 1.760403008671318403e-09 2.702646291229841573e-09 6.029709616727968612e-09
3.976872000000000185e+02 3.224945617306106676e-10 6.200669578514207061e-10 7.021563590586289658e-10 1.673133593454142723e-09 2.532159706698714546e-09 5.412680875440471026e-09
4.242323000000000093e+02 3.151218831922779019e-10 5.667045768359406332e-10 6.401841113084710643e-10 1.507822512615525125e-09 2.257830117631018796e-09 4.847870726362890440e-09
4.525493000000000166e+02 3.178922009533097881e-10 5.359210413266981584e-10 5.856643751425455233e-10 1.343792163375365988e-09 2.045949850679472527e-09 4.348408273474679931e-09
4.827563999999999851e+02 3.111047799346722062e-10 5.211802033817085403e-10 5.786905558992087969e-10 1.317715213099214805e-09 1.909728680243720593e-09 3.955354518906691260e-09
5.149799000000000433e+02 2.878041949460706180e-10 4.637887597566269365e-10 5.225569144025887704e-10 1.178772266727607357e-09 1.721027470900111577e-09 3.568560752964774301e-09
5.493538999999999533e+02 2.590794950191946982e-10 4.440335128274339643e-10 4.816761905365177419e-10 1.110028682786571569e-09 1.603640293984364718e-09 3.232032546684273027e-09
5.860226000000000113e+02 2.602738320764539374e-10 4.080634219836499048e-10 4.681753612822062981e-10 1.024815083111349491e-09 1.452489700179739030e-09 3.011176641792862963e-09
6.251390000000000100e+02 2.376904620448997293e-10 4.041972148937149029e-10 4.368238711380666439e-10 9.728101845101101105e-10 1.380596527074408398e-09 2.683049020791632042e-09
6.668662000000000489e+02 2.440332436712486152e-10 3.879430186424646458e-10 4.401200057401270368e-10 8.895508207920810922e-10 1.261186207554600513e-09 2.464173973695482621e-09
7.113787999999999556e+02 2.288039838977684380e-10 3.668443665419921537e-10 4.141088503797591108e-10 8.245141591510240074e-10 1.190158429635651331e-09 2.253810324706957822e-09
7.588621000000000549e+02 2.021324058445349036e-10 3.407590083351889037e-10 3.659520951425952243e-10 7.809995122304628266e-10 1.061007917550783841e-09 2.027875955976258933e-09
8.095153000000000247e+02 1.972512315818392665e-10 3.262650441908322831e-10 3.692546691381281166e-10 7.298049254053977244e-10 1.009325934280339689e-09 1.911579273554836791e-09
8.635493999999999915e+02 2.046619126111542912e-10 3.197663831610389440e-10 3.634559334001957730e-10 6.961888827988900174e-10 9.614769102942860054e-10 1.753613975235941619e-09
9.211902999999999793e+02 1.877055747096165677e-10 3.027655937752789201e-10 3.372259975683581942e-10 6.535624819675687695e-10 8.902506491146290948e-10 1.603595240598160168e-09
9.826787000000000489e+02 1.847293770480067327e-10 2.855316937305440064e-10 3.314334536805329760e-10 6.118428213289866065e-10 8.340259185154978173e-10 1.489794054694270170e-09
1.048271300000000110e+03 1.740814036516894347e-10 2.867996030005861006e-10 3.212817014657341895e-10 6.060398518318298908e-10 8.024801583614490845e-10 1.386632375207407815e-09
1.118241700000000037e+03 1.627549544989454811e-10 2.691542066312168279e-10 3.036588948626945873e-10 5.710316938053485822e-10 7.571510263963787215e-10 1.292947605100839881e-09
1.192883000000000038e+03 1.516871945943875774e-10 2.472772915701330657e-10 2.812188451609637748e-10 5.258958001492217476e-10 7.050503515725063973e-10 1.210166072555806979e-09
1.272506499999999960e+03 1.507052356254308586e-10 2.384412849772702574e-10 2.815578978408684120e-10 5.061492299952825240e-10 6.716656049767006825e-10 1.128473473348697072e-09
1.357444799999999987e+03 1.469443221439475074e-10 2.312876726456408188e-10 2.650284674435043514e-10 4.842433313126693764e-10 6.414739914332139184e-10 1.054362751912382551e-09
1.448052599999999984e+03 1.362934904436085230e-10 2.258528791489047260e-10 2.561697333310847013e-10 4.698674149977866868e-10 6.191754799382717012e-10 1.004304998856985159e-09
1.544708399999999983e+03 1.228482493950394740e-10 2.098737906207684425e-10 2.333529766116875386e-10 4.431576860886535666e-10 5.831404390222304436e-10 9.117993994498032039e-10
1.647815200000000004e+03 1.234493431142985888e-10 2.025829659835280225e-10 2.258755366158605564e-10 4.277454042831918541e-10 5.573414326850464885e-10 8.792815533503277380e-10
1.757804900000000089e+03 1.132446808431934867e-10 1.908170217053764830e-10 2.193174387692153425e-10 4.103084896083798663e-10 5.331208549458656809e-10 8.424216583459703960e-10
1.875136199999999917e+03 1.077752693723732059e-10 1.806723488302728654e-10 2.015250224745030690e-10 3.825131313920036683e-10 5.042469414264296506e-10 7.854204471918530336e-10
2.000299299999999903e+03 9.925826320136710399e-11 1.679136488808650002e-10 1.951257613146732356e-10 3.719367253786239344e-10 4.870817432088432178e-10 7.571089168557694782e-10
2.133816899999999805e+03 9.578261541236045188e-11 1.624668882361889603e-10 1.877994385363228797e-10 3.514816985520020718e-10 4.664599325431105022e-10 7.152211703444471867e-10
2.276246599999999944e+03 8.717258921057562347e-11 1.475274083941168815e-10 1.751692992676198021e-10 3.335504358452766620e-10 4.466937749999906415e-10 6.893425822314109354e-10
2.428182400000000143e+03 8.087851874113615457e-11 1.435839682212632139e-10 1.634109386975290403e-10 3.230628633621621340e-10 4.250243125727774969e-10 6.465244851081671822e-10
2.590260699999999815e+03 7.706716711848554295e-11 1.328706080756263231e-10 1.528214363526123324e-10 3.069890808129669386e-10 4.040011028415293822e-10 6.158766547821652281e-10
2.763157499999999800e+03 7.060250674786020167e-11 1.245353747316093494e-10 1.467475254707760388e-10 2.935272433544643260e-10 3.856288880392611147e-10 5.941827734903240017e-10
2.947594900000000052e+03 6.255783936189402676e-11 1.150096045024244146e-10 1.297053220198880437e-10 2.786957924716887634e-10 3.683251263556262972e-10 5.620371175540133288e-10
3.144343299999999999e+03 5.726719184003059218e-11 1.069657927623130127e-10 1.260085606352091132e-10 2.643384224049508397e-10 3.493198809773417308e-10 5.367869766975616959e-10
3.354224499999999807e+03 5.205157533882185316e-11 9.999012188091383280e-11 1.157545977893388171e-10 2.474637158097782285e-10 3.313087105830663363e-10 5.080717328791125894e-10
3.578113499999999931e+03 5.077730900497264359e-11 9.413248517215670209e-11 1.095811863554223428e-10 2.358715723288182893e-10 3.157199497152902298e-10 4.875093766256846436e-10
3.816948300000000017e+03 4.555952894612641340e-11 8.432264966274545310e-11 9.945310385124366260e-11 2.189741549827188742e-10 2.959729145597420848e-10 4.635807626476287859e-10
4.071724999999999909e+03 4.043244846098519053e-11 7.819824206349613366e-11 9.218512340270220805e-11 2.071570907616978664e-10 2.806369014092524815e-10 4.420822104035573901e-10
4.343507800000000316e+03 3.688777302265505058e-11 7.268173339361803043e-11 8.707308795572072633e-11 1.937755331130062892e-10 2.670396978224810528e-10 4.229833974704021943e-10
4.633431700000000092e+03 3.419716134958673931e-11 6.520765494151487696e-11 8.068247483189169645e-11 1.821703226769464100e-10 2.486140669274467317e-10 4.031876683148324928e-10
4.942707699999999932e+03 3.205055326698302251e-11 6.044635557122836903e-11 7.435635664708403740e-11 1.683179395277933168e-10 2.359255579534713114e-10 3.814835858636047407e-10
5.272625500000000102e+03 2.665851929430212123e-11 5.415066978189963446e-11 6.427884696817700149e-11 1.560176298108956648e-10 2.183949402569109924e-10 3.578040003522501884e-10
5.624566899999999805e+03 2.268559734717850417e-11 4.906600861139151262e-11 5.816345016537376460e-11 1.443387691808983217e-10 2.041594501490925087e-10 3.381052443719406287e-10
6.000000000000000000e+03 2.158289610394541829e-11 4.425431778159059821e-11 5.400946298450769844e-11 1.344913790451630471e-10 1.907448323602325325e-10 3.219837072678279090e-10
