   10.0000  0.1858654E-07  0.2847847E-07  0.3195582E-07  0.5414160E-07  0.6734911E-07  0.9394101E-07
   10.5931  0.1815482E-07  0.2805987E-07  0.3155715E-07  0.5409241E-07  0.6760243E-07  0.9500382E-07
   11.2213  0.1769667E-07  0.2759373E-07  0.3110396E-07  0.5395512E-07  0.6775426E-07  0.9595511E-07
   11.8868  0.1722021E-07  0.2708770E-07  0.3060364E-07  0.5373418E-07  0.6780713E-07  0.9679376E-07
   12.5917  0.1672652E-07  0.2654227E-07  0.3005631E-07  0.5342655E-07  0.6775595E-07  0.9751070E-07
   13.3385  0.1621437E-07  0.2595575E-07  0.2946001E-07  0.5302711E-07  0.6759350E-07  0.9809448E-07
   14.1296  0.1568509E-07  0.2532936E-07  0.2881573E-07  0.5253396E-07  0.6731576E-07  0.9853671E-07
   14.9675  0.1514032E-07  0.2466481E-07  0.2812504E-07  0.5194582E-07  0.6691933E-07  0.9882940E-07
   15.8552  0.1458239E-07  0.2396466E-07  0.2739040E-07  0.5126247E-07  0.6640181E-07  0.9896532E-07
   16.7955  0.1401938E-07  0.2323790E-07  0.2662087E-07  0.5049082E-07  0.6576807E-07  0.9894448E-07
   17.7916  0.1345579E-07  0.2248996E-07  0.2582203E-07  0.4963441E-07  0.6501956E-07  0.9876331E-07
   18.8467  0.1288964E-07  0.2171983E-07  0.2499307E-07  0.4869058E-07  0.6415153E-07  0.9841180E-07
   19.9644  0.1231979E-07  0.2092757E-07  0.2413432E-07  0.4765842E-07  0.6316106E-07  0.9788172E-07
   21.1485  0.1175291E-07  0.2012167E-07  0.2325478E-07  0.4654673E-07  0.6205525E-07  0.9717477E-07
   22.4027  0.1119422E-07  0.1930915E-07  0.2236197E-07  0.4536346E-07  0.6084054E-07  0.9629193E-07
   23.7313  0.1064502E-07  0.1849323E-07  0.2145965E-07  0.4411331E-07  0.5952045E-07  0.9523128E-07
   25.1387  0.1010488E-07  0.1767542E-07  0.2054993E-07  0.4279987E-07  0.5809775E-07  0.9399033E-07
   26.6296  0.9576237E-08  0.1686050E-07  0.1963835E-07  0.4143088E-07  0.5657986E-07  0.9257167E-07
   28.2089  0.9061916E-08  0.1605369E-07  0.1873095E-07  0.4001521E-07  0.5497572E-07  0.9097990E-07
   29.8818  0.8563733E-08  0.1525922E-07  0.1783284E-07  0.3856151E-07  0.5329451E-07  0.8922050E-07
   31.6540  0.8081794E-08  0.1447951E-07  0.1694732E-07  0.3707722E-07  0.5154456E-07  0.8729902E-07
   33.5313  0.7616909E-08  0.1371766E-07  0.1607841E-07  0.3557125E-07  0.4973616E-07  0.8522393E-07
   35.5199  0.7170036E-08  0.1297681E-07  0.1523019E-07  0.3405326E-07  0.4788078E-07  0.8300580E-07
   37.6264  0.6741221E-08  0.1225889E-07  0.1440546E-07  0.3253207E-07  0.4598964E-07  0.8065570E-07
   39.8579  0.6330696E-08  0.1156582E-07  0.1360696E-07  0.3101693E-07  0.4407496E-07  0.7818671E-07
   42.2217  0.5937975E-08  0.1089844E-07  0.1283624E-07  0.2951613E-07  0.4214853E-07  0.7561261E-07
   44.7257  0.5563055E-08  0.1025778E-07  0.1209497E-07  0.2803815E-07  0.4022286E-07  0.7294938E-07
   47.3782  0.5205208E-08  0.9643727E-08  0.1138349E-07  0.2658995E-07  0.3830934E-07  0.7021336E-07
   50.1880  0.4864065E-08  0.9056242E-08  0.1070210E-07  0.2517814E-07  0.3641934E-07  0.6742247E-07
   53.1645  0.4539233E-08  0.8494935E-08  0.1005060E-07  0.2380822E-07  0.3456330E-07  0.6459527E-07
   56.3174  0.4229875E-08  0.7958637E-08  0.9427856E-08  0.2248389E-07  0.3274988E-07  0.6175000E-07
   59.6574  0.3935895E-08  0.7446809E-08  0.8833245E-08  0.2120854E-07  0.3098729E-07  0.5890579E-07
   63.1954  0.3656744E-08  0.6958251E-08  0.8265368E-08  0.1998359E-07  0.2928142E-07  0.5608054E-07
   66.9433  0.3392109E-08  0.6491966E-08  0.7722956E-08  0.1880949E-07  0.2763670E-07  0.5329138E-07
   70.9134  0.3141932E-08  0.6047265E-08  0.7205007E-08  0.1768590E-07  0.2605606E-07  0.5055426E-07
   75.1190  0.2905932E-08  0.5623307E-08  0.6710349E-08  0.1661119E-07  0.2454040E-07  0.4788287E-07
   79.5740  0.2684080E-08  0.5219694E-08  0.6238289E-08  0.1558339E-07  0.2308936E-07  0.4528891E-07
   84.2932  0.2476301E-08  0.4836208E-08  0.5788379E-08  0.1460007E-07  0.2170125E-07  0.4278153E-07
   89.2923  0.2282427E-08  0.4472768E-08  0.5360396E-08  0.1365856E-07  0.2037327E-07  0.4036700E-07
   94.5879  0.2102304E-08  0.4129570E-08  0.4954515E-08  0.1275649E-07  0.1910211E-07  0.3804903E-07
  100.1975  0.1935613E-08  0.3806847E-08  0.4571080E-08  0.1189177E-07  0.1788412E-07  0.3582861E-07
  106.1399  0.1781922E-08  0.3504857E-08  0.4210585E-08  0.1106291E-07  0.1671577E-07  0.3370434E-07
  112.4346  0.1640667E-08  0.3223776E-08  0.3873545E-08  0.1026919E-07  0.1559407E-07  0.3167290E-07
  119.1026  0.1511141E-08  0.2963544E-08  0.3560298E-08  0.9510675E-08  0.1451681E-07  0.2972943E-07
  126.1661  0.1392549E-08  0.2723810E-08  0.3270884E-08  0.8788245E-08  0.1348289E-07  0.2786822E-07
  133.6485  0.1284039E-08  0.2503851E-08  0.3004889E-08  0.8103393E-08  0.1249245E-07  0.2608323E-07
  141.5747  0.1184760E-08  0.2302575E-08  0.2761374E-08  0.7457975E-08  0.1154680E-07  0.2436877E-07
  149.9709  0.1093916E-08  0.2118590E-08  0.2538901E-08  0.6853814E-08  0.1064821E-07  0.2272007E-07
  158.8651  0.1010792E-08  0.1950324E-08  0.2335645E-08  0.6292227E-08  0.9799508E-08  0.2113382E-07
  168.2867  0.9347867E-09  0.1796215E-08  0.2149637E-08  0.5773643E-08  0.9003519E-08  0.1960857E-07
  178.2671  0.8653780E-09  0.1654845E-08  0.1978982E-08  0.5297265E-08  0.8262367E-08  0.1814496E-07
  188.8395  0.8021193E-09  0.1525090E-08  0.1822128E-08  0.4861060E-08  0.7576959E-08  0.1674573E-07
  200.0388  0.7445824E-09  0.1406120E-08  0.1677953E-08  0.4461961E-08  0.6946594E-08  0.1541538E-07
  211.9023  0.6923432E-09  0.1297351E-08  0.1545753E-08  0.4096356E-08  0.6368927E-08  0.1415948E-07
  224.4694  0.6449576E-09  0.1198296E-08  0.1425064E-08  0.3760643E-08  0.5840250E-08  0.1298361E-07
  237.7818  0.6019778E-09  0.1108427E-08  0.1315438E-08  0.3451780E-08  0.5356082E-08  0.1189219E-07
  251.8836  0.5629701E-09  0.1027076E-08  0.1216225E-08  0.3167562E-08  0.4911868E-08  0.1088721E-07
  266.8218  0.5275369E-09  0.9534400E-09  0.1126522E-08  0.2906555E-08  0.4503562E-08  0.9967344E-08
  282.6459  0.4953311E-09  0.8866965E-09  0.1045299E-08  0.2667757E-08  0.4127959E-08  0.9127910E-08
  299.4086  0.4660455E-09  0.8261056E-09  0.9715871E-09  0.2450179E-08  0.3782715E-08  0.8361413E-08
  317.1653  0.4394036E-09  0.7710734E-09  0.9046103E-09  0.2252586E-08  0.3466170E-08  0.7658995E-08
  335.9751  0.4151436E-09  0.7211312E-09  0.8438033E-09  0.2073445E-08  0.3177014E-08  0.7012227E-08
  355.9003  0.3930178E-09  0.6758724E-09  0.7887214E-09  0.1911082E-08  0.2913960E-08  0.6414638E-08
  377.0074  0.3727932E-09  0.6348730E-09  0.7389011E-09  0.1763901E-08  0.2675492E-08  0.5862444E-08
  399.3662  0.3542607E-09  0.5976794E-09  0.6938029E-09  0.1630521E-08  0.2459760E-08  0.5354289E-08
  423.0510  0.3372365E-09  0.5638598E-09  0.6528755E-09  0.1509741E-08  0.2264637E-08  0.4889864E-08
  448.1405  0.3215539E-09  0.5330527E-09  0.6156558E-09  0.1400442E-08  0.2087957E-08  0.4468225E-08
  474.7178  0.3070603E-09  0.5049644E-09  0.5817916E-09  0.1301569E-08  0.1927805E-08  0.4086888E-08
  502.8714  0.2936129E-09  0.4793195E-09  0.5509692E-09  0.1212154E-08  0.1782661E-08  0.3742050E-08
  532.6948  0.2810852E-09  0.4558424E-09  0.5228617E-09  0.1131325E-08  0.1651358E-08  0.3429507E-08
  564.2868  0.2693655E-09  0.4342696E-09  0.4971387E-09  0.1058259E-08  0.1532845E-08  0.3145647E-08
  597.7524  0.2583556E-09  0.4143725E-09  0.4735079E-09  0.9921699E-09  0.1425982E-08  0.2888007E-08
  633.2027  0.2479679E-09  0.3959585E-09  0.4517296E-09  0.9323234E-09  0.1329525E-08  0.2654944E-08
  670.7553  0.2381238E-09  0.3788580E-09  0.4315986E-09  0.8780639E-09  0.1242317E-08  0.2444786E-08
  710.5351  0.2287534E-09  0.3629149E-09  0.4129253E-09  0.8287999E-09  0.1163416E-08  0.2255365E-08
  752.6741  0.2197950E-09  0.3479860E-09  0.3955327E-09  0.7839862E-09  0.1092048E-08  0.2084378E-08
  797.3123  0.2111957E-09  0.3339443E-09  0.3792619E-09  0.7431223E-09  0.1027469E-08  0.1929929E-08
  844.5977  0.2029078E-09  0.3206752E-09  0.3639704E-09  0.7057581E-09  0.9689156E-09  0.1790587E-08
  894.6875  0.1948921E-09  0.3080800E-09  0.3495342E-09  0.6714995E-09  0.9156787E-09  0.1665062E-08
  947.7475  0.1871136E-09  0.2960699E-09  0.3358415E-09  0.6399933E-09  0.8671534E-09  0.1551972E-08
 1003.9547  0.1795435E-09  0.2845672E-09  0.3227942E-09  0.6109193E-09  0.8228280E-09  0.1449919E-08
 1063.4953  0.1721582E-09  0.2735052E-09  0.3103067E-09  0.5839871E-09  0.7822431E-09  0.1357654E-08
 1126.5670  0.1649379E-09  0.2628254E-09  0.2983042E-09  0.5589342E-09  0.7449696E-09  0.1274120E-08
 1193.3792  0.1578670E-09  0.2524783E-09  0.2867221E-09  0.5355274E-09  0.7106145E-09  0.1198395E-08
 1264.1538  0.1509341E-09  0.2424218E-09  0.2755052E-09  0.5135595E-09  0.6788263E-09  0.1129645E-08
 1339.1253  0.1441302E-09  0.2326201E-09  0.2646061E-09  0.4928464E-09  0.6492920E-09  0.1067105E-08
 1418.5435  0.1374495E-09  0.2230440E-09  0.2539850E-09  0.4732256E-09  0.6217324E-09  0.1010078E-08
 1502.6718  0.1308897E-09  0.2136708E-09  0.2436099E-09  0.4545553E-09  0.5959001E-09  0.9579386E-09
 1591.7893  0.1244487E-09  0.2044807E-09  0.2334530E-09  0.4367093E-09  0.5715733E-09  0.9101196E-09
 1686.1920  0.1181292E-09  0.1954614E-09  0.2234950E-09  0.4195808E-09  0.5485601E-09  0.8661130E-09
 1786.1934  0.1119332E-09  0.1866023E-09  0.2137191E-09  0.4030747E-09  0.5266894E-09  0.8254614E-09
 1892.1248  0.1058654E-09  0.1778978E-09  0.2041146E-09  0.3871109E-09  0.5058127E-09  0.7877597E-09
 2004.3393  0.9993148E-10  0.1693455E-09  0.1946746E-09  0.3716212E-09  0.4858008E-09  0.7526479E-09
 2123.2087  0.9413738E-10  0.1609449E-09  0.1853951E-09  0.3565475E-09  0.4665409E-09  0.7198069E-09
 2249.1278  0.8849106E-10  0.1526997E-09  0.1762767E-09  0.3418431E-09  0.4479378E-09  0.6889562E-09
 2382.5147  0.8299932E-10  0.1446139E-09  0.1673212E-09  0.3274688E-09  0.4299088E-09  0.6598472E-09
 2523.8123  0.7767052E-10  0.1366946E-09  0.1585343E-09  0.3133947E-09  0.4123861E-09  0.6322632E-09
 2673.4887  0.7251216E-10  0.1289498E-09  0.1499226E-09  0.2995973E-09  0.3953122E-09  0.6060142E-09
 2832.0427  0.6753172E-10  0.1213885E-09  0.1414948E-09  0.2860598E-09  0.3786407E-09  0.5809351E-09
 3000.0000  0.6273663E-10  0.1140210E-09  0.1332611E-09  0.2727716E-09  0.3623349E-09  0.5568841E-09
