1.000000000000000000e+01 4.524112262323305227e-09 2.074148686665242365e-08 2.267522145216103731e-08 5.652663660653849928e-08 7.388654363296120046e-08 1.046175294532609781e-07
1.064789999999999992e+01 2.542458856651581706e-08 3.865016312320701138e-08 5.034481024625258568e-08 6.302691721047686375e-08 8.965608793432852365e-08 1.337569055479929654e-07
1.133769999999999989e+01 6.598874632170799167e-09 2.699815483626899888e-08 1.613613054268219860e-08 7.137705016067127157e-08 7.232626392182588673e-08 7.371364078466989363e-08
1.207220000000000049e+01 2.291991851774643701e-08 3.321197358179524834e-08 3.800597543263984396e-08 6.024922361495391423e-08 7.383651875760593497e-08 9.963665582810547986e-08
1.285430000000000028e+01 3.638149718176036938e-08 6.449113091586797968e-08 6.811741880788936570e-08 1.112499247775722710e-07 1.336684558611802361e-07 1.642422812714155708e-07
1.368709999999999916e+01 2.443656285260321299e-09 1.479797557875830468e-08 8.272741610369791971e-09 3.563951590052205325e-08 4.545117003364755904e-08 6.493045546165391621e-08
1.457380000000000031e+01 4.392298419385495519e-08 5.141495682234372357e-08 6.809129355120624191e-08 7.247637280700528640e-08 9.687220627910189732e-08 1.444487593949324977e-07
1.551800000000000068e+01 2.119476702467915265e-09 1.154627513001291310e-08 4.418423100517455535e-09 4.068705619392963947e-08 4.368108254642964184e-08 5.495225425127653537e-08
1.652339999999999876e+01 2.831291810232634176e-08 3.971772996792204039e-08 4.878196355422496440e-08 7.605409875451210630e-08 9.512230581182698000e-08 1.356756631975893858e-07
1.759390000000000143e+01 1.564860918257615296e-08 2.755123986123373893e-08 2.514358047796441502e-08 4.775216759584949574e-08 6.262784262005860326e-08 9.499950882260346389e-08
1.873369999999999891e+01 1.065459409036573122e-08 1.831869098603202723e-08 2.770492208564872631e-08 3.553519184570801392e-08 6.225435786459753277e-08 1.160715411272686703e-07
1.994739999999999824e+01 6.303972113939842840e-09 1.763780677637760781e-08 1.614255794443809867e-08 5.305104031061023346e-08 6.429515918870471520e-08 8.948931131253562750e-08
2.123969999999999914e+01 4.095624523958461077e-09 1.370631899210907371e-08 1.319383016157946004e-08 3.374600336591130560e-08 5.094647440190974570e-08 8.671395044729308093e-08
2.261570000000000036e+01 5.837109544564079806e-09 1.645488703128048452e-08 1.201952938567985251e-08 3.796166250940375912e-08 5.040919075196646180e-08 7.681506085172749094e-08
2.408089999999999975e+01 1.016076525009291347e-08 1.846050716588742962e-08 2.473296452157266270e-08 4.786214844414678450e-08 6.696195080796579417e-08 1.093879060399099058e-07
2.564099999999999824e+01 1.018236006381975902e-08 2.018218563626711318e-08 2.085071626104250278e-08 4.308801129507662800e-08 5.796719185092255252e-08 8.738645556593927533e-08
2.730219999999999914e+01 1.019710499605097422e-08 1.857825178547707768e-08 2.381369260445056453e-08 4.924576684566812032e-08 6.568103276693497191e-08 1.027656559876706460e-07
2.907100000000000151e+01 7.749324921993890196e-09 1.179729391877700395e-08 1.409301528001464054e-08 3.608371724210984252e-08 4.592151007950742440e-08 7.605319003708177944e-08
3.095439999999999969e+01 8.597500357645066931e-09 1.237028672105969711e-08 1.633392666125429499e-08 2.665320298413230915e-08 4.177263866892305124e-08 8.074798497791119526e-08
3.295980000000000132e+01 1.596141726094084461e-09 6.532742104793644176e-09 3.198767126210324077e-09 2.152775596683805883e-08 2.958734590392269387e-08 5.071714087229904845e-08
3.509510000000000218e+01 8.172679745916298105e-09 1.418735291373230816e-08 1.582385657963017505e-08 3.402423771187925870e-08 4.781437798282030762e-08 8.222146099701437784e-08
3.736880000000000024e+01 8.817421324443866153e-09 1.252621928566147050e-08 1.672174841869224200e-08 2.839362158150199272e-08 4.146687442671852572e-08 7.706122638828901215e-08
3.978970000000000340e+01 6.776196129583234722e-09 1.153154929505512147e-08 1.467742154551476786e-08 3.145093027483985656e-08 4.537168252374937177e-08 8.310617430493481145e-08
4.236760000000000304e+01 4.634913216910574655e-09 8.895839416747984568e-09 1.175096157677592969e-08 2.781771662384606229e-08 3.977522033429437175e-08 7.336863593016068081e-08
4.511240000000000094e+01 4.464365110600046632e-09 7.010314907244580847e-09 8.150101025351288434e-09 2.479718225636168362e-08 3.366454545068035164e-08 6.513000440768578799e-08
4.803499999999999659e+01 3.498051649822415945e-09 8.067484475647735897e-09 7.659917726050269003e-09 2.649231353688419090e-08 3.483963100556984824e-08 5.986475044664196211e-08
5.114699999999999847e+01 4.491283441381384845e-09 8.493355510313014427e-09 9.868826626657832374e-09 2.258481681668950829e-08 3.387977167004524030e-08 6.479956221572999803e-08
5.446059999999999945e+01 4.023581568393209560e-09 7.988050847124745625e-09 8.422899847811760581e-09 2.454280164478701574e-08 3.489991698878663855e-08 6.036912424103544354e-08
5.798890000000000100e+01 5.050009220109221607e-09 9.272580070145370734e-09 1.114349261105206351e-08 2.390813448704085873e-08 3.489204753060269749e-08 6.454773796919462193e-08
6.174580000000000268e+01 3.670986773019963460e-09 6.524331013717102036e-09 7.393272544945423982e-09 2.034322813863568785e-08 2.980065231876336464e-08 5.536302474164496093e-08
6.574609999999999843e+01 3.535400709915101565e-09 6.887196062903555514e-09 7.647374917983723090e-09 1.969635733460415088e-08 2.793900059750742996e-08 5.155429792188818528e-08
7.000549999999999784e+01 4.773382233225105781e-09 6.752147804211425290e-09 9.530204186023991656e-09 1.782582009681802230e-08 2.640102174566475513e-08 5.339024562152519417e-08
7.454089999999999350e+01 3.908720985493059477e-09 6.205551050313069109e-09 8.324213827173476328e-09 1.742836974531535213e-08 2.517706815553712926e-08 5.021619304896036033e-08
7.937009999999999366e+01 2.769204062214877216e-09 4.924574783703037667e-09 6.315770872145033542e-09 1.470521491563044026e-08 2.198981261546650086e-08 4.357539550920813829e-08
8.451210000000000377e+01 2.450346025487530219e-09 4.363457682887949476e-09 5.597015204180327101e-09 1.333219145627640381e-08 2.032578970795308049e-08 4.284967400974413321e-08
8.998730000000000473e+01 2.779302846146300963e-09 4.789618873997085593e-09 6.223037712995554334e-09 1.310480113481701965e-08 1.987390759765827168e-08 4.126726319516189941e-08
9.581719999999999970e+01 2.465953101570087139e-09 3.964905622107925490e-09 5.001937215996102782e-09 1.194647998025160952e-08 1.809796526728986549e-08 3.655394952213748375e-08
1.020247999999999990e+02 1.594253904749177615e-09 3.350862989274197846e-09 4.122990720456693808e-09 1.086462734982012247e-08 1.659527742800006683e-08 3.514186514069330869e-08
1.086346000000000060e+02 1.851954016156254358e-09 3.259278724662912677e-09 4.170131407217333634e-09 1.099530990179427523e-08 1.605913077331791332e-08 3.252663887994677595e-08
1.156726000000000028e+02 1.877978684651792527e-09 3.739074663357334273e-09 4.881534377846851622e-09 1.168629833197171720e-08 1.795061844644006416e-08 3.539545104405745439e-08
1.231666000000000025e+02 1.639079611278336509e-09 3.167757208342282498e-09 3.866866112143308665e-09 9.195939626889577760e-09 1.415963245015302200e-08 2.891843287085246334e-08
1.311460999999999899e+02 1.355712507043638375e-09 2.465762216870074642e-09 3.021815202233329269e-09 7.989012757292283194e-09 1.226080838123568892e-08 2.519724088510174554e-08
1.396425000000000125e+02 1.481705815664298942e-09 2.426279211185528093e-09 3.398333699980151936e-09 7.798047330102819655e-09 1.207297657013493098e-08 2.600306089238397525e-08
1.486894000000000062e+02 9.575175128774074113e-10 2.210891304711333328e-09 2.422505938184691607e-09 6.925266245639400413e-09 1.065624615681665098e-08 2.270469369100963907e-08
1.583223999999999876e+02 1.076252236586636650e-09 1.937961346418339186e-09 2.482799846146965929e-09 6.541072689277091940e-09 9.898676879279409615e-09 2.130517990657711551e-08
1.685793999999999926e+02 8.385016117402305198e-10 1.677195776207243692e-09 1.995933532726504719e-09 5.756443884405510117e-09 8.864712845572116001e-09 1.932215850896524666e-08
1.795010000000000048e+02 8.197779387425223707e-10 1.617130179082110920e-09 1.826927968033063219e-09 4.818059238864100417e-09 7.938982094317887992e-09 1.763037930672534219e-08
1.911302000000000021e+02 8.049194149034888338e-10 1.541157947165942787e-09 1.735996167908919983e-09 4.912759667710866865e-09 7.414866616599122076e-09 1.612783770352078188e-08
2.035126999999999953e+02 7.244842396773329023e-10 1.377460293054711587e-09 1.753980926284400830e-09 4.331545621934135968e-09 6.831472922777657572e-09 1.527527102074092834e-08
2.166974999999999909e+02 6.078298609668421551e-10 1.175702606592699777e-09 1.353580880090066098e-09 3.870173077764871291e-09 6.167457740370041298e-09 1.376958587971247291e-08
2.307364000000000033e+02 5.759902020588782441e-10 1.156444685510059495e-09 1.275326190318182018e-09 3.723821449018796823e-09 5.692050463823800359e-09 1.248216516965172792e-08
2.456848999999999990e+02 5.615651737926721670e-10 9.895260525338448570e-10 1.222473558641482150e-09 3.175532493548647243e-09 4.916117282324526061e-09 1.129488497527373776e-08
2.616018000000000256e+02 5.544479701891321974e-10 1.065260521747319307e-09 1.252560233978455288e-09 3.018356115616685966e-09 4.776567548023230886e-09 1.062240275259455383e-08
2.785500000000000114e+02 5.145006748642364382e-10 9.522806098734553991e-10 1.060787592523857742e-09 2.704370670693124130e-09 4.248659272410228057e-09 9.071248921348253347e-09
2.965960999999999785e+02 4.416752723832934507e-10 8.398027112621722637e-10 9.534681571818937663e-10 2.499739121418051960e-09 3.843925550438332736e-09 8.329127111155788358e-09
3.158113999999999919e+02 4.055236781843557362e-10 7.825919809654198779e-10 9.111369634562844630e-10 2.300990733772120690e-09 3.557071818179575073e-09 7.791516046353569460e-09
3.362715000000000032e+02 3.557697020829628539e-10 6.931001521838042368e-10 7.065183339975008173e-10 2.044803459902596916e-09 3.145878917890726707e-09 6.911335512568317939e-09
3.580572000000000230e+02 3.834930073072023904e-10 6.585561089916835726e-10 7.676253800554752410e-10 1.880244295544120148e-09 2.907072559696686726e-09 6.418415095528720631e-09
3.812543000000000006e+02 3.728329875327455626e-10 6.286617142719862114e-10 7.098880141124018717e-10 1.731177914047289487e-09 2.590202058459251292e-09 5.681061993272906975e-09
4.059542999999999893e+02 3.664828109861643296e-10 5.715990868308185252e-10 7.263576359858931763e-10 1.537249715345622440e-09 2.366196214426688718e-09 5.368035961798419897e-09
4.322543999999999755e+02 3.062190191825272630e-10 5.345882129917458052e-10 6.148094190165216160e-10 1.447314900401631084e-09 2.178765891197495318e-09 4.727972507897063252e-09
4.602585000000000264e+02 3.278491825044422060e-10 5.251410730214134840e-10 6.307401743668951802e-10 1.384300639488589614e-09 2.018989290304785259e-09 4.327644390191890260e-09
4.900765999999999849e+02 2.756776230104260455e-10 4.718974699932677776e-10 5.186748450722625009e-10 1.217640373938702315e-09 1.821095224304136559e-09 3.868163268199608203e-09
5.218266999999999598e+02 2.938602630287106736e-10 4.848938270111868272e-10 5.617246580676727709e-10 1.173830869523332640e-09 1.702579930327158231e-09 3.560364268200319782e-09
5.556337999999999511e+02 2.738320613764979703e-10 4.340010391158299325e-10 5.105756923253645959e-10 1.068417568007955575e-09 1.572592396990791776e-09 3.243399069285333302e-09
5.916312000000000353e+02 2.558343140198510739e-10 4.273403304605666858e-10 4.836924080558593061e-10 1.007966808475802925e-09 1.459906177114237248e-09 2.959705177106214033e-09
6.299605999999999995e+02 2.630426364741024974e-10 3.929857346742405890e-10 4.595184506132616802e-10 9.237355012776722417e-10 1.327094904739921436e-09 2.649471374563297829e-09
6.707730000000000246e+02 2.313080941920985823e-10 3.775400555422088866e-10 4.358984839656428907e-10 8.707832428804913828e-10 1.239874285472673275e-09 2.420013276894645623e-09
7.142296999999999798e+02 2.195483716213667061e-10 3.582358401903838619e-10 3.804410958457058900e-10 8.172721790201134749e-10 1.163840558764502562e-09 2.208287848757196046e-09
7.605018999999999778e+02 2.116090117335137668e-10 3.444440710028752599e-10 3.827665034264174648e-10 7.690013847723456252e-10 1.086266076070466014e-09 2.037322032408002480e-09
8.097717999999999847e+02 2.032247648895761717e-10 3.296075173996202542e-10 3.789333265039268797e-10 7.493147567088453957e-10 1.024597427927895283e-09 1.908209681462479096e-09
8.622336999999999989e+02 2.025338984905652384e-10 3.141824481175403606e-10 3.581551930547379965e-10 6.811538158864396313e-10 9.433795156248624854e-10 1.744436517050858580e-09
9.180943999999999505e+02 1.895479348612719992e-10 3.042333852604599187e-10 3.575045991432091900e-10 6.751222692663016752e-10 9.114838880677694709e-10 1.645371685639532659e-09
9.775737000000000307e+02 1.861331761881679045e-10 2.821834885071447426e-10 3.252998735884474746e-10 6.223775595309932075e-10 8.295676607285244136e-10 1.478568605766571107e-09
1.040906899999999951e+03 1.762779169028022880e-10 2.788935963112196622e-10 3.081530112214362791e-10 5.974355655084990963e-10 7.797212150621209605e-10 1.370941184090279200e-09
1.108343100000000049e+03 1.677788338541232353e-10 2.602525235735092330e-10 2.977547743068199611e-10 5.709387122523842056e-10 7.536185699145715452e-10 1.291560360642083426e-09
1.180148300000000063e+03 1.542806237387901476e-10 2.559249156002727247e-10 2.801374879919656195e-10 5.417432585836738284e-10 7.166861151069429716e-10 1.207373866394837951e-09
1.256605399999999918e+03 1.494202717712220711e-10 2.456853374570951953e-10 2.741733782568384105e-10 5.140861432639195565e-10 6.806816221795818816e-10 1.133818218266468957e-09
1.338015900000000101e+03 1.485652605225666096e-10 2.362096770293698154e-10 2.771020733853227589e-10 5.018760984612508369e-10 6.581858049131459380e-10 1.087747035404584603e-09
1.424700100000000020e+03 1.306437263730491695e-10 2.187119895335052494e-10 2.420580079064243944e-10 4.687388904627627757e-10 6.119752159962678844e-10 9.895967160213070006e-10
1.517000800000000027e+03 1.302209205298729318e-10 2.147032925842538286e-10 2.416489272812380945e-10 4.487556371231077315e-10 5.974069491752407183e-10 9.512841998568898356e-10
1.615281300000000101e+03 1.184696240635593903e-10 1.994456772610101722e-10 2.196059959265604952e-10 4.302779148218191999e-10 5.599294338135916131e-10 8.783775993100860608e-10
1.719929000000000087e+03 1.192086102996306480e-10 1.940186040905116418e-10 2.255732624822111536e-10 4.166209186884987470e-10 5.437061524595011865e-10 8.591904658648954068e-10
1.831356399999999894e+03 1.067485240413279798e-10 1.821591765248978849e-10 2.117119364431872596e-10 3.922826695243412318e-10 5.188633734154879176e-10 8.181859986552538340e-10
1.950002700000000004e+03 9.921476583126955057e-11 1.732186343611061590e-10 1.960900882380660092e-10 3.819095774614416036e-10 4.986205011702262005e-10 7.687596821504533489e-10
2.076334899999999834e+03 9.597265572299123700e-11 1.611547838711832177e-10 1.821383439155897900e-10 3.578358773625847923e-10 4.652174562093734254e-10 7.206546428571438523e-10
2.210852499999999964e+03 9.009945499346433593e-11 1.561153229922220152e-10 1.768534379354778921e-10 3.491213211416588792e-10 4.542101051467345805e-10 6.917428381633051798e-10
2.354084899999999834e+03 8.163409009735476609e-11 1.437593533170163601e-10 1.658741499466105801e-10 3.272950964557938976e-10 4.306199679991966422e-10 6.667075709859654762e-10
2.506596700000000055e+03 7.817872400520490012e-11 1.382144520225174506e-10 1.608112853438363594e-10 3.182079822881715958e-10 4.150247607002845278e-10 6.371544993662283847e-10
2.668989199999999983e+03 6.894898846206211020e-11 1.299836095964705911e-10 1.466940527816736065e-10 2.992172676647405714e-10 3.993981415207499178e-10 6.000821818599154543e-10
2.841902500000000146e+03 6.777898120115169788e-11 1.199234780283266085e-10 1.409842520513852476e-10 2.825917718099001615e-10 3.778112440333894874e-10 5.768334663819162527e-10
3.026016999999999825e+03 6.022062830965448120e-11 1.116262823773264166e-10 1.329601732565684090e-10 2.728504415981614777e-10 3.611205582522536019e-10 5.594849353237323083e-10
3.222060599999999795e+03 5.840571925229299396e-11 1.074533560867678468e-10 1.249286487595069989e-10 2.566676306337719229e-10 3.452029789580284954e-10 5.283707268271721073e-10
3.430805199999999786e+03 5.246481413812208147e-11 9.588103704627998650e-11 1.145909093431698519e-10 2.397527728640109812e-10 3.242761185862629007e-10 5.035292184826473435e-10
3.653073499999999967e+03 5.007490564812941611e-11 9.083059676189235150e-11 1.111650469574659523e-10 2.308787343919378080e-10 3.110445537370243663e-10 4.855381136971524221e-10
3.889741700000000037e+03 4.214142316317844622e-11 8.371746480431513604e-11 9.612352427991924269e-11 2.137367729978929852e-10 2.931390472826917735e-10 4.545188574456172958e-10
4.141742699999999786e+03 4.000478318889307689e-11 7.747233807553006601e-11 9.080514294733228783e-11 2.025623728570045535e-10 2.761363967462371150e-10 4.353103252831541284e-10
4.410068199999999706e+03 3.378796595914206874e-11 7.045921109407327197e-11 8.343373150226747191e-11 1.897033555566893012e-10 2.592739919030257433e-10 4.133960254521898250e-10
4.695779000000000451e+03 3.213508800496351645e-11 6.459779565969685816e-11 7.584704891381283155e-11 1.775592962016525836e-10 2.466431815998838220e-10 3.930816547575603743e-10
5.000000000000000000e+03 2.924577045770115041e-11 5.895429977070055953e-11 7.059950096740668956e-11 1.662192990467726804e-10 2.319198466533936499e-10 3.737073625933186721e-10
