   10.0000  0.1858654E-07  0.2847847E-07  0.3195582E-07  0.5414160E-07  0.6734911E-07  0.9394101E-07
   10.7980  0.1800489E-07  0.2790965E-07  0.3141203E-07  0.5405622E-07  0.6766399E-07  0.9533257E-07
   11.6597  0.1738147E-07  0.2726129E-07  0.3077615E-07  0.5381741E-07  0.6780052E-07  0.9652585E-07
   12.5902  0.1672761E-07  0.2654351E-07  0.3005756E-07  0.5342732E-07  0.6775618E-07  0.9750928E-07
   13.5949  0.1604125E-07  0.2575306E-07  0.2925231E-07  0.5287455E-07  0.6751460E-07  0.9825661E-07
   14.6798  0.1532557E-07  0.2489294E-07  0.2836292E-07  0.5215474E-07  0.6706643E-07  0.9874804E-07
   15.8512  0.1458484E-07  0.2396778E-07  0.2739369E-07  0.5126565E-07  0.6640432E-07  0.9896507E-07
   17.1162  0.1383447E-07  0.2299470E-07  0.2636186E-07  0.5021912E-07  0.6553520E-07  0.9890312E-07
   18.4820  0.1308216E-07  0.2198367E-07  0.2527774E-07  0.4902072E-07  0.6445969E-07  0.9855081E-07
   19.9569  0.1232351E-07  0.2093280E-07  0.2414001E-07  0.4766543E-07  0.6316792E-07  0.9788576E-07
   21.5495  0.1156964E-07  0.1985717E-07  0.2296481E-07  0.4616841E-07  0.6167085E-07  0.9690621E-07
   23.2692  0.1083153E-07  0.1877211E-07  0.2176868E-07  0.4454743E-07  0.5998284E-07  0.9561359E-07
   25.1261  0.1010954E-07  0.1768254E-07  0.2055787E-07  0.4281156E-07  0.5811057E-07  0.9400191E-07
   27.1312  0.9407980E-08  0.1659807E-07  0.1934373E-07  0.4097704E-07  0.5606929E-07  0.9207481E-07
   29.2963  0.8733064E-08  0.1553062E-07  0.1814012E-07  0.3906474E-07  0.5388024E-07  0.8984350E-07
   31.6341  0.8086947E-08  0.1448791E-07  0.1695687E-07  0.3709351E-07  0.5156394E-07  0.8732078E-07
   34.1586  0.7471113E-08  0.1347686E-07  0.1580306E-07  0.3508371E-07  0.4914378E-07  0.8452535E-07
   36.8845  0.6887380E-08  0.1250432E-07  0.1468770E-07  0.3305767E-07  0.4664664E-07  0.8148219E-07
   39.8279  0.6335944E-08  0.1157471E-07  0.1361722E-07  0.3103666E-07  0.4410008E-07  0.7821968E-07
   43.0062  0.5816272E-08  0.1069081E-07  0.1259615E-07  0.2904103E-07  0.4153256E-07  0.7477053E-07
   46.4381  0.5327697E-08  0.9854219E-08  0.1162749E-07  0.2708980E-07  0.3897276E-07  0.7117215E-07
   50.1439  0.4869146E-08  0.9065005E-08  0.1071227E-07  0.2519937E-07  0.3644792E-07  0.6746534E-07
   54.1455  0.4439375E-08  0.8322038E-08  0.9849867E-08  0.2338279E-07  0.3398274E-07  0.6369332E-07
   58.4663  0.4037151E-08  0.7623335E-08  0.9038344E-08  0.2164936E-07  0.3159816E-07  0.5990019E-07
   63.1320  0.3661481E-08  0.6966568E-08  0.8275039E-08  0.2000449E-07  0.2931062E-07  0.5612950E-07
   68.1700  0.3311705E-08  0.6349510E-08  0.7557118E-08  0.1844996E-07  0.2713151E-07  0.5242237E-07
   73.6101  0.2987410E-08  0.5770259E-08  0.6881928E-08  0.1698421E-07  0.2506677E-07  0.4881543E-07
   79.4842  0.2688295E-08  0.5227413E-08  0.6247330E-08  0.1560310E-07  0.2311719E-07  0.4533896E-07
   85.8271  0.2414117E-08  0.4720273E-08  0.5652042E-08  0.1430097E-07  0.2127924E-07  0.4201553E-07
   92.6762  0.2164596E-08  0.4248884E-08  0.5095827E-08  0.1307183E-07  0.1954634E-07  0.3885936E-07
  100.0719  0.1939103E-08  0.3813655E-08  0.4579188E-08  0.1191021E-07  0.1791010E-07  0.3587593E-07
  108.0577  0.1736720E-08  0.3415254E-08  0.4103298E-08  0.1081245E-07  0.1636225E-07  0.3306318E-07
  116.6809  0.1556031E-08  0.3053960E-08  0.3669254E-08  0.9777060E-08  0.1489592E-07  0.3041266E-07
  125.9921  0.1395268E-08  0.2729317E-08  0.3277540E-08  0.8805118E-08  0.1350716E-07  0.2791189E-07
  136.0464  0.1252450E-08  0.2439794E-08  0.2927388E-08  0.7899889E-08  0.1219571E-07  0.2554678E-07
  146.9030  0.1125582E-08  0.2182700E-08  0.2616400E-08  0.7065707E-08  0.1096498E-07  0.2330421E-07
  158.6261  0.1012872E-08  0.1954535E-08  0.2340730E-08  0.6306357E-08  0.9821030E-08  0.2117450E-07
  171.2846  0.9128344E-09  0.1751591E-08  0.2095782E-08  0.5623229E-08  0.8770475E-08  0.1915337E-07
  184.9533  0.8242679E-09  0.1570639E-08  0.1877228E-08  0.5014035E-08  0.7817912E-08  0.1724306E-07
  199.7128  0.7461364E-09  0.1409346E-08  0.1681867E-08  0.4472782E-08  0.6963700E-08  0.1545205E-07
  215.6500  0.6774309E-09  0.1266203E-08  0.1507828E-08  0.3991191E-08  0.6203066E-08  0.1379296E-07
  232.8591  0.6171024E-09  0.1140035E-08  0.1353999E-08  0.3560982E-08  0.5527031E-08  0.1227853E-07
  251.4415  0.5641047E-09  0.1029437E-08  0.1219105E-08  0.3175878E-08  0.4924861E-08  0.1091657E-07
  271.5068  0.5174815E-09  0.9325854E-09  0.1101136E-08  0.2832111E-08  0.4386762E-08  0.9705557E-08
  293.1733  0.4764222E-09  0.8475655E-09  0.9976958E-09  0.2527266E-08  0.3905422E-08  0.8633492E-08
  316.5689  0.4402350E-09  0.7727885E-09  0.9066982E-09  0.2258740E-08  0.3476072E-08  0.7681021E-08
  341.8314  0.4082942E-09  0.7070833E-09  0.8267009E-09  0.2023061E-08  0.3095437E-08  0.6828052E-08
  369.1099  0.3800177E-09  0.6494718E-09  0.7566290E-09  0.1816311E-08  0.2760370E-08  0.6060199E-08
  398.5653  0.3548800E-09  0.5989164E-09  0.6953011E-09  0.1634950E-08  0.2466918E-08  0.5371258E-08
  430.3711  0.3324338E-09  0.5543860E-09  0.6414230E-09  0.1476045E-08  0.2210194E-08  0.4759925E-08
  464.7151  0.3122884E-09  0.5150474E-09  0.5939378E-09  0.1336965E-08  0.1985182E-08  0.4223369E-08
  501.7999  0.2940937E-09  0.4802287E-09  0.5520599E-09  0.1215307E-08  0.1787782E-08  0.3754217E-08
  541.8441  0.2775416E-09  0.4492787E-09  0.5150244E-09  0.1108956E-08  0.1615044E-08  0.3342751E-08
  585.0838  0.2623720E-09  0.4215876E-09  0.4820658E-09  0.1015976E-08  0.1464432E-08  0.2980851E-08
  631.7742  0.2483644E-09  0.3966546E-09  0.4525511E-09  0.9345603E-09  0.1333125E-08  0.2663637E-08
  682.1905  0.2353283E-09  0.3740669E-09  0.4259768E-09  0.8631167E-09  0.1218342E-08  0.2387164E-08
  736.6297  0.2231006E-09  0.3534589E-09  0.4018979E-09  0.8002579E-09  0.1117904E-08  0.2146300E-08
  795.4136  0.2115451E-09  0.3345093E-09  0.3799149E-09  0.7447411E-09  0.1030017E-08  0.1936012E-08
  858.8884  0.2005469E-09  0.3169417E-09  0.3596831E-09  0.6954769E-09  0.9528920E-09  0.1752664E-08
  927.4287  0.1900137E-09  0.3005242E-09  0.3409115E-09  0.6515429E-09  0.8848881E-09  0.1593144E-08
 1001.4385  0.1798692E-09  0.2850585E-09  0.3233502E-09  0.6121390E-09  0.8246775E-09  0.1454151E-08
 1081.3544  0.1700550E-09  0.2703812E-09  0.3067905E-09  0.5765632E-09  0.7711469E-09  0.1332654E-08
 1167.6472  0.1605255E-09  0.2563568E-09  0.2910584E-09  0.5442035E-09  0.7232927E-09  0.1226182E-08
 1260.8268  0.1512484E-09  0.2428760E-09  0.2760110E-09  0.5145356E-09  0.6802289E-09  0.1132649E-08
 1361.4421  0.1422012E-09  0.2298509E-09  0.2615322E-09  0.4871125E-09  0.6411953E-09  0.1050210E-08
 1470.0867  0.1333718E-09  0.2172150E-09  0.2475308E-09  0.4615561E-09  0.6055410E-09  0.9772399E-09
 1587.4013  0.1247546E-09  0.2049170E-09  0.2339350E-09  0.4375472E-09  0.5727075E-09  0.9123200E-09
 1714.0769  0.1163526E-09  0.1929235E-09  0.2206941E-09  0.4148222E-09  0.5422245E-09  0.8542171E-09
 1850.8622  0.1081720E-09  0.1812109E-09  0.2077705E-09  0.3931607E-09  0.5136934E-09  0.8018635E-09
 1998.5630  0.1002255E-09  0.1697703E-09  0.1951437E-09  0.3723868E-09  0.4867845E-09  0.7543502E-09
 2158.0506  0.9252694E-10  0.1585996E-09  0.1828026E-09  0.3523577E-09  0.4612225E-09  0.7109008E-09
 2330.2654  0.8509416E-10  0.1477067E-09  0.1707484E-09  0.3329642E-09  0.4367844E-09  0.6708589E-09
 2516.2232  0.7794489E-10  0.1371043E-09  0.1589893E-09  0.3141233E-09  0.4132904E-09  0.6336704E-09
 2717.0194  0.7109768E-10  0.1268112E-09  0.1475410E-09  0.2957766E-09  0.3905997E-09  0.5988721E-09
 2933.8405  0.6457025E-10  0.1168491E-09  0.1364244E-09  0.2778859E-09  0.3686048E-09  0.5660795E-09
 3167.9643  0.5837869E-10  0.1072420E-09  0.1256637E-09  0.2604304E-09  0.3472272E-09  0.5349774E-09
 3420.7714  0.5253738E-10  0.9801528E-10  0.1152862E-09  0.2434049E-09  0.3264139E-09  0.5053108E-09
 3693.7527  0.4705729E-10  0.8919333E-10  0.1053192E-09  0.2268156E-09  0.3061325E-09  0.4768759E-09
 3988.5183  0.4194676E-10  0.8079996E-10  0.9579053E-10  0.2106794E-09  0.2863694E-09  0.4495146E-09
 4306.8046  0.3720992E-10  0.7285600E-10  0.8672590E-10  0.1950202E-09  0.2671255E-09  0.4231062E-09
 4650.4924  0.3284741E-10  0.6537938E-10  0.7814867E-10  0.1798678E-09  0.2484137E-09  0.3975630E-09
 5021.6068  0.2885567E-10  0.5838383E-10  0.7007843E-10  0.1652555E-09  0.2302567E-09  0.3728248E-09
 5422.3366  0.2522737E-10  0.5187859E-10  0.6253048E-10  0.1512182E-09  0.2126838E-09  0.3488545E-09
 5855.0451  0.2195151E-10  0.4586790E-10  0.5551506E-10  0.1377908E-09  0.1957295E-09  0.3256335E-09
 6322.2843  0.1901361E-10  0.4035060E-10  0.4903678E-10  0.1250065E-09  0.1794302E-09  0.3031585E-09
 6826.8065  0.1639644E-10  0.3532045E-10  0.4309466E-10  0.1128956E-09  0.1638235E-09  0.2814378E-09
 7371.5933  0.1408018E-10  0.3076576E-10  0.3768157E-10  0.1014835E-09  0.1489451E-09  0.2604880E-09
 7959.8546  0.1204339E-10  0.2667025E-10  0.3278501E-10  0.9079053E-10  0.1348282E-09  0.2403320E-09
 8595.0599  0.1026329E-10  0.2301311E-10  0.2838689E-10  0.8083036E-10  0.1215013E-09  0.2209958E-09
 9280.9552  0.8716655E-11  0.1976994E-10  0.2446445E-10  0.7160982E-10  0.1089875E-09  0.2025068E-09
10021.5858  0.7380167E-11  0.1691325E-10  0.2099076E-10  0.6312821E-10  0.9730312E-10  0.1848914E-09
10821.3146  0.6231092E-11  0.1441344E-10  0.1793561E-10  0.5537733E-10  0.8645717E-10  0.1681739E-09
11684.8676  0.5247647E-11  0.1223956E-10  0.1526638E-10  0.4834144E-10  0.7645048E-10  0.1523743E-09
12617.3330  0.4409381E-11  0.1036018E-10  0.1294902E-10  0.4199782E-10  0.6727592E-10  0.1375082E-09
13624.2102  0.3697442E-11  0.8744178E-11  0.1094900E-10  0.3631729E-10  0.5891820E-10  0.1235851E-09
14711.4374  0.3094685E-11  0.7361418E-11  0.9232158E-11  0.3126504E-10  0.5135419E-10  0.1106080E-09
15885.4265  0.2585783E-11  0.6183352E-11  0.7765495E-11  0.2680165E-10  0.4455358E-10  0.9857329E-10
17153.0934  0.2157163E-11  0.5183432E-11  0.6517815E-11  0.2288421E-10  0.3847962E-10  0.8747022E-10
18521.9294  0.1796961E-11  0.4337434E-11  0.5460226E-11  0.1946747E-10  0.3309011E-10  0.7728103E-10
20000.0000  0.1494879E-11  0.3623611E-11  0.4566472E-11  0.1650517E-10  0.2833868E-10  0.6798148E-10
