   10.0000  0.1859028E-07  0.2848335E-07  0.3196106E-07  0.5414831E-07  0.6735640E-07  0.9394895E-07
   10.6675  0.1810415E-07  0.2801059E-07  0.3151020E-07  0.5408736E-07  0.6763392E-07  0.9513382E-07
   11.3795  0.1758615E-07  0.2747933E-07  0.3099204E-07  0.5391643E-07  0.6778434E-07  0.9617844E-07
   12.1391  0.1704625E-07  0.2689886E-07  0.3041545E-07  0.5364021E-07  0.6780962E-07  0.9707954E-07
   12.9494  0.1648370E-07  0.2626757E-07  0.2977833E-07  0.5325207E-07  0.6770018E-07  0.9782181E-07
   13.8137  0.1589854E-07  0.2558511E-07  0.2907997E-07  0.5274703E-07  0.6744810E-07  0.9839129E-07
   14.7358  0.1529325E-07  0.2485394E-07  0.2832260E-07  0.5212328E-07  0.6704855E-07  0.9877680E-07
   15.7194  0.1467017E-07  0.2407663E-07  0.2750859E-07  0.5137929E-07  0.6649696E-07  0.9896709E-07
   16.7686  0.1403895E-07  0.2326387E-07  0.2664870E-07  0.5052260E-07  0.6579793E-07  0.9895990E-07
   17.8879  0.1340680E-07  0.2242425E-07  0.2575170E-07  0.4955912E-07  0.6495446E-07  0.9875114E-07
   19.0819  0.1277105E-07  0.2155644E-07  0.2481656E-07  0.4848521E-07  0.6395993E-07  0.9832685E-07
   20.3556  0.1213212E-07  0.2066275E-07  0.2384603E-07  0.4730211E-07  0.6281282E-07  0.9767794E-07
   21.7143  0.1149953E-07  0.1975526E-07  0.2285293E-07  0.4602262E-07  0.6152359E-07  0.9680726E-07
   23.1637  0.1087866E-07  0.1884198E-07  0.2184597E-07  0.4465640E-07  0.6009994E-07  0.9571474E-07
   24.7098  0.1026902E-07  0.1792507E-07  0.2082812E-07  0.4320809E-07  0.5854508E-07  0.9439602E-07
   26.3592  0.9672790E-08  0.1700986E-07  0.1980570E-07  0.4168678E-07  0.5686738E-07  0.9285242E-07
   28.1186  0.9094000E-08  0.1610374E-07  0.1878724E-07  0.4010477E-07  0.5507917E-07  0.9108990E-07
   29.9955  0.8535347E-08  0.1521281E-07  0.1778006E-07  0.3847427E-07  0.5319329E-07  0.8911598E-07
   31.9977  0.7997296E-08  0.1434081E-07  0.1678917E-07  0.3680615E-07  0.5122194E-07  0.8693890E-07
   34.1335  0.7480753E-08  0.1349184E-07  0.1581996E-07  0.3511282E-07  0.4917949E-07  0.8457070E-07
   36.4118  0.6987110E-08  0.1267030E-07  0.1487814E-07  0.3340802E-07  0.4708249E-07  0.8202696E-07
   38.8423  0.6516260E-08  0.1187863E-07  0.1396734E-07  0.3170416E-07  0.4494700E-07  0.7932402E-07
   41.4350  0.6068127E-08  0.1111890E-07  0.1309073E-07  0.3001375E-07  0.4279010E-07  0.7648097E-07
   44.2007  0.5642393E-08  0.1039239E-07  0.1225052E-07  0.2834862E-07  0.4062904E-07  0.7351908E-07
   47.1510  0.5238287E-08  0.9699377E-08  0.1144769E-07  0.2671917E-07  0.3848031E-07  0.7046130E-07
   50.2983  0.4855274E-08  0.9039834E-08  0.1068274E-07  0.2513487E-07  0.3636003E-07  0.6733265E-07
   53.6557  0.4492707E-08  0.8413126E-08  0.9955300E-08  0.2360340E-07  0.3428285E-07  0.6415917E-07
   57.2371  0.4149623E-08  0.7817824E-08  0.9263962E-08  0.2213008E-07  0.3226107E-07  0.6096687E-07
   61.0576  0.3825561E-08  0.7252742E-08  0.8607389E-08  0.2071884E-07  0.3030531E-07  0.5778215E-07
   65.1331  0.3520122E-08  0.6716573E-08  0.7983961E-08  0.1937154E-07  0.2842353E-07  0.5463029E-07
   69.4807  0.3232831E-08  0.6207878E-08  0.7391817E-08  0.1808802E-07  0.2662075E-07  0.5153448E-07
   74.1184  0.2963467E-08  0.5725595E-08  0.6829435E-08  0.1686677E-07  0.2489944E-07  0.4851544E-07
   79.0657  0.2711954E-08  0.5269059E-08  0.6295719E-08  0.1570521E-07  0.2325972E-07  0.4559066E-07
   84.3433  0.2478119E-08  0.4837820E-08  0.5789871E-08  0.1459989E-07  0.2169936E-07  0.4277352E-07
   89.9731  0.2261783E-08  0.4431817E-08  0.5311628E-08  0.1354717E-07  0.2021462E-07  0.4007321E-07
   95.9787  0.2062696E-08  0.4051310E-08  0.4861235E-08  0.1254367E-07  0.1880074E-07  0.3749462E-07
  102.3851  0.1880383E-08  0.3696649E-08  0.4439230E-08  0.1158662E-07  0.1745258E-07  0.3503849E-07
  109.2192  0.1714178E-08  0.3368175E-08  0.4046338E-08  0.1067426E-07  0.1616539E-07  0.3270196E-07
  116.5094  0.1563171E-08  0.3065976E-08  0.3683167E-08  0.9806007E-08  0.1493534E-07  0.3047929E-07
  124.2863  0.1426315E-08  0.2789777E-08  0.3350009E-08  0.8982637E-08  0.1376020E-07  0.2836290E-07
  132.5822  0.1302421E-08  0.2538724E-08  0.3046491E-08  0.8205997E-08  0.1263959E-07  0.2634437E-07
  141.4319  0.1190285E-08  0.2311377E-08  0.2771437E-08  0.7478619E-08  0.1157501E-07  0.2441551E-07
  150.8724  0.1088776E-08  0.2105807E-08  0.2522876E-08  0.6803086E-08  0.1056960E-07  0.2256950E-07
  160.9429  0.9968992E-09  0.1919805E-08  0.2298233E-08  0.6181204E-08  0.9627335E-08  0.2080179E-07
  171.6856  0.9138144E-09  0.1751180E-08  0.2094719E-08  0.5613273E-08  0.8752031E-08  0.1911079E-07
  183.1454  0.8388300E-09  0.1598057E-08  0.1909799E-08  0.5097691E-08  0.7946278E-08  0.1749830E-07
  195.3701  0.7713250E-09  0.1459014E-08  0.1741514E-08  0.4630936E-08  0.7210443E-08  0.1596925E-07
  208.4108  0.7107028E-09  0.1333080E-08  0.1588610E-08  0.4208203E-08  0.6542294E-08  0.1453089E-07
  222.3220  0.6563476E-09  0.1219538E-08  0.1450340E-08  0.3824342E-08  0.5937223E-08  0.1319124E-07
  237.1617  0.6076264E-09  0.1117666E-08  0.1326085E-08  0.3474843E-08  0.5389098E-08  0.1195699E-07
  252.9919  0.5639249E-09  0.1026545E-08  0.1214963E-08  0.3156465E-08  0.4891489E-08  0.1083133E-07
  269.8788  0.5246842E-09  0.9450480E-09  0.1115701E-08  0.2867185E-08  0.4438724E-08  0.9812355E-08
  287.8929  0.4894227E-09  0.8720252E-09  0.1026854E-08  0.2605603E-08  0.4026450E-08  0.8892838E-08
  307.1094  0.4577193E-09  0.8064847E-09  0.9471160E-09  0.2370248E-08  0.3651632E-08  0.8061560E-08
  327.6086  0.4291931E-09  0.7476620E-09  0.8755116E-09  0.2159211E-08  0.3312163E-08  0.7306045E-08
  349.4761  0.4034840E-09  0.6949496E-09  0.8113450E-09  0.1970201E-08  0.3006247E-08  0.6615625E-08
  372.8030  0.3802557E-09  0.6477666E-09  0.7539876E-09  0.1800900E-08  0.2731893E-08  0.5983512E-08
  397.6872  0.3592032E-09  0.6054803E-09  0.7027041E-09  0.1649278E-08  0.2486610E-08  0.5406985E-08
  424.2323  0.3400629E-09  0.5674753E-09  0.6567157E-09  0.1513611E-08  0.2267448E-08  0.4885479E-08
  452.5493  0.3225991E-09  0.5332401E-09  0.6153679E-09  0.1392319E-08  0.2071363E-08  0.4417636E-08
  482.7564  0.3065979E-09  0.5023639E-09  0.5781716E-09  0.1283925E-08  0.1895714E-08  0.3999728E-08
  514.9799  0.2918625E-09  0.4744578E-09  0.5446814E-09  0.1187097E-08  0.1738486E-08  0.3626178E-08
  549.3539  0.2782226E-09  0.4491365E-09  0.5144304E-09  0.1100635E-08  0.1598120E-08  0.3291248E-08
  586.0226  0.2655292E-09  0.4260490E-09  0.4869724E-09  0.1023401E-08  0.1473090E-08  0.2990585E-08
  625.1390  0.2536533E-09  0.4049047E-09  0.4619408E-09  0.9543256E-09  0.1361687E-08  0.2721500E-08
  666.8662  0.2424802E-09  0.3854560E-09  0.4390339E-09  0.8924515E-09  0.1262221E-08  0.2481723E-08
  711.3788  0.2319094E-09  0.3674801E-09  0.4179817E-09  0.8369315E-09  0.1173315E-08  0.2268318E-08
  758.8621  0.2218535E-09  0.3507743E-09  0.3985339E-09  0.7869938E-09  0.1093862E-08  0.2078054E-08
  809.5153  0.2122380E-09  0.3351602E-09  0.3804677E-09  0.7419371E-09  0.1022807E-08  0.1908313E-08
  863.5494  0.2029981E-09  0.3204811E-09  0.3635875E-09  0.7011431E-09  0.9590832E-09  0.1757146E-08
  921.1903  0.1940807E-09  0.3066023E-09  0.3477244E-09  0.6640761E-09  0.9017361E-09  0.1622695E-08
  982.6787  0.1854399E-09  0.2934052E-09  0.3327286E-09  0.6302587E-09  0.8499751E-09  0.1502979E-08
 1048.2713  0.1770397E-09  0.2807894E-09  0.3184724E-09  0.5992635E-09  0.8031252E-09  0.1396131E-08
 1118.2417  0.1688502E-09  0.2686687E-09  0.3048452E-09  0.5707078E-09  0.7605679E-09  0.1300576E-08
 1192.8830  0.1608485E-09  0.2569705E-09  0.2917530E-09  0.5442539E-09  0.7217377E-09  0.1214983E-08
 1272.5065  0.1530178E-09  0.2456349E-09  0.2791171E-09  0.5196075E-09  0.6861348E-09  0.1138165E-08
 1357.4448  0.1453456E-09  0.2346115E-09  0.2668708E-09  0.4965096E-09  0.6533195E-09  0.1069048E-08
 1448.0526  0.1378252E-09  0.2238614E-09  0.2549604E-09  0.4747370E-09  0.6229063E-09  0.1006669E-08
 1544.7084  0.1304529E-09  0.2133531E-09  0.2433420E-09  0.4540954E-09  0.5945563E-09  0.9501676E-09
 1647.8152  0.1232290E-09  0.2030633E-09  0.2319816E-09  0.4344183E-09  0.5679745E-09  0.8987800E-09
 1757.8049  0.1161569E-09  0.1929764E-09  0.2208542E-09  0.4155643E-09  0.5429062E-09  0.8518279E-09
 1875.1362  0.1092416E-09  0.1830814E-09  0.2099410E-09  0.3974124E-09  0.5191305E-09  0.8087140E-09
 2000.2993  0.1024915E-09  0.1733747E-09  0.1992320E-09  0.3798636E-09  0.4964598E-09  0.7689178E-09
 2133.8169  0.9591499E-10  0.1638552E-09  0.1887209E-09  0.3628339E-09  0.4747323E-09  0.7319829E-09
 2276.2466  0.8952309E-10  0.1545280E-09  0.1784085E-09  0.3462578E-09  0.4538138E-09  0.6975141E-09
 2428.1824  0.8332600E-10  0.1453995E-09  0.1682984E-09  0.3300816E-09  0.4335907E-09  0.6651672E-09
 2590.2607  0.7733556E-10  0.1364805E-09  0.1583991E-09  0.3142657E-09  0.4139710E-09  0.6346464E-09
 2763.1575  0.7156229E-10  0.1277827E-09  0.1487210E-09  0.2987805E-09  0.3948797E-09  0.6056972E-09
 2947.5949  0.6601734E-10  0.1193204E-09  0.1392782E-09  0.2836071E-09  0.3762586E-09  0.5781041E-09
 3144.3433  0.6071012E-10  0.1111079E-09  0.1300852E-09  0.2687344E-09  0.3580629E-09  0.5516837E-09
 3354.2245  0.5564968E-10  0.1031607E-09  0.1211588E-09  0.2541594E-09  0.3402609E-09  0.5262838E-09
 3578.1135  0.5084320E-10  0.9549397E-10  0.1125156E-09  0.2398848E-09  0.3228315E-09  0.5017778E-09
 3816.9483  0.4629657E-10  0.8812240E-10  0.1041726E-09  0.2259189E-09  0.3057630E-09  0.4780624E-09
 4071.7250  0.4201380E-10  0.8105973E-10  0.9614607E-10  0.2122745E-09  0.2890522E-09  0.4550554E-09
 4343.5078  0.3799705E-10  0.7431833E-10  0.8845156E-10  0.1989675E-09  0.2727026E-09  0.4326921E-09
 4633.4317  0.3424658E-10  0.6790894E-10  0.8110310E-10  0.1860167E-09  0.2567236E-09  0.4109238E-09
 4942.7077  0.3076049E-10  0.6184009E-10  0.7411275E-10  0.1734424E-09  0.2411290E-09  0.3897153E-09
 5272.6255  0.2753517E-10  0.5611831E-10  0.6749069E-10  0.1612661E-09  0.2259369E-09  0.3690434E-09
 5624.5669  0.2456480E-10  0.5074725E-10  0.6124422E-10  0.1495091E-09  0.2111671E-09  0.3488939E-09
 6000.0000  0.2184211E-10  0.4572840E-10  0.5537841E-10  0.1381927E-09  0.1968420E-09  0.3292620E-09
