   10.0000  0.1858654E-07  0.2847847E-07  0.3195582E-07  0.5414160E-07  0.6734911E-07  0.9394101E-07
   10.4762  0.1824032E-07  0.2814447E-07  0.3163845E-07  0.5410891E-07  0.6756165E-07  0.9480779E-07
   10.9750  0.1787568E-07  0.2777835E-07  0.3128444E-07  0.5401806E-07  0.6770753E-07  0.9560182E-07
   11.4976  0.1749744E-07  0.2738467E-07  0.3089822E-07  0.5387195E-07  0.6778866E-07  0.9632313E-07
   12.0450  0.1710853E-07  0.2696614E-07  0.3048232E-07  0.5367152E-07  0.6780494E-07  0.9696962E-07
   12.6186  0.1670792E-07  0.2652133E-07  0.3003515E-07  0.5341344E-07  0.6775195E-07  0.9753469E-07
   13.2194  0.1629528E-07  0.2604973E-07  0.2955604E-07  0.5309543E-07  0.6762629E-07  0.9801272E-07
   13.8489  0.1587122E-07  0.2555188E-07  0.2904541E-07  0.5271638E-07  0.6742573E-07  0.9839920E-07
   14.5083  0.1543687E-07  0.2502895E-07  0.2850436E-07  0.5227587E-07  0.6714876E-07  0.9869022E-07
   15.1991  0.1499270E-07  0.2448145E-07  0.2793331E-07  0.5177287E-07  0.6679319E-07  0.9888109E-07
   15.9228  0.1454085E-07  0.2391175E-07  0.2733461E-07  0.5120837E-07  0.6635889E-07  0.9896913E-07
   16.6810  0.1408625E-07  0.2332530E-07  0.2671378E-07  0.5058684E-07  0.6584925E-07  0.9895518E-07
   17.4753  0.1363136E-07  0.2272507E-07  0.2607386E-07  0.4991022E-07  0.6526512E-07  0.9883744E-07
   18.3074  0.1317550E-07  0.2211088E-07  0.2541474E-07  0.4917740E-07  0.6460430E-07  0.9861095E-07
   19.1791  0.1271690E-07  0.2148147E-07  0.2473532E-07  0.4838642E-07  0.6386371E-07  0.9826986E-07
   20.0923  0.1225669E-07  0.2083876E-07  0.2403769E-07  0.4753895E-07  0.6304404E-07  0.9781203E-07
   21.0490  0.1179902E-07  0.2018791E-07  0.2332730E-07  0.4664043E-07  0.6214985E-07  0.9723920E-07
   22.0513  0.1134652E-07  0.1953247E-07  0.2260795E-07  0.4569489E-07  0.6118439E-07  0.9655171E-07
   23.1013  0.1090045E-07  0.1887471E-07  0.2188220E-07  0.4470536E-07  0.6015003E-07  0.9574906E-07
   24.2013  0.1046003E-07  0.1821483E-07  0.2115055E-07  0.4367296E-07  0.5904736E-07  0.9482902E-07
   25.3536  0.1002596E-07  0.1755467E-07  0.2041518E-07  0.4260084E-07  0.5787923E-07  0.9379177E-07
   26.5609  0.9599646E-08  0.1689689E-07  0.1967917E-07  0.4149332E-07  0.5664982E-07  0.9263901E-07
   27.8256  0.9182619E-08  0.1624427E-07  0.1894573E-07  0.4035510E-07  0.5536392E-07  0.9137324E-07
   29.1505  0.8776020E-08  0.1559925E-07  0.1821776E-07  0.3919092E-07  0.5402650E-07  0.8999742E-07
   30.5386  0.8379851E-08  0.1496302E-07  0.1749691E-07  0.3800446E-07  0.5264162E-07  0.8851398E-07
   31.9927  0.7994677E-08  0.1433742E-07  0.1678552E-07  0.3680047E-07  0.5121468E-07  0.8692708E-07
   33.5160  0.7620510E-08  0.1372360E-07  0.1608519E-07  0.3558320E-07  0.4975063E-07  0.8524088E-07
   35.1119  0.7258163E-08  0.1312355E-07  0.1539844E-07  0.3435814E-07  0.4825600E-07  0.8346147E-07
   36.7838  0.6907613E-08  0.1253823E-07  0.1472667E-07  0.3312984E-07  0.4673656E-07  0.8159448E-07
   38.5353  0.6568953E-08  0.1196869E-07  0.1407138E-07  0.3190317E-07  0.4519862E-07  0.7964653E-07
   40.3702  0.6242132E-08  0.1141566E-07  0.1343369E-07  0.3068275E-07  0.4364855E-07  0.7762469E-07
   42.2924  0.5926833E-08  0.1087944E-07  0.1281429E-07  0.2947283E-07  0.4209251E-07  0.7553641E-07
   44.3062  0.5623208E-08  0.1036076E-07  0.1221420E-07  0.2827805E-07  0.4053731E-07  0.7339042E-07
   46.4159  0.5330651E-08  0.9859291E-08  0.1163336E-07  0.2710180E-07  0.3898865E-07  0.7119498E-07
   48.6260  0.5049321E-08  0.9375472E-08  0.1107242E-07  0.2594817E-07  0.3745309E-07  0.6895988E-07
   50.9414  0.4778475E-08  0.8908552E-08  0.1053073E-07  0.2481960E-07  0.3593564E-07  0.6669400E-07
   53.3670  0.4518342E-08  0.8458776E-08  0.1000862E-07  0.2371937E-07  0.3444220E-07  0.6440784E-07
   55.9081  0.4268181E-08  0.8025161E-08  0.9505121E-08  0.2264891E-07  0.3297682E-07  0.6211057E-07
   58.5702  0.4028169E-08  0.7607686E-08  0.9020164E-08  0.2161032E-07  0.3154413E-07  0.5981260E-07
   61.3591  0.3797741E-08  0.7205410E-08  0.8552707E-08  0.2060414E-07  0.3014707E-07  0.5752307E-07
   64.2807  0.3577047E-08  0.6818181E-08  0.8102481E-08  0.1963131E-07  0.2878882E-07  0.5525172E-07
   67.3415  0.3365687E-08  0.6445200E-08  0.7668522E-08  0.1869151E-07  0.2747099E-07  0.5300695E-07
   70.5480  0.3163792E-08  0.6086294E-08  0.7250495E-08  0.1778464E-07  0.2619516E-07  0.5079721E-07
   73.9072  0.2971093E-08  0.5740881E-08  0.6847638E-08  0.1690968E-07  0.2496162E-07  0.4862954E-07
   77.4264  0.2787684E-08  0.5408857E-08  0.6459693E-08  0.1606579E-07  0.2377048E-07  0.4651048E-07
   81.1131  0.2613428E-08  0.5089946E-08  0.6086239E-08  0.1525162E-07  0.2262094E-07  0.4444522E-07
   84.9753  0.2448341E-08  0.4784150E-08  0.5727180E-08  0.1446589E-07  0.2151192E-07  0.4243805E-07
   89.0215  0.2292305E-08  0.4491429E-08  0.5382414E-08  0.1370720E-07  0.2044184E-07  0.4049192E-07
   93.2603  0.2145249E-08  0.4211898E-08  0.5052046E-08  0.1297429E-07  0.1940893E-07  0.3860870E-07
   97.7010  0.2006992E-08  0.3945652E-08  0.4736220E-08  0.1226600E-07  0.1841124E-07  0.3678909E-07
  102.3531  0.1877347E-08  0.3692852E-08  0.4435198E-08  0.1158143E-07  0.1744688E-07  0.3503276E-07
  107.2267  0.1756058E-08  0.3453631E-08  0.4149268E-08  0.1092001E-07  0.1651410E-07  0.3333849E-07
  112.3324  0.1642803E-08  0.3228050E-08  0.3878680E-08  0.1028144E-07  0.1561142E-07  0.3170426E-07
  117.6812  0.1537206E-08  0.3016070E-08  0.3623610E-08  0.9665813E-08  0.1473771E-07  0.3012746E-07
  123.2847  0.1438851E-08  0.2817527E-08  0.3384101E-08  0.9073534E-08  0.1389232E-07  0.2860509E-07
  129.1550  0.1347286E-08  0.2632092E-08  0.3160005E-08  0.8505299E-08  0.1307510E-07  0.2713397E-07
  135.3048  0.1262068E-08  0.2459297E-08  0.2950985E-08  0.7962042E-08  0.1228647E-07  0.2571098E-07
  141.7474  0.1182753E-08  0.2298508E-08  0.2756455E-08  0.7444757E-08  0.1152728E-07  0.2433321E-07
  148.4968  0.1108924E-08  0.2148973E-08  0.2575626E-08  0.6954401E-08  0.1079881E-07  0.2299824E-07
  155.5676  0.1040201E-08  0.2009864E-08  0.2407542E-08  0.6491700E-08  0.1010253E-07  0.2170422E-07
  162.9751  0.9762523E-09  0.1880347E-08  0.2251173E-08  0.6057037E-08  0.9439972E-08  0.2045012E-07
  170.7353  0.9167821E-09  0.1759621E-08  0.2105474E-08  0.5650296E-08  0.8812482E-08  0.1923575E-07
  178.8649  0.8615380E-09  0.1646997E-08  0.1969503E-08  0.5270844E-08  0.8221012E-08  0.1806186E-07
  187.3817  0.8102852E-09  0.1541899E-08  0.1842467E-08  0.4917495E-08  0.7665912E-08  0.1693004E-07
  196.3041  0.7627998E-09  0.1443890E-08  0.1723770E-08  0.4588646E-08  0.7146851E-08  0.1584265E-07
  205.6512  0.7188588E-09  0.1352639E-08  0.1612997E-08  0.4282419E-08  0.6662780E-08  0.1480256E-07
  215.4435  0.6782345E-09  0.1267882E-08  0.1509873E-08  0.3996868E-08  0.6212015E-08  0.1381280E-07
  225.7019  0.6406900E-09  0.1189368E-08  0.1414177E-08  0.3730174E-08  0.5792391E-08  0.1287619E-07
  236.4489  0.6059896E-09  0.1116808E-08  0.1325663E-08  0.3480801E-08  0.5401490E-08  0.1199488E-07
  247.7076  0.5739044E-09  0.1049850E-08  0.1243991E-08  0.3247592E-08  0.5036903E-08  0.1116993E-07
  259.5024  0.5442201E-09  0.9880793E-09  0.1168706E-08  0.3029734E-08  0.4696424E-08  0.1040103E-07
  271.8588  0.5167444E-09  0.9310574E-09  0.1099277E-08  0.2826649E-08  0.4378184E-08  0.9686357E-08
  284.8036  0.4913043E-09  0.8783604E-09  0.1035158E-08  0.2637845E-08  0.4080690E-08  0.9022741E-08
  298.3647  0.4677428E-09  0.8296151E-09  0.9758571E-09  0.2462785E-08  0.3802812E-08  0.8405962E-08
  312.5716  0.4459148E-09  0.7845110E-09  0.9209681E-09  0.2300813E-08  0.3543690E-08  0.7831297E-08
  327.4549  0.4256817E-09  0.7427953E-09  0.8701811E-09  0.2151141E-08  0.3302628E-08  0.7294182E-08
  343.0469  0.4069103E-09  0.7042488E-09  0.8232504E-09  0.2012894E-08  0.3078967E-08  0.6790752E-08
  359.3814  0.3894736E-09  0.6686591E-09  0.7799492E-09  0.1885192E-08  0.2871993E-08  0.6318225E-08
  376.4936  0.3732515E-09  0.6357976E-09  0.7400235E-09  0.1767220E-08  0.2680866E-08  0.5875003E-08
  394.4206  0.3581351E-09  0.6054239E-09  0.7031852E-09  0.1658261E-08  0.2504597E-08  0.5460479E-08
  413.2012  0.3440264E-09  0.5773058E-09  0.6691390E-09  0.1557677E-08  0.2342073E-08  0.5074511E-08
  432.8761  0.3308351E-09  0.5512398E-09  0.6376210E-09  0.1464870E-08  0.2192136E-08  0.4716818E-08
  453.4879  0.3184776E-09  0.5270566E-09  0.6084198E-09  0.1379267E-08  0.2053689E-08  0.4386530E-08
  475.0810  0.3068752E-09  0.5046085E-09  0.5813632E-09  0.1300322E-08  0.1925783E-08  0.4082080E-08
  497.7024  0.2959534E-09  0.4837511E-09  0.5562872E-09  0.1227533E-08  0.1807642E-08  0.3801396E-08
  521.4008  0.2856448E-09  0.4643388E-09  0.5330206E-09  0.1160439E-08  0.1698646E-08  0.3542237E-08
  546.2277  0.2758887E-09  0.4462291E-09  0.5113863E-09  0.1098602E-08  0.1598244E-08  0.3302550E-08
  572.2368  0.2666302E-09  0.4292918E-09  0.4912180E-09  0.1041599E-08  0.1505871E-08  0.3080745E-08
  599.4843  0.2578199E-09  0.4134140E-09  0.4723719E-09  0.9890217E-09  0.1420900E-08  0.2875730E-08
  628.0292  0.2494121E-09  0.3984966E-09  0.4547256E-09  0.9404897E-09  0.1342671E-08  0.2686689E-08
  657.9333  0.2413655E-09  0.3844503E-09  0.4381710E-09  0.8956562E-09  0.1270564E-08  0.2512763E-08
  689.2611  0.2336424E-09  0.3711917E-09  0.4226073E-09  0.8542042E-09  0.1204059E-08  0.2352867E-08
  722.0809  0.2262079E-09  0.3586418E-09  0.4079374E-09  0.8158363E-09  0.1142722E-08  0.2205762E-08
  756.4633  0.2190319E-09  0.3467286E-09  0.3940720E-09  0.7802743E-09  0.1086161E-08  0.2070281E-08
  792.4829  0.2120871E-09  0.3353867E-09  0.3809292E-09  0.7472591E-09  0.1033982E-08  0.1945481E-08
  830.2176  0.2053480E-09  0.3245555E-09  0.3684334E-09  0.7165532E-09  0.9857818E-09  0.1830614E-08
  869.7491  0.1987934E-09  0.3141817E-09  0.3565180E-09  0.6879441E-09  0.9411769E-09  0.1725011E-08
  911.1627  0.1924044E-09  0.3042169E-09  0.3451221E-09  0.6612391E-09  0.8998261E-09  0.1627967E-08
  954.5484  0.1861633E-09  0.2946162E-09  0.3341890E-09  0.6362590E-09  0.8614338E-09  0.1538734E-08
 1000.0000  0.1800559E-09  0.2853404E-09  0.3236692E-09  0.6128396E-09  0.8257402E-09  0.1456585E-08
