   10.0000  0.1859028E-07  0.2848335E-07  0.3196106E-07  0.5414831E-07  0.6735640E-07  0.9394895E-07
   10.6479  0.1811851E-07  0.2802493E-07  0.3152404E-07  0.5409066E-07  0.6762780E-07  0.9510199E-07
   11.3377  0.1761632E-07  0.2751098E-07  0.3102319E-07  0.5392900E-07  0.6777911E-07  0.9612268E-07
   12.0722  0.1709325E-07  0.2695042E-07  0.3046705E-07  0.5366807E-07  0.6781255E-07  0.9700845E-07
   12.8543  0.1654900E-07  0.2634215E-07  0.2985408E-07  0.5330216E-07  0.6771975E-07  0.9774569E-07
   13.6871  0.1598322E-07  0.2568540E-07  0.2918315E-07  0.5282622E-07  0.6749292E-07  0.9832111E-07
   14.5738  0.1539814E-07  0.2498237E-07  0.2845625E-07  0.5223849E-07  0.6712759E-07  0.9872446E-07
   15.5180  0.1479558E-07  0.2423504E-07  0.2767516E-07  0.5153714E-07  0.6661911E-07  0.9894500E-07
   16.5234  0.1418298E-07  0.2345162E-07  0.2684810E-07  0.5072730E-07  0.6596989E-07  0.9897888E-07
   17.5939  0.1356909E-07  0.2264216E-07  0.2598530E-07  0.4981657E-07  0.6518488E-07  0.9882460E-07
   18.7337  0.1295288E-07  0.2180683E-07  0.2508714E-07  0.4880283E-07  0.6425923E-07  0.9847063E-07
   19.9474  0.1233215E-07  0.2094494E-07  0.2415329E-07  0.4768397E-07  0.6318821E-07  0.9790535E-07
   21.2397  0.1171473E-07  0.2006659E-07  0.2319449E-07  0.4647040E-07  0.6197998E-07  0.9712994E-07
   22.6157  0.1110730E-07  0.1918084E-07  0.2222043E-07  0.4517238E-07  0.6064286E-07  0.9614565E-07
   24.0809  0.1051087E-07  0.1829111E-07  0.2123525E-07  0.4379537E-07  0.5918083E-07  0.9494940E-07
   25.6410  0.9925783E-08  0.1740044E-07  0.2024281E-07  0.4234533E-07  0.5759891E-07  0.9353953E-07
   27.3022  0.9355575E-08  0.1651540E-07  0.1925069E-07  0.4083295E-07  0.5590753E-07  0.9192036E-07
   29.0710  0.8803509E-08  0.1564238E-07  0.1826637E-07  0.3926972E-07  0.5411855E-07  0.9009839E-07
   30.9544  0.8270566E-08  0.1478539E-07  0.1729499E-07  0.3766572E-07  0.5224293E-07  0.8808031E-07
   32.9598  0.7757735E-08  0.1394846E-07  0.1634179E-07  0.3603213E-07  0.5029340E-07  0.8587601E-07
   35.0951  0.7265729E-08  0.1313512E-07  0.1541147E-07  0.3438053E-07  0.4828366E-07  0.8349763E-07
   37.3688  0.6795286E-08  0.1234869E-07  0.1450850E-07  0.3272308E-07  0.4622876E-07  0.8095985E-07
   39.7897  0.6346522E-08  0.1159151E-07  0.1363631E-07  0.3107151E-07  0.4414417E-07  0.7827900E-07
   42.3676  0.5918928E-08  0.1086480E-07  0.1279706E-07  0.2943669E-07  0.4204523E-07  0.7547291E-07
   45.1124  0.5512377E-08  0.1016977E-07  0.1199275E-07  0.2782941E-07  0.3994797E-07  0.7256210E-07
   48.0350  0.5126125E-08  0.9506455E-08  0.1122401E-07  0.2625884E-07  0.3786731E-07  0.6956815E-07
   51.1470  0.4759421E-08  0.8874397E-08  0.1049077E-07  0.2473291E-07  0.3581740E-07  0.6651404E-07
   54.4606  0.4411895E-08  0.8273148E-08  0.9792774E-08  0.2325848E-07  0.3381152E-07  0.6342411E-07
   57.9889  0.4082710E-08  0.7701370E-08  0.9128675E-08  0.2184005E-07  0.3186054E-07  0.6032232E-07
   61.7458  0.3771268E-08  0.7157718E-08  0.8496937E-08  0.2048055E-07  0.2997343E-07  0.5723241E-07
   65.7461  0.3477339E-08  0.6641137E-08  0.7896202E-08  0.1918152E-07  0.2815719E-07  0.5417750E-07
   70.0055  0.3200553E-08  0.6150384E-08  0.7324831E-08  0.1794265E-07  0.2641609E-07  0.5117859E-07
   74.5409  0.2940638E-08  0.5684426E-08  0.6781366E-08  0.1676227E-07  0.2475198E-07  0.4825420E-07
   79.3701  0.2697553E-08  0.5242708E-08  0.6264863E-08  0.1563795E-07  0.2316475E-07  0.4542004E-07
   84.5121  0.2471160E-08  0.4824873E-08  0.5774653E-08  0.1456653E-07  0.2165230E-07  0.4268816E-07
   89.9873  0.2261274E-08  0.4430852E-08  0.5310490E-08  0.1354465E-07  0.2021106E-07  0.4006674E-07
   95.8172  0.2067666E-08  0.4060896E-08  0.4872610E-08  0.1256921E-07  0.1883671E-07  0.3756023E-07
  102.0248  0.1889906E-08  0.3715324E-08  0.4461508E-08  0.1163767E-07  0.1752452E-07  0.3516936E-07
  108.6346  0.1727387E-08  0.3394452E-08  0.4077842E-08  0.1074836E-07  0.1627008E-07  0.3289159E-07
  115.6726  0.1579294E-08  0.3098388E-08  0.3722192E-08  0.9900664E-08  0.1506980E-07  0.3072182E-07
  123.1666  0.1444678E-08  0.2826926E-08  0.3394875E-08  0.9095202E-08  0.1392152E-07  0.2865324E-07
  131.1461  0.1322448E-08  0.2579333E-08  0.3095614E-08  0.8333527E-08  0.1282461E-07  0.2667811E-07
  139.6425  0.1211508E-08  0.2354390E-08  0.2823472E-08  0.7617931E-08  0.1178024E-07  0.2478886E-07
  148.6894  0.1110800E-08  0.2150388E-08  0.2576757E-08  0.6950824E-08  0.1079102E-07  0.2297893E-07
  158.3224  0.1019376E-08  0.1965329E-08  0.2353192E-08  0.6334065E-08  0.9860518E-08  0.2124362E-07
  168.5794  0.9364427E-09  0.1797183E-08  0.2150240E-08  0.5768337E-08  0.8992389E-08  0.1958079E-07
  179.5010  0.8613246E-09  0.1644122E-08  0.1965460E-08  0.5252640E-08  0.8189393E-08  0.1799124E-07
  191.1302  0.7934455E-09  0.1504717E-08  0.1796884E-08  0.4784236E-08  0.7452551E-08  0.1647869E-07
  203.5127  0.7322534E-09  0.1377955E-08  0.1643154E-08  0.4359007E-08  0.6780592E-08  0.1504925E-07
  216.6975  0.6771938E-09  0.1263126E-08  0.1503460E-08  0.3972231E-08  0.6170000E-08  0.1371021E-07
  230.7364  0.6276883E-09  0.1159596E-08  0.1377237E-08  0.3619447E-08  0.5615553E-08  0.1246845E-07
  245.6849  0.5831622E-09  0.1066612E-08  0.1263810E-08  0.3297168E-08  0.5111320E-08  0.1132844E-07
  261.6018  0.5430762E-09  0.9832087E-09  0.1162163E-08  0.3003100E-08  0.4651699E-08  0.1029060E-07
  278.5500  0.5069566E-09  0.9083168E-09  0.1071004E-08  0.2735782E-08  0.4232103E-08  0.9350521E-08
  296.5961  0.4743913E-09  0.8409375E-09  0.9890362E-09  0.2493967E-08  0.3849175E-08  0.8499481E-08
  315.8114  0.4450156E-09  0.7802619E-09  0.9151998E-09  0.2276135E-08  0.3500606E-08  0.7726257E-08
  336.2715  0.4184891E-09  0.7256667E-09  0.8487323E-09  0.2080350E-08  0.3184662E-08  0.7019818E-08
  358.0572  0.3944901E-09  0.6766211E-09  0.7890504E-09  0.1904449E-08  0.2899671E-08  0.6371708E-08
  381.2543  0.3727198E-09  0.6325746E-09  0.7355486E-09  0.1746389E-08  0.2643649E-08  0.5777250E-08
  405.9543  0.3529128E-09  0.5929412E-09  0.6875210E-09  0.1604425E-08  0.2414139E-08  0.5234982E-08
  432.2544  0.3348370E-09  0.5571813E-09  0.6442746E-09  0.1477035E-08  0.2208352E-08  0.4744437E-08
  460.2585  0.3182833E-09  0.5248601E-09  0.6052613E-09  0.1362795E-08  0.2023566E-08  0.4303773E-08
  490.0766  0.3030595E-09  0.4956133E-09  0.5700572E-09  0.1260385E-08  0.1857511E-08  0.3908984E-08
  521.8267  0.2889905E-09  0.4690840E-09  0.5382499E-09  0.1168618E-08  0.1708470E-08  0.3554745E-08
  555.6338  0.2759250E-09  0.4449223E-09  0.5094093E-09  0.1086412E-08  0.1575060E-08  0.3235968E-08
  591.6312  0.2637302E-09  0.4228164E-09  0.4831379E-09  0.1012730E-08  0.1455854E-08  0.2948986E-08
  629.9606  0.2522900E-09  0.4025078E-09  0.4591111E-09  0.9466085E-09  0.1349265E-08  0.2691503E-08
  670.7730  0.2415012E-09  0.3837736E-09  0.4370585E-09  0.8871832E-09  0.1253768E-08  0.2461396E-08
  714.2297  0.2312728E-09  0.3664110E-09  0.4167337E-09  0.8336858E-09  0.1168133E-08  0.2255900E-08
  760.5019  0.2215256E-09  0.3502360E-09  0.3979093E-09  0.7854136E-09  0.1091359E-08  0.2072064E-08
  809.7718  0.2121919E-09  0.3350861E-09  0.3803822E-09  0.7417272E-09  0.1022478E-08  0.1907528E-08
  862.2337  0.2032122E-09  0.3208177E-09  0.3639735E-09  0.7020608E-09  0.9605101E-09  0.1760513E-08
  918.0944  0.1945381E-09  0.3073077E-09  0.3485283E-09  0.6659231E-09  0.9045797E-09  0.1629319E-08
  977.5737  0.1861271E-09  0.2944462E-09  0.3339084E-09  0.6328746E-09  0.8539569E-09  0.1512129E-08
 1040.9069  0.1779455E-09  0.2821404E-09  0.3199955E-09  0.6025204E-09  0.8080176E-09  0.1407214E-08
 1108.3431  0.1699655E-09  0.2703100E-09  0.3066867E-09  0.5745053E-09  0.7661908E-09  0.1313106E-08
 1180.1483  0.1621654E-09  0.2588871E-09  0.2938941E-09  0.5485155E-09  0.7279515E-09  0.1228562E-08
 1256.6054  0.1545289E-09  0.2478149E-09  0.2815437E-09  0.5242749E-09  0.6928320E-09  0.1152479E-08
 1338.0159  0.1470441E-09  0.2370461E-09  0.2695723E-09  0.5015408E-09  0.6604199E-09  0.1083852E-08
 1424.7001  0.1397033E-09  0.2265423E-09  0.2579281E-09  0.4801016E-09  0.6303518E-09  0.1021779E-08
 1517.0008  0.1325033E-09  0.2162739E-09  0.2465694E-09  0.4597737E-09  0.6023076E-09  0.9654478E-09
 1615.2813  0.1254423E-09  0.2062165E-09  0.2354616E-09  0.4403968E-09  0.5760053E-09  0.9141357E-09
 1719.9290  0.1185239E-09  0.1963551E-09  0.2245808E-09  0.4218363E-09  0.5512025E-09  0.8671993E-09
 1831.3564  0.1117511E-09  0.1866771E-09  0.2139069E-09  0.4039741E-09  0.5276857E-09  0.8240663E-09
 1950.0027  0.1051317E-09  0.1771780E-09  0.2034289E-09  0.3867137E-09  0.5052738E-09  0.7842367E-09
 2076.3349  0.9867247E-10  0.1678552E-09  0.1931390E-09  0.3699722E-09  0.4838089E-09  0.7472699E-09
 2210.8525  0.9238318E-10  0.1587116E-09  0.1830360E-09  0.3536834E-09  0.4631584E-09  0.7127818E-09
 2354.0849  0.8627319E-10  0.1497523E-09  0.1731217E-09  0.3377929E-09  0.4432097E-09  0.6804365E-09
 2506.5967  0.8035294E-10  0.1409856E-09  0.1634022E-09  0.3222592E-09  0.4238699E-09  0.6499433E-09
 2668.9892  0.7463267E-10  0.1324219E-09  0.1538862E-09  0.3070505E-09  0.4050627E-09  0.6210506E-09
 2841.9025  0.6912226E-10  0.1240729E-09  0.1445848E-09  0.2921444E-09  0.3867269E-09  0.5935425E-09
 3026.0170  0.6383145E-10  0.1159521E-09  0.1355114E-09  0.2775274E-09  0.3688152E-09  0.5672355E-09
 3222.0606  0.5876848E-10  0.1080728E-09  0.1266800E-09  0.2631919E-09  0.3512911E-09  0.5419733E-09
 3430.8052  0.5394129E-10  0.1004496E-09  0.1181061E-09  0.2491379E-09  0.3341301E-09  0.5176264E-09
 3653.0735  0.4935576E-10  0.9309579E-10  0.1098050E-09  0.2353694E-09  0.3173157E-09  0.4940864E-09
 3889.7417  0.4501704E-10  0.8602501E-10  0.1017925E-09  0.2218959E-09  0.3008403E-09  0.4712659E-09
 4141.7427  0.4092803E-10  0.7924922E-10  0.9408289E-10  0.2087297E-09  0.2847027E-09  0.4490942E-09
 4410.0682  0.3709045E-10  0.7277962E-10  0.8669045E-10  0.1958867E-09  0.2689080E-09  0.4275167E-09
 4695.7790  0.3350385E-10  0.6662536E-10  0.7962734E-10  0.1833840E-09  0.2534656E-09  0.4064917E-09
 5000.0000  0.3016627E-10  0.6079401E-10  0.7290444E-10  0.1712409E-09  0.2383894E-09  0.3859895E-09
