   10.0000  0.1859028E-07  0.2848335E-07  0.3196106E-07  0.5414831E-07  0.6735640E-07  0.9394895E-07
   10.5498  0.1819027E-07  0.2809629E-07  0.3159276E-07  0.5410588E-07  0.6759546E-07  0.9494032E-07
   11.1298  0.1776689E-07  0.2766766E-07  0.3117689E-07  0.5398707E-07  0.6774671E-07  0.9583546E-07
   11.7416  0.1732698E-07  0.2720396E-07  0.3071973E-07  0.5379586E-07  0.6781258E-07  0.9663391E-07
   12.3871  0.1687269E-07  0.2670684E-07  0.3022267E-07  0.5353110E-07  0.6779034E-07  0.9732976E-07
   13.0681  0.1640235E-07  0.2617421E-07  0.2968334E-07  0.5318787E-07  0.6767335E-07  0.9791304E-07
   13.7866  0.1591666E-07  0.2560662E-07  0.2910212E-07  0.5276415E-07  0.6745792E-07  0.9837661E-07
   14.5445  0.1541720E-07  0.2500564E-07  0.2848044E-07  0.5225911E-07  0.6714151E-07  0.9871430E-07
   15.3441  0.1490486E-07  0.2437227E-07  0.2781918E-07  0.5167137E-07  0.6672101E-07  0.9891922E-07
   16.1877  0.1438362E-07  0.2371090E-07  0.2712273E-07  0.5100334E-07  0.6619712E-07  0.9898819E-07
   17.0776  0.1386042E-07  0.2302928E-07  0.2639892E-07  0.5026123E-07  0.6557442E-07  0.9892186E-07
   18.0165  0.1333659E-07  0.2232950E-07  0.2564998E-07  0.4944562E-07  0.6485181E-07  0.9871503E-07
   19.0070  0.1280993E-07  0.2161013E-07  0.2487462E-07  0.4855383E-07  0.6402493E-07  0.9835911E-07
   20.0519  0.1228049E-07  0.2087227E-07  0.2407424E-07  0.4758636E-07  0.6309270E-07  0.9784876E-07
   21.1543  0.1175412E-07  0.2012327E-07  0.2325657E-07  0.4655092E-07  0.6206148E-07  0.9718599E-07
   22.3173  0.1123485E-07  0.1936861E-07  0.2242751E-07  0.4545373E-07  0.6093627E-07  0.9637142E-07
   23.5442  0.1072388E-07  0.1861101E-07  0.2159020E-07  0.4429872E-07  0.5972006E-07  0.9540366E-07
   24.8386  0.1022054E-07  0.1785132E-07  0.2074597E-07  0.4308831E-07  0.5841457E-07  0.9428016E-07
   26.2041  0.9726572E-08  0.1709317E-07  0.1989903E-07  0.4182842E-07  0.5702538E-07  0.9300259E-07
   27.6447  0.9244387E-08  0.1634085E-07  0.1905433E-07  0.4052613E-07  0.5555958E-07  0.9157438E-07
   29.1645  0.8775784E-08  0.1559812E-07  0.1821633E-07  0.3918857E-07  0.5402460E-07  0.8999983E-07
   30.7679  0.8321021E-08  0.1486709E-07  0.1738781E-07  0.3782161E-07  0.5242694E-07  0.8828288E-07
   32.4594  0.7880911E-08  0.1415048E-07  0.1657226E-07  0.3643248E-07  0.5077474E-07  0.8642989E-07
   34.2439  0.7455543E-08  0.1345011E-07  0.1577222E-07  0.3502780E-07  0.4907587E-07  0.8444764E-07
   36.1265  0.7046028E-08  0.1276882E-07  0.1499127E-07  0.3361585E-07  0.4734027E-07  0.8234561E-07
   38.1126  0.6652077E-08  0.1210775E-07  0.1423123E-07  0.3220340E-07  0.4557676E-07  0.8013278E-07
   40.2079  0.6273873E-08  0.1146836E-07  0.1349423E-07  0.3079785E-07  0.4379525E-07  0.7781992E-07
   42.4183  0.5910976E-08  0.1085124E-07  0.1278138E-07  0.2940573E-07  0.4200515E-07  0.7541828E-07
   44.7503  0.5563445E-08  0.1025725E-07  0.1209405E-07  0.2803389E-07  0.4021660E-07  0.7294091E-07
   47.2106  0.5230615E-08  0.9686187E-08  0.1143240E-07  0.2668779E-07  0.3843860E-07  0.7040082E-07
   49.8060  0.4912289E-08  0.9138145E-08  0.1079680E-07  0.2537286E-07  0.3668040E-07  0.6781250E-07
   52.5442  0.4608008E-08  0.8612668E-08  0.1018696E-07  0.2409342E-07  0.3495029E-07  0.6519060E-07
   55.4329  0.4317223E-08  0.8108990E-08  0.9602148E-08  0.2285276E-07  0.3325553E-07  0.6254989E-07
   58.4804  0.4039828E-08  0.7626685E-08  0.9041908E-08  0.2165382E-07  0.3160297E-07  0.5990573E-07
   61.6954  0.3775205E-08  0.7164612E-08  0.8504951E-08  0.2049784E-07  0.2999753E-07  0.5727243E-07
   65.0872  0.3523360E-08  0.6722279E-08  0.7990599E-08  0.1938591E-07  0.2844366E-07  0.5466444E-07
   68.6654  0.3283939E-08  0.6298768E-08  0.7497685E-08  0.1831772E-07  0.2694396E-07  0.5209476E-07
   72.4404  0.3056874E-08  0.5893531E-08  0.7025402E-08  0.1729258E-07  0.2550008E-07  0.4957541E-07
   76.4229  0.2842073E-08  0.5506090E-08  0.6573017E-08  0.1630911E-07  0.2411236E-07  0.4711684E-07
   80.6244  0.2639430E-08  0.5136090E-08  0.6139949E-08  0.1536548E-07  0.2278005E-07  0.4472766E-07
   85.0568  0.2448919E-08  0.4783444E-08  0.5725944E-08  0.1445972E-07  0.2150158E-07  0.4241468E-07
   89.7329  0.2270387E-08  0.4448107E-08  0.5330861E-08  0.1358971E-07  0.2027459E-07  0.4018251E-07
   94.6661  0.2103701E-08  0.4130249E-08  0.4954863E-08  0.1275355E-07  0.1909636E-07  0.3803383E-07
   99.8705  0.1948601E-08  0.3830059E-08  0.4598236E-08  0.1194958E-07  0.1796396E-07  0.3596934E-07
  105.3610  0.1804745E-08  0.3547753E-08  0.4261380E-08  0.1117662E-07  0.1687455E-07  0.3398796E-07
  111.1534  0.1671685E-08  0.3283470E-08  0.3944703E-08  0.1043399E-07  0.1582567E-07  0.3208713E-07
  117.2642  0.1548878E-08  0.3037215E-08  0.3648525E-08  0.9721686E-08  0.1481545E-07  0.3026315E-07
  123.7110  0.1435698E-08  0.2808762E-08  0.3372939E-08  0.9040236E-08  0.1384278E-07  0.2851152E-07
  130.5121  0.1331466E-08  0.2597618E-08  0.3117730E-08  0.8390708E-08  0.1290743E-07  0.2682742E-07
  137.6872  0.1235503E-08  0.2403031E-08  0.2882321E-08  0.7774540E-08  0.1201015E-07  0.2520614E-07
  145.2567  0.1147139E-08  0.2223968E-08  0.2665717E-08  0.7193234E-08  0.1115242E-07  0.2364344E-07
  153.2424  0.1065765E-08  0.2059233E-08  0.2466602E-08  0.6648119E-08  0.1033637E-07  0.2213602E-07
  161.6672  0.9908505E-09  0.1907550E-08  0.2283440E-08  0.6140001E-08  0.9564306E-08  0.2068180E-07
  170.5550  0.9219270E-09  0.1767682E-08  0.2114636E-08  0.5668897E-08  0.8838366E-08  0.1928015E-07
  179.9315  0.8586046E-09  0.1638558E-08  0.1958739E-08  0.5233918E-08  0.8160058E-08  0.1793207E-07
  189.8235  0.8005282E-09  0.1519321E-08  0.1814564E-08  0.4833238E-08  0.7529870E-08  0.1664006E-07
  200.2593  0.7473552E-09  0.1409334E-08  0.1681256E-08  0.4464314E-08  0.6947069E-08  0.1540789E-07
  211.2688  0.6987453E-09  0.1308139E-08  0.1558267E-08  0.4124223E-08  0.6409696E-08  0.1424004E-07
  222.8836  0.6543436E-09  0.1215347E-08  0.1445230E-08  0.3810076E-08  0.5914794E-08  0.1314104E-07
  235.1370  0.6137897E-09  0.1130543E-08  0.1341794E-08  0.3519373E-08  0.5458788E-08  0.1211454E-07
  248.0640  0.5767326E-09  0.1053212E-08  0.1247471E-08  0.3250235E-08  0.5037991E-08  0.1116253E-07
  261.7016  0.5428452E-09  0.9827291E-09  0.1161579E-08  0.3001396E-08  0.4649033E-08  0.1028460E-07
  276.0890  0.5118382E-09  0.9184270E-09  0.1083305E-08  0.2771995E-08  0.4289132E-08  0.9477777E-08
  291.2673  0.4834536E-09  0.8596774E-09  0.1011834E-08  0.2561268E-08  0.3956155E-08  0.8736765E-08
  307.2802  0.4574609E-09  0.8059509E-09  0.9464664E-09  0.2368331E-08  0.3648563E-08  0.8054754E-08
  324.1733  0.4336453E-09  0.7568260E-09  0.8866690E-09  0.2192072E-08  0.3365205E-08  0.7424611E-08
  341.9952  0.4118009E-09  0.7119562E-09  0.8320421E-09  0.2031190E-08  0.3105069E-08  0.6840093E-08
  360.7968  0.3917335E-09  0.6710178E-09  0.7822378E-09  0.1884343E-08  0.2867083E-08  0.6296719E-08
  380.6321  0.3732603E-09  0.6336622E-09  0.7368682E-09  0.1750291E-08  0.2649963E-08  0.5792054E-08
  401.5579  0.3562182E-09  0.5995245E-09  0.6954911E-09  0.1627965E-08  0.2452169E-08  0.5325316E-08
  423.6341  0.3404622E-09  0.5682634E-09  0.6576685E-09  0.1516415E-08  0.2271977E-08  0.4896286E-08
  446.9240  0.3258591E-09  0.5395931E-09  0.6230342E-09  0.1414748E-08  0.2107652E-08  0.4504153E-08
  471.4943  0.3122868E-09  0.5132786E-09  0.5913066E-09  0.1322116E-08  0.1957654E-08  0.4146939E-08
  497.4152  0.2996299E-09  0.4890996E-09  0.5622349E-09  0.1237737E-08  0.1820738E-08  0.3821650E-08
  524.7613  0.2877846E-09  0.4668342E-09  0.5355591E-09  0.1160901E-08  0.1695937E-08  0.3524892E-08
  553.6108  0.2766592E-09  0.4462673E-09  0.5110114E-09  0.1090945E-08  0.1582409E-08  0.3253594E-08
  584.0463  0.2661715E-09  0.4272056E-09  0.4883450E-09  0.1027228E-08  0.1479274E-08  0.3005503E-08
  616.1551  0.2562489E-09  0.4094858E-09  0.4673538E-09  0.9691422E-09  0.1385550E-08  0.2779146E-08
  650.0291  0.2468247E-09  0.3929649E-09  0.4478632E-09  0.9161340E-09  0.1300255E-08  0.2573284E-08
  685.7651  0.2378400E-09  0.3775133E-09  0.4297167E-09  0.8677066E-09  0.1222543E-08  0.2386385E-08
  723.4660  0.2292408E-09  0.3630092E-09  0.4127655E-09  0.8234018E-09  0.1151728E-08  0.2216597E-08
  763.2396  0.2209808E-09  0.3493426E-09  0.3968728E-09  0.7827949E-09  0.1087213E-08  0.2062144E-08
  805.1998  0.2130184E-09  0.3364144E-09  0.3819148E-09  0.7454948E-09  0.1028393E-08  0.1921626E-08
  849.4668  0.2053168E-09  0.3241354E-09  0.3677801E-09  0.7111501E-09  0.9746588E-09  0.1793950E-08
  896.1674  0.1978451E-09  0.3124277E-09  0.3543711E-09  0.6794503E-09  0.9254522E-09  0.1678081E-08
  945.4352  0.1905756E-09  0.3012205E-09  0.3415987E-09  0.6501142E-09  0.8802937E-09  0.1572903E-08
  997.4118  0.1834851E-09  0.2904515E-09  0.3293840E-09  0.6228847E-09  0.8387731E-09  0.1477293E-08
 1052.2459  0.1765545E-09  0.2800666E-09  0.3176579E-09  0.5975273E-09  0.8005201E-09  0.1390237E-08
 1110.0947  0.1697672E-09  0.2700180E-09  0.3063589E-09  0.5738280E-09  0.7651870E-09  0.1310867E-08
 1171.1237  0.1631102E-09  0.2602641E-09  0.2954334E-09  0.5515946E-09  0.7324513E-09  0.1238425E-08
 1235.5079  0.1565733E-09  0.2507697E-09  0.2848351E-09  0.5306552E-09  0.7020217E-09  0.1172226E-08
 1303.4312  0.1501488E-09  0.2415044E-09  0.2745240E-09  0.5108561E-09  0.6736367E-09  0.1111636E-08
 1375.0892  0.1438305E-09  0.2324421E-09  0.2644649E-09  0.4920586E-09  0.6470602E-09  0.1056070E-08
 1450.6867  0.1376158E-09  0.2235626E-09  0.2546298E-09  0.4741418E-09  0.6220822E-09  0.1005003E-08
 1530.4402  0.1315027E-09  0.2148484E-09  0.2449941E-09  0.4569970E-09  0.5985127E-09  0.9579506E-09
 1614.5784  0.1254907E-09  0.2062855E-09  0.2355378E-09  0.4405282E-09  0.5761823E-09  0.9144757E-09
 1703.3421  0.1195825E-09  0.1978652E-09  0.2262466E-09  0.4246533E-09  0.5549425E-09  0.8741833E-09
 1796.9852  0.1137796E-09  0.1895792E-09  0.2171075E-09  0.4092978E-09  0.5346595E-09  0.8367151E-09
 1895.7770  0.1080861E-09  0.1814237E-09  0.2081126E-09  0.3943993E-09  0.5152166E-09  0.8017515E-09
 2000.0000  0.1025070E-09  0.1733969E-09  0.1992566E-09  0.3799036E-09  0.4965112E-09  0.7690065E-09
