1.000000000000000000e+01 1.591774960459656350e-08 3.940233076863383125e-08 4.436938902281449499e-08 8.700518814205721668e-08 1.093457306948817873e-07 1.447573777273483249e-07
1.079800000000000004e+01 2.939877158086537755e-08 4.123219024006042255e-08 5.547527203016263758e-08 7.464543134075037580e-08 1.006230000303627303e-07 1.495639620070487927e-07
1.165970000000000084e+01 2.004816709754774424e-08 3.207814853181954752e-08 3.569677124187303915e-08 7.317925612836762997e-08 8.432101411365623310e-08 1.105998913412336676e-07
1.259019999999999939e+01 1.676820315482267414e-08 1.490451885020742359e-08 1.584803498934465170e-08 3.867924880153742935e-08 3.718163438589788506e-08 4.964616688319879900e-08
1.359490000000000087e+01 1.688378730005629878e-08 2.718948162607099001e-08 3.209365334336835793e-08 7.672455631398889105e-08 8.828450097416355207e-08 1.217411290904761116e-07
1.467980000000000018e+01 6.705668581750947329e-09 1.750965924819296509e-08 1.262491992315130784e-08 3.895773575726452991e-08 4.783152902316414072e-08 6.658660414035712348e-08
1.585120000000000040e+01 1.385828353397414257e-08 2.137470521510832467e-08 2.755667016871444497e-08 4.167143465785062905e-08 6.011793829891634831e-08 9.727299161761291612e-08
1.711619999999999919e+01 2.601721764572186955e-08 3.484044459807137785e-08 5.021566001191023808e-08 6.917784854173084382e-08 9.442994325453899658e-08 1.465057197374918290e-07
1.848199999999999932e+01 1.270259938261127817e-08 1.619142434323273082e-08 1.361512879371128778e-08 3.500793711071647855e-08 3.716988685701773660e-08 4.998558819024807608e-08
1.995690000000000097e+01 1.347024514019254340e-08 2.855687049067211481e-08 3.411695693850778690e-08 6.544565422510233240e-08 8.892216690367601285e-08 1.331453321397422040e-07
2.154949999999999832e+01 1.709278819662671933e-08 2.240946052346229837e-08 3.152275199566962095e-08 4.641174381945416305e-08 6.543566808932154780e-08 1.105934088739751867e-07
2.326920000000000144e+01 1.444586516674916661e-08 2.639893616471126394e-08 3.175509862259643405e-08 6.180009015678465346e-08 8.198826197540187551e-08 1.243568852977506755e-07
2.512610000000000099e+01 1.529678133322123375e-08 2.600494098583949971e-08 3.172547608964037918e-08 5.323378545124995993e-08 7.404117817127236966e-08 1.166175593998851221e-07
2.713119999999999976e+01 1.277748147893768088e-08 1.967180226712077890e-08 2.495431367658843489e-08 3.606904810613777348e-08 5.506381150151423061e-08 9.654079208673898347e-08
2.929629999999999868e+01 1.008561181243881990e-08 1.471651818229419466e-08 1.867015836894589474e-08 3.138000940831148442e-08 4.669061543567056001e-08 8.532522027352552910e-08
3.163410000000000011e+01 6.743300639163355228e-09 1.373249160319886593e-08 1.348788596493032943e-08 3.674965348016151751e-08 4.886897740939728308e-08 7.883076468156292075e-08
3.415859999999999985e+01 7.546542279202250165e-09 1.703777985248158178e-08 1.783749734205172247e-08 3.854466155084683362e-08 5.505751492486319133e-08 8.773591397537941706e-08
3.688450000000000273e+01 7.458299332185072339e-09 1.208116012636868377e-08 1.566324746243104527e-08 3.234361737115076798e-08 4.616847302960010446e-08 8.373151722296497886e-08
3.982789999999999964e+01 6.794526082774676054e-09 1.223833048090992011e-08 1.485918231509122979e-08 3.051115530509348630e-08 4.535384999929929415e-08 8.254954479964363257e-08
4.300619999999999976e+01 4.027953243057612638e-09 8.439412236761895993e-09 7.306833007551550406e-09 2.700165280074838109e-08 3.569529405491354046e-08 6.165706512969476496e-08
4.643809999999999860e+01 6.553407267681381780e-09 1.069940681788465833e-08 1.420273858165472972e-08 2.863554802234571909e-08 4.286053733115677904e-08 7.918123712482349885e-08
5.014390000000000214e+01 4.254693026731346149e-09 8.471711780290974810e-09 9.229072770587505022e-09 2.368376617218797140e-08 3.436681844122152109e-08 6.225030443302565843e-08
5.414549999999999841e+01 4.995789284323460342e-09 8.709954348771720581e-09 1.061146537030451973e-08 2.264770677286215415e-08 3.473214471734495941e-08 6.617230954451619003e-08
5.846629999999999683e+01 4.165322015413499550e-09 6.819873690011685210e-09 8.552440031315756721e-09 1.912709866518360390e-08 2.827726245363744152e-08 5.562183470088716638e-08
6.313199999999999790e+01 3.461711787476493164e-09 6.484722155814262226e-09 8.682780905149323755e-09 2.136846663659976393e-08 3.163749469784000431e-08 6.195506723207720006e-08
6.817000000000000171e+01 2.813508598534386610e-09 5.862500480704696710e-09 5.703229783946183206e-09 1.616506596580972753e-08 2.351359001332322573e-08 4.676975844478546782e-08
7.361010000000000275e+01 3.954599514014597090e-09 7.365496615345657444e-09 9.743707452350180247e-09 1.780402421190401203e-08 2.838525439114578669e-08 5.722551391269816334e-08
7.948420000000000130e+01 2.627581272131496177e-09 5.180314615940059183e-09 6.324328306997529939e-09 1.629749564963956130e-08 2.470249892225991368e-08 4.717249657442285080e-08
8.582710000000000150e+01 2.788705634088006154e-09 4.792947365277661190e-09 6.387978884045220983e-09 1.394526020505879876e-08 2.187779661904515576e-08 4.463706026877573411e-08
9.267619999999999436e+01 2.694480215440008192e-09 4.928356356803538001e-09 6.534481344812474490e-09 1.363839887652731665e-08 2.123472294650636108e-08 4.335279933223442283e-08
1.000718999999999994e+02 1.744431098015841536e-09 3.404730570214057327e-09 4.064728369676647924e-09 1.102099113411089065e-08 1.690101518664869129e-08 3.427340085214199228e-08
1.080576999999999970e+02 1.451895678252301895e-09 3.194829949204882773e-09 3.673255756570810194e-09 1.083026402370454110e-08 1.619269732403373859e-08 3.284796217514430314e-08
1.166808999999999941e+02 1.813797277373734191e-09 3.377415860707391490e-09 4.494755375068285487e-09 9.785210291332833445e-09 1.544829036757143661e-08 3.189494671454772795e-08
1.259920999999999935e+02 1.503775501536851290e-09 2.734768358049290352e-09 3.295621471019343740e-09 9.026299648819212534e-09 1.347328502328462880e-08 2.766536169472560630e-08
1.360464000000000055e+02 1.162327700004607135e-09 2.350090188091003959e-09 2.643435289670713493e-09 8.084233636058425643e-09 1.207639079859493173e-08 2.460796010614842679e-08
1.469029999999999916e+02 1.045567026626424670e-09 2.057774721532244503e-09 2.349476987203517488e-09 7.182115446955689769e-09 1.080893851882412567e-08 2.278336908925075134e-08
1.586261000000000081e+02 1.001332484184344392e-09 1.946294891279753433e-09 2.203517162492673643e-09 6.607575089820380928e-09 1.009978113617021844e-08 2.104685381852540417e-08
1.712846000000000117e+02 9.989479298131790155e-10 1.838221971356392130e-09 2.397192708119044998e-09 5.681492588552535413e-09 8.940821032441571626e-09 1.974627550621665313e-08
1.849533000000000129e+02 7.215970601452966565e-10 1.462444705130135299e-09 1.721283541107855740e-09 4.921781120791134937e-09 7.662171352494174785e-09 1.700472727500507333e-08
1.997127999999999872e+02 7.575247423613486766e-10 1.383478218500457822e-09 1.721140385311159158e-09 4.540256904832832961e-09 7.002025693910088231e-09 1.569168787191443285e-08
2.156500000000000057e+02 6.483605541691401023e-10 1.170536527615625852e-09 1.310483322600436137e-09 3.813170049164624914e-09 5.720958345505369750e-09 1.296148482849464337e-08
2.328591000000000122e+02 6.393748370116677495e-10 1.133283828207105399e-09 1.407788339253070593e-09 3.588331444661058071e-09 5.516421055705851940e-09 1.223294407255377319e-08
2.514414999999999907e+02 5.248299748922868448e-10 9.904668507007098894e-10 1.126461904247652725e-09 3.088904707352804125e-09 4.744673912533089004e-09 1.061332695961584357e-08
2.715067999999999984e+02 4.831845329866898676e-10 9.510932456867244667e-10 1.044064175648082670e-09 2.866184114564106371e-09 4.403772150334046392e-09 9.678322137412274799e-09
2.931732999999999834e+02 4.910105362498187735e-10 9.101686837385988925e-10 1.120170509768784270e-09 2.618975918605757309e-09 4.079291197613113942e-09 8.940963761126313427e-09
3.165688999999999851e+02 4.613268655077868859e-10 7.551527697348274612e-10 9.301666340095319772e-10 2.215412365375783182e-09 3.433959974303811701e-09 7.552146484830967481e-09
3.418313999999999737e+02 4.459339993491784433e-10 7.470427893245911658e-10 9.300469115788861602e-10 2.070369090012428839e-09 3.186949637289971532e-09 7.089426142857112609e-09
3.691098999999999819e+02 4.042821583524014724e-10 6.559437119296641953e-10 7.795736408563580744e-10 1.770845865173473657e-09 2.706062329458274763e-09 6.028129785122535765e-09
3.985652999999999793e+02 3.676334334239525132e-10 6.014710703972456331e-10 6.925542670912757778e-10 1.683633087769989744e-09 2.473390260435179096e-09 5.342563139708729164e-09
4.303711000000000126e+02 3.303694970622780463e-10 5.602141987921251927e-10 6.690877534710288508e-10 1.515802963768990383e-09 2.257680801631883265e-09 4.812551661946278065e-09
4.647151000000000067e+02 3.281263015048948505e-10 5.224653536118894412e-10 5.951608023223129684e-10 1.308817381604936508e-09 1.943890313705926650e-09 4.166550591226600686e-09
5.017998999999999796e+02 2.952728292565406609e-10 4.808647583244009535e-10 5.295036669517041915e-10 1.198514349979114694e-09 1.753906940790602905e-09 3.707504313951623597e-09
5.418441000000000258e+02 2.835262423621744567e-10 4.466219626803864396e-10 5.166401292463703712e-10 1.115006706009850385e-09 1.620704125292581919e-09 3.396022790068155386e-09
5.850837999999999965e+02 2.884282686906653234e-10 4.474271266319206302e-10 5.024247397517182540e-10 1.011278144240298047e-09 1.465261027026760915e-09 2.971002055590002217e-09
6.317741999999999507e+02 2.465451273498860019e-10 3.825691592367301888e-10 4.615146774850994204e-10 9.078086283072708177e-10 1.319787109030605945e-09 2.719856883951780840e-09
6.821905000000000427e+02 2.394882724230825165e-10 3.850290955638093703e-10 4.348625311493716339e-10 8.695947503283623280e-10 1.235940905985356957e-09 2.411583109806354184e-09
7.366296999999999571e+02 2.177059722903874069e-10 3.491082116844314998e-10 3.913580826516932609e-10 7.974865943923229649e-10 1.096735960059349044e-09 2.111438322269572527e-09
7.954135999999999740e+02 2.147874647747022053e-10 3.347014798392525631e-10 3.730206557745875822e-10 7.572493104972530835e-10 1.053260868694471684e-09 1.944913994279921254e-09
8.588884000000000469e+02 1.940744042627866641e-10 3.156976487641600921e-10 3.552885727958225555e-10 6.943080684092717520e-10 9.600850427295195956e-10 1.756238372444653826e-09
9.274287000000000489e+02 1.969605612232719107e-10 3.080920727468524569e-10 3.479635266898920886e-10 6.704265147592258343e-10 9.099713786319751581e-10 1.591445803586571824e-09
1.001438499999999976e+03 1.850654168407015814e-10 2.891955658986777484e-10 3.237764903375935223e-10 6.023161788424623588e-10 8.198394887180126737e-10 1.459303913337475002e-09
1.081354399999999941e+03 1.686270137457924684e-10 2.748721166767534851e-10 3.066930377136957411e-10 5.727927077445238522e-10 7.704204451417164394e-10 1.329533204424800074e-09
1.167647200000000112e+03 1.572130664056904907e-10 2.482078216962102795e-10 2.780609288606713331e-10 5.362434579022640810e-10 7.063591539330880617e-10 1.194196785260243760e-09
1.260826800000000048e+03 1.522135735347165329e-10 2.364621228883975619e-10 2.747568498694134819e-10 5.199669669138474097e-10 6.762031336342933842e-10 1.127165794056822124e-09
1.361442099999999982e+03 1.416657669829442397e-10 2.326024516145166676e-10 2.586945507578436099e-10 4.890377781101110217e-10 6.470066798908692538e-10 1.034701611512728559e-09
1.470086700000000064e+03 1.318394871563308043e-10 2.151165296931907003e-10 2.471354046403355004e-10 4.695310208092630795e-10 6.014656419724568467e-10 9.794046116485922714e-10
1.587401299999999992e+03 1.299890002534871460e-10 2.098040669640479814e-10 2.388019698047705170e-10 4.384959677121040627e-10 5.783328573799263263e-10 9.249942526879903380e-10
1.714076900000000023e+03 1.175430824754617334e-10 1.887944486465570764e-10 2.211952087099765601e-10 4.125632050245287778e-10 5.385553349974072552e-10 8.512181687372393107e-10
1.850862200000000030e+03 1.126687446674314431e-10 1.864329399626271142e-10 2.120371979757944691e-10 3.919862150525207483e-10 5.209589408030703257e-10 8.117737290090874119e-10
1.998563000000000102e+03 9.870030092463984436e-11 1.706659814476717925e-10 1.964510792130966280e-10 3.733034133524313299e-10 4.859721945447249449e-10 7.561453245258728718e-10
2.158050600000000031e+03 9.634785202768217718e-11 1.642583521171869248e-10 1.848769817900563535e-10 3.553323541010078559e-10 4.666464161508400404e-10 7.096528102041041601e-10
2.330265400000000227e+03 8.492616286917273890e-11 1.450873577856804759e-10 1.696213076977701863e-10 3.309466943567210668e-10 4.336788383796242638e-10 6.660947544191430292e-10
2.516223199999999906e+03 7.722465428233477707e-11 1.363205001699062116e-10 1.611793630932042623e-10 3.152653047106415311e-10 4.145845696556174330e-10 6.346301853178392974e-10
2.717019400000000132e+03 6.968283741956732098e-11 1.272924979737629053e-10 1.478853231179992409e-10 2.994430190223700333e-10 3.915392019400859809e-10 6.035863901205803184e-10
2.933840499999999793e+03 6.388925040051325794e-11 1.164321264802678668e-10 1.347219892161641681e-10 2.788418275485591355e-10 3.663071559434061500e-10 5.614410630688337071e-10
3.167964300000000094e+03 5.699404791648698499e-11 1.069766368786966571e-10 1.226500602784617907e-10 2.601594365836792362e-10 3.462200331932768835e-10 5.318671069595717138e-10
3.420771400000000085e+03 5.238355410529255765e-11 9.905202863020912505e-11 1.157234916072833784e-10 2.419842024859276224e-10 3.256150986958441932e-10 5.078068660084706033e-10
3.693752700000000004e+03 4.599935461949668431e-11 8.784549814742750686e-11 1.012113833858202849e-10 2.249325434049844162e-10 3.053634536972221783e-10 4.732092350361917024e-10
3.988518300000000181e+03 3.937206924255277606e-11 8.003404416770915225e-11 9.469451186056032087e-11 2.115936425715336832e-10 2.871028604195148767e-10 4.547687210923886834e-10
4.306804600000000391e+03 3.793297296178341781e-11 7.367733400651811551e-11 8.959404378553849098e-11 1.960489070373144083e-10 2.671772502009075440e-10 4.253327841955365248e-10
4.650492400000000089e+03 3.381132626635808361e-11 6.454284722318726175e-11 7.910614423702985409e-11 1.793115852228089074e-10 2.497786771770394191e-10 3.989344777796747562e-10
5.021606799999999566e+03 2.830469186200213632e-11 5.801511635637743691e-11 6.953640786723620045e-11 1.668014917583645846e-10 2.316569312930813584e-10 3.724187862435010363e-10
5.422336599999999635e+03 2.401940354784232002e-11 5.092638496559364800e-11 6.181548854740059255e-11 1.509181673811190365e-10 2.114811810403785950e-10 3.478338414860681978e-10
5.855045100000000275e+03 2.328609097708618257e-11 4.550923640194115864e-11 5.725008230637841723e-11 1.366890957863858447e-10 1.950250285968639808e-10 3.264961472544505685e-10
6.322284300000000258e+03 1.979964659481539510e-11 4.032016064517543363e-11 5.028293164445906992e-11 1.249263800299617543e-10 1.778604537165534419e-10 3.030678343116954036e-10
6.826806499999999687e+03 1.556623138213294401e-11 3.555167184000527680e-11 4.240412583033129839e-11 1.131457621457007315e-10 1.630866663538879546e-10 2.813070712150332563e-10
7.371593300000000454e+03 1.344145334942931137e-11 3.035007600308151514e-11 3.772866062654478571e-11 1.012505940435140232e-10 1.473439168873861430e-10 2.599976578947804668e-10
7.959854599999999664e+03 1.195863811839650544e-11 2.683647300620945499e-11 3.303751565487281303e-11 9.045107514498038730e-11 1.348514464983926294e-10 2.388868702654922556e-10
8.595059900000000198e+03 1.090706202139427501e-11 2.309360724016055193e-11 2.831441155990400069e-11 8.135994543121405285e-11 1.212803364134912323e-10 2.208656085213048674e-10
9.280955200000000332e+03 8.479772137681479657e-12 1.931912775829294428e-11 2.494922982889403251e-11 7.106403609357970677e-11 1.089203964110662741e-10 2.025986680349381546e-10
1.002158580000000075e+04 6.680102412992885302e-12 1.646202211953370999e-11 2.092719578679087793e-11 6.325641131214099777e-11 9.671402948560122602e-11 1.855109320228887170e-10
1.082131459999999970e+04 6.062190765855414208e-12 1.435925720874195041e-11 1.766933269277475642e-11 5.495339373511442374e-11 8.611971044272593025e-11 1.686054680866726770e-10
1.168486759999999958e+04 5.813572535654340421e-12 1.241833823532863955e-11 1.526903116813445896e-11 4.789704633564724676e-11 7.717754318428164477e-11 1.525551485115346477e-10
1.261733300000000054e+04 4.872158227465430695e-12 1.021139852508403784e-11 1.281744900108099410e-11 4.204580761429982302e-11 6.716385015268132383e-11 1.367511122775376700e-10
1.362421019999999953e+04 3.383925054512014243e-12 9.007675168124340136e-12 1.073726175021344737e-11 3.637340992883850191e-11 5.935727309765714839e-11 1.245047747317056809e-10
1.471143740000000071e+04 3.441166631850621418e-12 7.312491890772217809e-12 9.219132906135093767e-12 3.120192181753914090e-11 5.085870807874139364e-11 1.103238751609660072e-10
1.588542649999999958e+04 2.564528092764155896e-12 6.231918069511154658e-12 7.772237241957665447e-12 2.696488006800739653e-11 4.506188508777546927e-11 9.945526355660878462e-11
1.715309340000000157e+04 2.132648408747875721e-12 5.193835233345203946e-12 6.633821404574173583e-12 2.254723111649267286e-11 3.836086036593542567e-11 8.714175197735238844e-11
1.852192940000000090e+04 1.785687302059283395e-12 4.407834238958353179e-12 5.165817693201099804e-12 1.943431515871374591e-11 3.310922245822628974e-11 7.650360888428135174e-11
2.000000000000000000e+04 1.580125892267299255e-12 3.695036262072928668e-12 4.502189833045860332e-12 1.643428468114897714e-11 2.833461724647932414e-11 6.796970428818382786e-11
