   10.0000  0.1858654E-07  0.2847847E-07  0.3195582E-07  0.5414160E-07  0.6734911E-07  0.9394101E-07
   10.6479  0.1811472E-07  0.2801993E-07  0.3151866E-07  0.5408361E-07  0.6762010E-07  0.9509355E-07
   11.3377  0.1761250E-07  0.2750586E-07  0.3101766E-07  0.5392163E-07  0.6777099E-07  0.9611371E-07
   12.0722  0.1708940E-07  0.2694520E-07  0.3046139E-07  0.5366037E-07  0.6780401E-07  0.9699893E-07
   12.8543  0.1654512E-07  0.2633685E-07  0.2984830E-07  0.5329414E-07  0.6771078E-07  0.9773560E-07
   13.6871  0.1597933E-07  0.2568003E-07  0.2917729E-07  0.5281789E-07  0.6748353E-07  0.9831043E-07
   14.5738  0.1539424E-07  0.2497695E-07  0.2845032E-07  0.5222987E-07  0.6711777E-07  0.9871316E-07
   15.5180  0.1479168E-07  0.2422959E-07  0.2766917E-07  0.5152825E-07  0.6660888E-07  0.9893308E-07
   16.5234  0.1417907E-07  0.2344615E-07  0.2684208E-07  0.5071817E-07  0.6595927E-07  0.9896632E-07
   17.5939  0.1356519E-07  0.2263668E-07  0.2597926E-07  0.4980723E-07  0.6517390E-07  0.9881140E-07
   18.7337  0.1294898E-07  0.2180136E-07  0.2508110E-07  0.4879333E-07  0.6424792E-07  0.9845680E-07
   19.9474  0.1232825E-07  0.2093946E-07  0.2414725E-07  0.4767435E-07  0.6317663E-07  0.9789089E-07
   21.2397  0.1171083E-07  0.2006112E-07  0.2318845E-07  0.4646071E-07  0.6196819E-07  0.9711489E-07
   22.6157  0.1110340E-07  0.1917536E-07  0.2221439E-07  0.4516264E-07  0.6063091E-07  0.9613004E-07
   24.0809  0.1050697E-07  0.1828564E-07  0.2122922E-07  0.4378562E-07  0.5916878E-07  0.9493329E-07
   25.6410  0.9921885E-08  0.1739497E-07  0.2023678E-07  0.4233557E-07  0.5758680E-07  0.9352299E-07
   27.3022  0.9351678E-08  0.1650993E-07  0.1924466E-07  0.4082319E-07  0.5589540E-07  0.9190347E-07
   29.0710  0.8799612E-08  0.1563691E-07  0.1826034E-07  0.3925997E-07  0.5410642E-07  0.9008124E-07
   30.9544  0.8266670E-08  0.1477992E-07  0.1728896E-07  0.3765596E-07  0.5223081E-07  0.8806302E-07
   32.9598  0.7753840E-08  0.1394299E-07  0.1633576E-07  0.3602238E-07  0.5028128E-07  0.8585865E-07
   35.0951  0.7261834E-08  0.1312965E-07  0.1540544E-07  0.3437078E-07  0.4827153E-07  0.8348025E-07
   37.3688  0.6791392E-08  0.1234322E-07  0.1450247E-07  0.3271333E-07  0.4621664E-07  0.8094246E-07
   39.7897  0.6342628E-08  0.1158604E-07  0.1363028E-07  0.3106177E-07  0.4413205E-07  0.7826162E-07
   42.3676  0.5915035E-08  0.1085933E-07  0.1279103E-07  0.2942694E-07  0.4203311E-07  0.7545553E-07
   45.1124  0.5508484E-08  0.1016430E-07  0.1198673E-07  0.2781966E-07  0.3993585E-07  0.7254473E-07
   48.0350  0.5122232E-08  0.9500987E-08  0.1121798E-07  0.2624910E-07  0.3785520E-07  0.6955078E-07
   51.1470  0.4755529E-08  0.8868930E-08  0.1048474E-07  0.2472317E-07  0.3580529E-07  0.6649667E-07
   54.4606  0.4408003E-08  0.8267682E-08  0.9786753E-08  0.2324874E-07  0.3379941E-07  0.6340675E-07
   57.9889  0.4078820E-08  0.7695905E-08  0.9122655E-08  0.2183031E-07  0.3184843E-07  0.6030496E-07
   61.7458  0.3767378E-08  0.7152255E-08  0.8490919E-08  0.2047081E-07  0.2996132E-07  0.5721505E-07
   65.7461  0.3473450E-08  0.6635674E-08  0.7890184E-08  0.1917179E-07  0.2814509E-07  0.5416014E-07
   70.0055  0.3196665E-08  0.6144922E-08  0.7318815E-08  0.1793292E-07  0.2640399E-07  0.5116124E-07
   74.5409  0.2936751E-08  0.5678965E-08  0.6775351E-08  0.1675254E-07  0.2473988E-07  0.4823685E-07
   79.3701  0.2693667E-08  0.5237249E-08  0.6258850E-08  0.1562822E-07  0.2315265E-07  0.4540269E-07
   84.5121  0.2467275E-08  0.4819415E-08  0.5768641E-08  0.1455681E-07  0.2164020E-07  0.4267081E-07
   89.9873  0.2257390E-08  0.4425397E-08  0.5304479E-08  0.1353492E-07  0.2019897E-07  0.4004940E-07
   95.8172  0.2063785E-08  0.4055442E-08  0.4866602E-08  0.1255949E-07  0.1882462E-07  0.3754290E-07
  102.0248  0.1886027E-08  0.3709873E-08  0.4455502E-08  0.1162795E-07  0.1751244E-07  0.3515203E-07
  108.6346  0.1723510E-08  0.3389004E-08  0.4071839E-08  0.1073864E-07  0.1625800E-07  0.3287426E-07
  115.6726  0.1575420E-08  0.3092943E-08  0.3716193E-08  0.9890954E-08  0.1505773E-07  0.3070450E-07
  123.1666  0.1440808E-08  0.2821485E-08  0.3388879E-08  0.9085497E-08  0.1390945E-07  0.2863593E-07
  131.1461  0.1318581E-08  0.2573896E-08  0.3089623E-08  0.8323827E-08  0.1281255E-07  0.2666081E-07
  139.6425  0.1207646E-08  0.2348958E-08  0.2817486E-08  0.7608237E-08  0.1176818E-07  0.2477157E-07
  148.6894  0.1106943E-08  0.2144961E-08  0.2570776E-08  0.6941135E-08  0.1077897E-07  0.2296164E-07
  158.3224  0.1015526E-08  0.1959909E-08  0.2347218E-08  0.6324384E-08  0.9848476E-08  0.2122633E-07
  168.5794  0.9325990E-09  0.1791771E-08  0.2144274E-08  0.5758664E-08  0.8980354E-08  0.1956352E-07
  179.5010  0.8574887E-09  0.1638717E-08  0.1959502E-08  0.5242976E-08  0.8177369E-08  0.1797398E-07
  191.1302  0.7896184E-09  0.1499322E-08  0.1790935E-08  0.4774582E-08  0.7440536E-08  0.1646144E-07
  203.5127  0.7284360E-09  0.1372570E-08  0.1637215E-08  0.4349364E-08  0.6768589E-08  0.1503201E-07
  216.6975  0.6733870E-09  0.1257752E-08  0.1497533E-08  0.3962600E-08  0.6158010E-08  0.1369299E-07
  230.7364  0.6238931E-09  0.1154234E-08  0.1371322E-08  0.3609829E-08  0.5603576E-08  0.1245124E-07
  245.6849  0.5793797E-09  0.1061263E-08  0.1257909E-08  0.3287564E-08  0.5099357E-08  0.1131125E-07
  261.6018  0.5393076E-09  0.9778742E-09  0.1156276E-08  0.2993512E-08  0.4639753E-08  0.1027342E-07
  278.5500  0.5032032E-09  0.9029982E-09  0.1065133E-08  0.2726211E-08  0.4220174E-08  0.9333363E-08
  296.5961  0.4706545E-09  0.8356361E-09  0.9831826E-09  0.2484414E-08  0.3837265E-08  0.8482342E-08
  315.8114  0.4412967E-09  0.7749792E-09  0.9093652E-09  0.2266602E-08  0.3488716E-08  0.7709140E-08
  336.2715  0.4147895E-09  0.7204043E-09  0.8429183E-09  0.2070838E-08  0.3172795E-08  0.7002724E-08
  358.0572  0.3908114E-09  0.6713806E-09  0.7832586E-09  0.1894961E-08  0.2887827E-08  0.6354639E-08
  381.2543  0.3690634E-09  0.6273576E-09  0.7297805E-09  0.1736926E-08  0.2631831E-08  0.5760208E-08
  405.9543  0.3492802E-09  0.5877493E-09  0.6817784E-09  0.1594989E-08  0.2402348E-08  0.5217969E-08
  432.2544  0.3312298E-09  0.5520162E-09  0.6385592E-09  0.1467627E-08  0.2196591E-08  0.4727454E-08
  460.2585  0.3147029E-09  0.5197234E-09  0.5995749E-09  0.1353418E-08  0.2011836E-08  0.4286822E-08
  490.0766  0.2995076E-09  0.4905070E-09  0.5644016E-09  0.1251041E-08  0.1845815E-08  0.3892069E-08
  521.8267  0.2854689E-09  0.4640100E-09  0.5326272E-09  0.1159309E-08  0.1696811E-08  0.3537867E-08
  555.6338  0.2724354E-09  0.4398827E-09  0.5038216E-09  0.1077140E-08  0.1563439E-08  0.3219129E-08
  591.6312  0.2602745E-09  0.4178133E-09  0.4775875E-09  0.1003499E-08  0.1444274E-08  0.2932190E-08
  629.9606  0.2488703E-09  0.3975435E-09  0.4536003E-09  0.9374198E-09  0.1337728E-08  0.2674753E-08
  670.7730  0.2381194E-09  0.3788505E-09  0.4315897E-09  0.8780401E-09  0.1242278E-08  0.2444694E-08
  714.2297  0.2279309E-09  0.3615315E-09  0.4113096E-09  0.8245913E-09  0.1156694E-08  0.2239250E-08
  760.5019  0.2182258E-09  0.3454026E-09  0.3925325E-09  0.7763708E-09  0.1079974E-08  0.2055470E-08
  809.7718  0.2089363E-09  0.3303014E-09  0.3750555E-09  0.7327393E-09  0.1011149E-08  0.1890994E-08
  862.2337  0.2000032E-09  0.3160847E-09  0.3586998E-09  0.6931316E-09  0.9492421E-09  0.1744042E-08
  918.0944  0.1913779E-09  0.3026290E-09  0.3433106E-09  0.6570561E-09  0.8933765E-09  0.1612916E-08
  977.5737  0.1830180E-09  0.2898249E-09  0.3287499E-09  0.6240738E-09  0.8428226E-09  0.1495799E-08
 1040.9069  0.1748900E-09  0.2775796E-09  0.3148995E-09  0.5937897E-09  0.7969569E-09  0.1390961E-08
 1108.3431  0.1669660E-09  0.2658128E-09  0.3016564E-09  0.5658493E-09  0.7552081E-09  0.1296935E-08
 1180.1483  0.1592243E-09  0.2544567E-09  0.2889332E-09  0.5399385E-09  0.7170519E-09  0.1212480E-08
 1256.6054  0.1516487E-09  0.2434547E-09  0.2766557E-09  0.5157816E-09  0.6820206E-09  0.1136490E-08
 1338.0159  0.1442272E-09  0.2327594E-09  0.2647608E-09  0.4931362E-09  0.6497022E-09  0.1067964E-08
 1424.7001  0.1369522E-09  0.2223327E-09  0.2531969E-09  0.4717908E-09  0.6197336E-09  0.1005996E-08
 1517.0008  0.1298205E-09  0.2121448E-09  0.2419224E-09  0.4515620E-09  0.5917947E-09  0.9497786E-09
 1615.2813  0.1228301E-09  0.2021714E-09  0.2309027E-09  0.4322897E-09  0.5656039E-09  0.8985869E-09
 1719.9290  0.1159847E-09  0.1923977E-09  0.2201139E-09  0.4138395E-09  0.5409192E-09  0.8517783E-09
 1831.3564  0.1092872E-09  0.1828108E-09  0.2095358E-09  0.3960935E-09  0.5175271E-09  0.8087810E-09
 1950.0027  0.1027451E-09  0.1734064E-09  0.1991577E-09  0.3789552E-09  0.4952469E-09  0.7690955E-09
 2076.3349  0.9636533E-10  0.1641817E-09  0.1889716E-09  0.3623420E-09  0.4739208E-09  0.7322812E-09
 2210.8525  0.9015737E-10  0.1551397E-09  0.1789763E-09  0.3461877E-09  0.4534165E-09  0.6979545E-09
 2354.0849  0.8413043E-10  0.1462852E-09  0.1691735E-09  0.3304382E-09  0.4336215E-09  0.6657799E-09
 2506.5967  0.7829479E-10  0.1376265E-09  0.1595691E-09  0.3150518E-09  0.4144433E-09  0.6354668E-09
 2668.9892  0.7266048E-10  0.1291737E-09  0.1501718E-09  0.2999969E-09  0.3958055E-09  0.6067643E-09
 2841.9025  0.6723715E-10  0.1209385E-09  0.1409925E-09  0.2852512E-09  0.3776470E-09  0.5794564E-09
 3026.0170  0.6203431E-10  0.1129341E-09  0.1320444E-09  0.2708010E-09  0.3599206E-09  0.5533601E-09
 3222.0606  0.5705991E-10  0.1051736E-09  0.1233412E-09  0.2566386E-09  0.3425901E-09  0.5283193E-09
 3430.8052  0.5232163E-10  0.9767115E-10  0.1148982E-09  0.2427640E-09  0.3256306E-09  0.5042046E-09
 3653.0735  0.4782507E-10  0.9043987E-10  0.1067304E-09  0.2291809E-09  0.3090257E-09  0.4809078E-09
 3889.7417  0.4357504E-10  0.8349300E-10  0.9885302E-10  0.2158987E-09  0.2927678E-09  0.4583415E-09
 4141.7427  0.3957416E-10  0.7684215E-10  0.9128032E-10  0.2029294E-09  0.2768553E-09  0.4364353E-09
 4410.0682  0.3582381E-10  0.7049812E-10  0.8402595E-10  0.1902885E-09  0.2612933E-09  0.4151344E-09
 4695.7790  0.3232322E-10  0.6446961E-10  0.7710170E-10  0.1779929E-09  0.2460908E-09  0.3943971E-09
 5000.0000  0.2907013E-10  0.5876378E-10  0.7051795E-10  0.1660612E-09  0.2312612E-09  0.3741936E-09
