   10.0000  0.1858654E-07  0.2847847E-07  0.3195582E-07  0.5414160E-07  0.6734911E-07  0.9394101E-07
   10.5498  0.1818649E-07  0.2809130E-07  0.3158740E-07  0.5409888E-07  0.6758782E-07  0.9493195E-07
   11.1298  0.1776307E-07  0.2766257E-07  0.3117140E-07  0.5397980E-07  0.6773872E-07  0.9582665E-07
   11.7416  0.1732314E-07  0.2719878E-07  0.3071412E-07  0.5378830E-07  0.6780424E-07  0.9662464E-07
   12.3871  0.1686882E-07  0.2670159E-07  0.3021696E-07  0.5352327E-07  0.6778163E-07  0.9732001E-07
   13.0681  0.1639847E-07  0.2616889E-07  0.2967754E-07  0.5317977E-07  0.6766428E-07  0.9790280E-07
   13.7866  0.1591277E-07  0.2560124E-07  0.2909624E-07  0.5275579E-07  0.6744848E-07  0.9836585E-07
   14.5445  0.1541330E-07  0.2500022E-07  0.2847450E-07  0.5225050E-07  0.6713171E-07  0.9870303E-07
   15.3441  0.1490096E-07  0.2436682E-07  0.2781320E-07  0.5166253E-07  0.6671086E-07  0.9890742E-07
   16.1877  0.1437972E-07  0.2370543E-07  0.2711671E-07  0.5099428E-07  0.6618662E-07  0.9897584E-07
   17.0776  0.1385652E-07  0.2302381E-07  0.2639290E-07  0.5025198E-07  0.6556361E-07  0.9890897E-07
   18.0165  0.1333269E-07  0.2232402E-07  0.2564394E-07  0.4943621E-07  0.6484070E-07  0.9870159E-07
   19.0070  0.1280603E-07  0.2160465E-07  0.2486859E-07  0.4854429E-07  0.6401355E-07  0.9834513E-07
   20.0519  0.1227659E-07  0.2086679E-07  0.2406820E-07  0.4757674E-07  0.6308111E-07  0.9783425E-07
   21.1543  0.1175022E-07  0.2011779E-07  0.2325054E-07  0.4654123E-07  0.6204970E-07  0.9717097E-07
   22.3173  0.1123095E-07  0.1936313E-07  0.2242148E-07  0.4544400E-07  0.6092435E-07  0.9635593E-07
   23.5442  0.1071998E-07  0.1860553E-07  0.2158417E-07  0.4428897E-07  0.5970804E-07  0.9538771E-07
   24.8386  0.1021664E-07  0.1784585E-07  0.2073994E-07  0.4307856E-07  0.5840249E-07  0.9426382E-07
   26.2041  0.9722675E-08  0.1708770E-07  0.1989300E-07  0.4181866E-07  0.5701327E-07  0.9298591E-07
   27.6447  0.9240490E-08  0.1633538E-07  0.1904830E-07  0.4051638E-07  0.5554745E-07  0.9155743E-07
   29.1645  0.8771888E-08  0.1559265E-07  0.1821030E-07  0.3917881E-07  0.5401247E-07  0.8998268E-07
   30.7679  0.8317125E-08  0.1486162E-07  0.1738178E-07  0.3781186E-07  0.5241481E-07  0.8826560E-07
   32.4594  0.7877015E-08  0.1414501E-07  0.1656623E-07  0.3642273E-07  0.5076261E-07  0.8641255E-07
   34.2439  0.7451648E-08  0.1344464E-07  0.1576619E-07  0.3501805E-07  0.4906375E-07  0.8443027E-07
   36.1265  0.7042134E-08  0.1276335E-07  0.1498524E-07  0.3360610E-07  0.4732815E-07  0.8232824E-07
   38.1126  0.6648182E-08  0.1210228E-07  0.1422521E-07  0.3219365E-07  0.4556464E-07  0.8011540E-07
   40.2079  0.6269979E-08  0.1146289E-07  0.1348820E-07  0.3078810E-07  0.4378313E-07  0.7780254E-07
   42.4183  0.5907082E-08  0.1084577E-07  0.1277535E-07  0.2939598E-07  0.4199303E-07  0.7540090E-07
   44.7503  0.5559552E-08  0.1025178E-07  0.1208802E-07  0.2802415E-07  0.4020448E-07  0.7292353E-07
   47.2106  0.5226723E-08  0.9680720E-08  0.1142638E-07  0.2667804E-07  0.3842648E-07  0.7038344E-07
   49.8060  0.4908397E-08  0.9132678E-08  0.1079078E-07  0.2536311E-07  0.3666829E-07  0.6779513E-07
   52.5442  0.4604117E-08  0.8607202E-08  0.1018094E-07  0.2408367E-07  0.3493818E-07  0.6517323E-07
   55.4329  0.4313332E-08  0.8103524E-08  0.9596128E-08  0.2284302E-07  0.3324342E-07  0.6253252E-07
   58.4804  0.4035938E-08  0.7621221E-08  0.9035888E-08  0.2164409E-07  0.3159086E-07  0.5988837E-07
   61.6954  0.3771315E-08  0.7159148E-08  0.8498932E-08  0.2048811E-07  0.2998542E-07  0.5725506E-07
   65.0872  0.3519471E-08  0.6716816E-08  0.7984581E-08  0.1937617E-07  0.2843155E-07  0.5464708E-07
   68.6654  0.3280050E-08  0.6293307E-08  0.7491668E-08  0.1830799E-07  0.2693186E-07  0.5207740E-07
   72.4404  0.3052986E-08  0.5888070E-08  0.7019386E-08  0.1728285E-07  0.2548798E-07  0.4955806E-07
   76.4229  0.2838186E-08  0.5500630E-08  0.6567002E-08  0.1629938E-07  0.2410026E-07  0.4709949E-07
   80.6244  0.2635544E-08  0.5130631E-08  0.6133936E-08  0.1535575E-07  0.2276795E-07  0.4471032E-07
   85.0568  0.2445034E-08  0.4777987E-08  0.5719933E-08  0.1444999E-07  0.2148949E-07  0.4239734E-07
   89.7329  0.2266504E-08  0.4442652E-08  0.5324851E-08  0.1357999E-07  0.2026250E-07  0.4016517E-07
   94.6661  0.2099819E-08  0.4124795E-08  0.4948855E-08  0.1274383E-07  0.1908427E-07  0.3801650E-07
   99.8705  0.1944720E-08  0.3824607E-08  0.4592229E-08  0.1193987E-07  0.1795187E-07  0.3595201E-07
  105.3610  0.1800866E-08  0.3542303E-08  0.4255376E-08  0.1116690E-07  0.1686247E-07  0.3397063E-07
  111.1534  0.1667809E-08  0.3278023E-08  0.3938702E-08  0.1042428E-07  0.1581360E-07  0.3206981E-07
  117.2642  0.1545004E-08  0.3031771E-08  0.3642526E-08  0.9711977E-08  0.1480338E-07  0.3024583E-07
  123.7110  0.1431828E-08  0.2803320E-08  0.3366944E-08  0.9030530E-08  0.1383071E-07  0.2849421E-07
  130.5121  0.1327599E-08  0.2592181E-08  0.3111738E-08  0.8381008E-08  0.1289537E-07  0.2681011E-07
  137.6872  0.1231640E-08  0.2397597E-08  0.2876333E-08  0.7764844E-08  0.1199809E-07  0.2518884E-07
  145.2567  0.1143280E-08  0.2218539E-08  0.2659734E-08  0.7183543E-08  0.1114037E-07  0.2362615E-07
  153.2424  0.1061912E-08  0.2053809E-08  0.2460625E-08  0.6638434E-08  0.1032432E-07  0.2211874E-07
  161.6672  0.9870021E-09  0.1902132E-08  0.2277469E-08  0.6130323E-08  0.9552266E-08  0.2066452E-07
  170.5550  0.9180847E-09  0.1762270E-08  0.2108671E-08  0.5659226E-08  0.8826333E-08  0.1926288E-07
  179.9315  0.8547690E-09  0.1633154E-08  0.1952782E-08  0.5224254E-08  0.8148034E-08  0.1791481E-07
  189.8235  0.7967001E-09  0.1513924E-08  0.1808614E-08  0.4823584E-08  0.7517855E-08  0.1662281E-07
  200.2593  0.7435352E-09  0.1403946E-08  0.1675314E-08  0.4454668E-08  0.6935063E-08  0.1539065E-07
  211.2688  0.6949341E-09  0.1302760E-08  0.1552335E-08  0.4114587E-08  0.6397701E-08  0.1422281E-07
  222.8836  0.6505419E-09  0.1209978E-08  0.1439308E-08  0.3800451E-08  0.5902810E-08  0.1312382E-07
  235.1370  0.6099982E-09  0.1125185E-08  0.1335882E-08  0.3509759E-08  0.5446815E-08  0.1209734E-07
  248.0640  0.5729522E-09  0.1047866E-08  0.1241571E-08  0.3240633E-08  0.5026031E-08  0.1114534E-07
  261.7016  0.5390768E-09  0.9773947E-09  0.1155692E-08  0.2991808E-08  0.4637087E-08  0.1026742E-07
  276.0890  0.5080826E-09  0.9131061E-09  0.1077431E-08  0.2762422E-08  0.4277200E-08  0.9460616E-08
  291.2673  0.4797118E-09  0.8543709E-09  0.1005975E-08  0.2551710E-08  0.3944239E-08  0.8719620E-08
  307.2802  0.4537340E-09  0.8006599E-09  0.9406233E-09  0.2358789E-08  0.3636665E-08  0.8037628E-08
  324.1733  0.4299342E-09  0.7515516E-09  0.8808427E-09  0.2182548E-08  0.3353324E-08  0.7407504E-08
  341.9952  0.4081069E-09  0.7066996E-09  0.8262338E-09  0.2021685E-08  0.3093208E-08  0.6823006E-08
  360.7968  0.3880575E-09  0.6657801E-09  0.7764488E-09  0.1874858E-08  0.2855243E-08  0.6279653E-08
  380.6321  0.3696033E-09  0.6284445E-09  0.7310994E-09  0.1740827E-08  0.2638144E-08  0.5775011E-08
  401.5579  0.3525814E-09  0.5943281E-09  0.6897440E-09  0.1618524E-08  0.2440374E-08  0.5308298E-08
  423.6341  0.3368466E-09  0.5630895E-09  0.6519441E-09  0.1506998E-08  0.2260206E-08  0.4879292E-08
  446.9240  0.3222659E-09  0.5344429E-09  0.6173340E-09  0.1405357E-08  0.2095908E-08  0.4487187E-08
  471.4943  0.3087172E-09  0.5081534E-09  0.5856317E-09  0.1312751E-08  0.1945937E-08  0.4130001E-08
  497.4152  0.2960851E-09  0.4840008E-09  0.5565870E-09  0.1228401E-08  0.1809051E-08  0.3804743E-08
  524.7613  0.2842658E-09  0.4617632E-09  0.5299394E-09  0.1151596E-08  0.1684280E-08  0.3508017E-08
  553.6108  0.2731677E-09  0.4412256E-09  0.5054216E-09  0.1081672E-08  0.1570785E-08  0.3236753E-08
  584.0463  0.2627088E-09  0.4221949E-09  0.4827867E-09  0.1017988E-08  0.1467685E-08  0.2988698E-08
  616.1551  0.2528162E-09  0.4045076E-09  0.4618287E-09  0.9599382E-09  0.1373998E-08  0.2762379E-08
  650.0291  0.2434237E-09  0.3880209E-09  0.4423731E-09  0.9069678E-09  0.1288742E-08  0.2556557E-08
  685.7651  0.2344720E-09  0.3726052E-09  0.4242634E-09  0.8585803E-09  0.1211071E-08  0.2369702E-08
  723.4660  0.2259074E-09  0.3581388E-09  0.4073509E-09  0.8143176E-09  0.1140300E-08  0.2199958E-08
  763.2396  0.2176834E-09  0.3445119E-09  0.3914988E-09  0.7737551E-09  0.1075830E-08  0.2045553E-08
  805.1998  0.2097588E-09  0.3316252E-09  0.3765834E-09  0.7365019E-09  0.1017058E-08  0.1905086E-08
  849.4668  0.2020964E-09  0.3193898E-09  0.3624935E-09  0.7022066E-09  0.9633760E-09  0.1777464E-08
  896.1674  0.1946658E-09  0.3077278E-09  0.3491315E-09  0.6705589E-09  0.9142236E-09  0.1661651E-08
  945.4352  0.1874390E-09  0.2965683E-09  0.3364083E-09  0.6412776E-09  0.8691222E-09  0.1556533E-08
  997.4118  0.1803929E-09  0.2858492E-09  0.3242452E-09  0.6141059E-09  0.8276619E-09  0.1460986E-08
 1052.2459  0.1735084E-09  0.2755165E-09  0.3125730E-09  0.5888093E-09  0.7894725E-09  0.1373998E-08
 1110.0947  0.1667691E-09  0.2655223E-09  0.3013303E-09  0.5651738E-09  0.7542063E-09  0.1294698E-08
 1171.1237  0.1601618E-09  0.2558253E-09  0.2904638E-09  0.5430077E-09  0.7215413E-09  0.1222332E-08
 1235.5079  0.1536764E-09  0.2463902E-09  0.2799271E-09  0.5221389E-09  0.6911860E-09  0.1156212E-08
 1303.4312  0.1473052E-09  0.2371867E-09  0.2696802E-09  0.5024139E-09  0.6628793E-09  0.1095704E-08
 1375.0892  0.1410419E-09  0.2281886E-09  0.2596879E-09  0.4836942E-09  0.6363851E-09  0.1040227E-08
 1450.6867  0.1348842E-09  0.2193758E-09  0.2499225E-09  0.4658590E-09  0.6114937E-09  0.9892523E-09
 1530.4402  0.1288297E-09  0.2107309E-09  0.2403593E-09  0.4487996E-09  0.5880151E-09  0.9422979E-09
 1614.5784  0.1228781E-09  0.2022399E-09  0.2309783E-09  0.4324204E-09  0.5657801E-09  0.8989261E-09
 1703.3421  0.1170319E-09  0.1938941E-09  0.2217652E-09  0.4166391E-09  0.5446405E-09  0.8587421E-09
 1796.9852  0.1112927E-09  0.1856850E-09  0.2127071E-09  0.4013815E-09  0.5244625E-09  0.8213881E-09
 1895.7770  0.1056646E-09  0.1776091E-09  0.2037960E-09  0.3865852E-09  0.5051296E-09  0.7865445E-09
 2000.0000  0.1001522E-09  0.1696645E-09  0.1950268E-09  0.3721961E-09  0.4865394E-09  0.7539257E-09
