   10.0000  0.1859028E-07  0.2848335E-07  0.3196106E-07  0.5414831E-07  0.6735640E-07  0.9394895E-07
   10.5931  0.1815860E-07  0.2806487E-07  0.3156253E-07  0.5409942E-07  0.6761009E-07  0.9501222E-07
   11.2213  0.1770049E-07  0.2759883E-07  0.3110947E-07  0.5396244E-07  0.6776230E-07  0.9596399E-07
   11.8868  0.1722405E-07  0.2709290E-07  0.3060927E-07  0.5374180E-07  0.6781556E-07  0.9680314E-07
   12.5917  0.1673039E-07  0.2654755E-07  0.3006205E-07  0.5343447E-07  0.6776477E-07  0.9752059E-07
   13.3385  0.1621826E-07  0.2596110E-07  0.2946584E-07  0.5303531E-07  0.6760271E-07  0.9810491E-07
   14.1296  0.1568898E-07  0.2533475E-07  0.2882163E-07  0.5254244E-07  0.6732537E-07  0.9854770E-07
   14.9675  0.1514422E-07  0.2467024E-07  0.2813100E-07  0.5195456E-07  0.6692932E-07  0.9884096E-07
   15.8552  0.1458629E-07  0.2397012E-07  0.2739640E-07  0.5127145E-07  0.6641218E-07  0.9897746E-07
   16.7955  0.1402328E-07  0.2324337E-07  0.2662690E-07  0.5050001E-07  0.6577879E-07  0.9895721E-07
   17.7916  0.1345969E-07  0.2249543E-07  0.2582807E-07  0.4964378E-07  0.6503061E-07  0.9877662E-07
   18.8467  0.1289354E-07  0.2172531E-07  0.2499910E-07  0.4870009E-07  0.6416286E-07  0.9842569E-07
   19.9644  0.1232369E-07  0.2093305E-07  0.2414036E-07  0.4766803E-07  0.6317264E-07  0.9789618E-07
   21.1485  0.1175681E-07  0.2012715E-07  0.2326081E-07  0.4655641E-07  0.6206703E-07  0.9718979E-07
   22.4027  0.1119811E-07  0.1931463E-07  0.2236801E-07  0.4537318E-07  0.6085247E-07  0.9630746E-07
   23.7313  0.1064892E-07  0.1849870E-07  0.2146568E-07  0.4412306E-07  0.5953248E-07  0.9524728E-07
   25.1387  0.1010878E-07  0.1768089E-07  0.2055596E-07  0.4280962E-07  0.5810984E-07  0.9400675E-07
   26.6296  0.9580134E-08  0.1686597E-07  0.1964438E-07  0.4144064E-07  0.5659198E-07  0.9258844E-07
   28.2089  0.9065813E-08  0.1605916E-07  0.1873698E-07  0.4002497E-07  0.5498785E-07  0.9099693E-07
   29.8818  0.8567630E-08  0.1526470E-07  0.1783887E-07  0.3857127E-07  0.5330664E-07  0.8923772E-07
   31.6540  0.8085690E-08  0.1448498E-07  0.1695334E-07  0.3708697E-07  0.5155668E-07  0.8731634E-07
   33.5313  0.7620805E-08  0.1372313E-07  0.1608444E-07  0.3558101E-07  0.4974828E-07  0.8524129E-07
   35.5199  0.7173931E-08  0.1298228E-07  0.1523622E-07  0.3406301E-07  0.4789291E-07  0.8302318E-07
   37.6264  0.6745115E-08  0.1226436E-07  0.1441149E-07  0.3254182E-07  0.4600176E-07  0.8067308E-07
   39.8579  0.6334590E-08  0.1157129E-07  0.1361299E-07  0.3102668E-07  0.4408708E-07  0.7820409E-07
   42.2217  0.5941869E-08  0.1090391E-07  0.1284227E-07  0.2952588E-07  0.4216065E-07  0.7562999E-07
   44.7257  0.5566948E-08  0.1026325E-07  0.1210100E-07  0.2804789E-07  0.4023497E-07  0.7296675E-07
   47.3782  0.5209100E-08  0.9649194E-08  0.1138951E-07  0.2659969E-07  0.3832145E-07  0.7023073E-07
   50.1880  0.4867957E-08  0.9061709E-08  0.1070812E-07  0.2518788E-07  0.3643145E-07  0.6743985E-07
   53.1645  0.4543125E-08  0.8500401E-08  0.1005663E-07  0.2381796E-07  0.3457541E-07  0.6461264E-07
   56.3174  0.4233766E-08  0.7964102E-08  0.9433876E-08  0.2249363E-07  0.3276199E-07  0.6176736E-07
   59.6574  0.3939785E-08  0.7452273E-08  0.8839264E-08  0.2121828E-07  0.3099939E-07  0.5892315E-07
   63.1954  0.3660633E-08  0.6963714E-08  0.8271387E-08  0.1999332E-07  0.2929352E-07  0.5609790E-07
   66.9433  0.3395998E-08  0.6497428E-08  0.7728973E-08  0.1881923E-07  0.2764880E-07  0.5330873E-07
   70.9134  0.3145820E-08  0.6052727E-08  0.7211023E-08  0.1769563E-07  0.2606816E-07  0.5057162E-07
   75.1190  0.2909819E-08  0.5628767E-08  0.6716364E-08  0.1662092E-07  0.2455250E-07  0.4790022E-07
   79.5740  0.2687966E-08  0.5225152E-08  0.6244302E-08  0.1559312E-07  0.2310146E-07  0.4530626E-07
   84.2932  0.2480187E-08  0.4841665E-08  0.5794391E-08  0.1460979E-07  0.2171334E-07  0.4279887E-07
   89.2923  0.2286311E-08  0.4478224E-08  0.5366406E-08  0.1366829E-07  0.2038536E-07  0.4038434E-07
   94.5879  0.2106186E-08  0.4135024E-08  0.4960523E-08  0.1276621E-07  0.1911420E-07  0.3806637E-07
  100.1975  0.1939494E-08  0.3812299E-08  0.4577086E-08  0.1190149E-07  0.1789620E-07  0.3584594E-07
  106.1399  0.1785800E-08  0.3510307E-08  0.4216589E-08  0.1107262E-07  0.1672785E-07  0.3372167E-07
  112.4346  0.1644543E-08  0.3229222E-08  0.3879546E-08  0.1027890E-07  0.1560614E-07  0.3169022E-07
  119.1026  0.1515013E-08  0.2968987E-08  0.3566295E-08  0.9520383E-08  0.1452888E-07  0.2974675E-07
  126.1661  0.1396418E-08  0.2729250E-08  0.3276878E-08  0.8797948E-08  0.1349496E-07  0.2788553E-07
  133.6485  0.1287904E-08  0.2509287E-08  0.3010878E-08  0.8113091E-08  0.1250452E-07  0.2610053E-07
  141.5747  0.1188621E-08  0.2308006E-08  0.2767359E-08  0.7467668E-08  0.1155885E-07  0.2438606E-07
  149.9709  0.1097772E-08  0.2124015E-08  0.2544881E-08  0.6863501E-08  0.1066026E-07  0.2273736E-07
  158.8651  0.1014643E-08  0.1955743E-08  0.2341619E-08  0.6301907E-08  0.9811550E-08  0.2115110E-07
  168.2867  0.9386306E-09  0.1801628E-08  0.2155603E-08  0.5783316E-08  0.9015553E-08  0.1962584E-07
  178.2671  0.8692148E-09  0.1660251E-08  0.1984941E-08  0.5306929E-08  0.8274392E-08  0.1816222E-07
  188.8395  0.8059482E-09  0.1530487E-08  0.1828079E-08  0.4870716E-08  0.7588975E-08  0.1676299E-07
  200.0388  0.7484026E-09  0.1411509E-08  0.1683894E-08  0.4471607E-08  0.6958600E-08  0.1543262E-07
  211.9023  0.6961540E-09  0.1302730E-08  0.1551684E-08  0.4105991E-08  0.6380922E-08  0.1417671E-07
  224.4694  0.6487580E-09  0.1203663E-08  0.1430985E-08  0.3770267E-08  0.5852233E-08  0.1300083E-07
  237.7818  0.6057671E-09  0.1113783E-08  0.1321347E-08  0.3461391E-08  0.5368052E-08  0.1190940E-07
  251.8836  0.5667472E-09  0.1032419E-08  0.1222122E-08  0.3177160E-08  0.4923824E-08  0.1090439E-07
  266.8218  0.5313008E-09  0.9587697E-09  0.1132404E-08  0.2916138E-08  0.4515503E-08  0.9984515E-08
  282.6459  0.4990807E-09  0.8920112E-09  0.1051167E-08  0.2677324E-08  0.4139884E-08  0.9145064E-08
  299.4086  0.4697797E-09  0.8314043E-09  0.9774380E-09  0.2459729E-08  0.3794622E-08  0.8378548E-08
  317.1653  0.4431213E-09  0.7763547E-09  0.9104436E-09  0.2262117E-08  0.3478058E-08  0.7676110E-08
  335.9751  0.4188434E-09  0.7263939E-09  0.8496177E-09  0.2082957E-08  0.3188882E-08  0.7029321E-08
  355.9003  0.3966985E-09  0.6811151E-09  0.7945155E-09  0.1920573E-08  0.2925806E-08  0.6431709E-08
  377.0074  0.3764536E-09  0.6400943E-09  0.7446735E-09  0.1773369E-08  0.2687315E-08  0.5879491E-08
  399.3662  0.3578996E-09  0.6028781E-09  0.6995523E-09  0.1639964E-08  0.2471558E-08  0.5371310E-08
  423.0510  0.3408526E-09  0.5690343E-09  0.6586005E-09  0.1519158E-08  0.2276408E-08  0.4906858E-08
  448.1405  0.3251459E-09  0.5382016E-09  0.6213548E-09  0.1409832E-08  0.2099700E-08  0.4485189E-08
  474.7178  0.3106268E-09  0.5100863E-09  0.5874631E-09  0.1310930E-08  0.1939518E-08  0.4103821E-08
  502.8714  0.2971525E-09  0.4844128E-09  0.5566115E-09  0.1221484E-08  0.1794343E-08  0.3758951E-08
  532.6948  0.2845964E-09  0.4609053E-09  0.5284731E-09  0.1140621E-08  0.1663005E-08  0.3446373E-08
  564.2868  0.2728469E-09  0.4393004E-09  0.5027174E-09  0.1067521E-08  0.1544456E-08  0.3162476E-08
  597.7524  0.2618055E-09  0.4193694E-09  0.4790520E-09  0.1001394E-08  0.1437555E-08  0.2904796E-08
  633.2027  0.2513846E-09  0.4009195E-09  0.4572371E-09  0.9415084E-09  0.1341058E-08  0.2671691E-08
  670.7553  0.2415057E-09  0.3837812E-09  0.4370674E-09  0.8872070E-09  0.1253806E-08  0.2461488E-08
  710.5351  0.2320986E-09  0.3677982E-09  0.4183531E-09  0.8378985E-09  0.1174859E-08  0.2272019E-08
  752.6741  0.2231019E-09  0.3528272E-09  0.4009174E-09  0.7930378E-09  0.1103443E-08  0.2100981E-08
  797.3123  0.2144625E-09  0.3387412E-09  0.3846012E-09  0.7521240E-09  0.1038812E-08  0.1946478E-08
  844.5977  0.2061325E-09  0.3254256E-09  0.3692619E-09  0.7147070E-09  0.9802041E-09  0.1807079E-08
  894.6875  0.1980727E-09  0.3127815E-09  0.3547753E-09  0.6803925E-09  0.9269090E-09  0.1681493E-08
  947.7475  0.1902483E-09  0.3007199E-09  0.3410296E-09  0.6488273E-09  0.8783222E-09  0.1568338E-08
 1003.9547  0.1826302E-09  0.2891632E-09  0.3279266E-09  0.6196909E-09  0.8339316E-09  0.1466217E-08
 1063.4953  0.1751949E-09  0.2780446E-09  0.3153806E-09  0.5926927E-09  0.7932777E-09  0.1373880E-08
 1126.5670  0.1679225E-09  0.2673056E-09  0.3033167E-09  0.5675702E-09  0.7559311E-09  0.1290268E-08
 1193.3792  0.1607976E-09  0.2568965E-09  0.2916703E-09  0.5440898E-09  0.7214988E-09  0.1214462E-08
 1264.1538  0.1538085E-09  0.2467751E-09  0.2803861E-09  0.5220445E-09  0.6896289E-09  0.1145625E-08
 1339.1253  0.1469462E-09  0.2369057E-09  0.2694165E-09  0.5012497E-09  0.6600084E-09  0.1082992E-08
 1418.5435  0.1402052E-09  0.2272591E-09  0.2587218E-09  0.4815430E-09  0.6323577E-09  0.1025868E-08
 1502.6718  0.1335829E-09  0.2178123E-09  0.2482699E-09  0.4627823E-09  0.6064293E-09  0.9736253E-09
 1591.7893  0.1270776E-09  0.2085456E-09  0.2380328E-09  0.4448413E-09  0.5820013E-09  0.9256972E-09
 1686.1920  0.1206917E-09  0.1994469E-09  0.2279914E-09  0.4276130E-09  0.5588814E-09  0.8815751E-09
 1786.1934  0.1144273E-09  0.1905053E-09  0.2181288E-09  0.4110023E-09  0.5368984E-09  0.8408016E-09
 1892.1248  0.1082893E-09  0.1817153E-09  0.2084342E-09  0.3949288E-09  0.5159037E-09  0.8029711E-09
 2004.3393  0.1022835E-09  0.1730746E-09  0.1989008E-09  0.3793243E-09  0.4957679E-09  0.7677235E-09
 2123.2087  0.9641580E-10  0.1645827E-09  0.1895246E-09  0.3641305E-09  0.4763778E-09  0.7347392E-09
 2249.1278  0.9069433E-10  0.1562433E-09  0.1803063E-09  0.3493009E-09  0.4576384E-09  0.7037378E-09
 2382.5147  0.8512601E-10  0.1480606E-09  0.1712477E-09  0.3347958E-09  0.4394667E-09  0.6744701E-09
 2523.8123  0.7971936E-10  0.1400418E-09  0.1623546E-09  0.3205856E-09  0.4217946E-09  0.6467194E-09
 2673.4887  0.7448203E-10  0.1321950E-09  0.1536338E-09  0.3066466E-09  0.4045648E-09  0.6202952E-09
 2832.0427  0.6942168E-10  0.1245293E-09  0.1450939E-09  0.2929620E-09  0.3877306E-09  0.5950325E-09
 3000.0000  0.6454593E-10  0.1170552E-09  0.1367455E-09  0.2795213E-09  0.3712554E-09  0.5707890E-09
