1.000000000000000000e+01 4.633181925598784169e-09 2.396557396064334950e-08 2.440910133066877794e-08 6.737714966683303346e-08 8.236355676398921469e-08 1.070813284986088724e-07
1.062390000000000079e+01 2.593291802494565467e-08 3.112876882621584121e-08 4.022759729396102597e-08 3.035124320642581994e-08 5.340725479376725187e-08 9.204662839620628266e-08
1.128669999999999973e+01 2.644227246545276398e-08 3.877015671692460278e-08 4.389221041841879211e-08 6.736546123637915467e-08 8.145421037290105713e-08 1.055325506778449633e-07
1.199089999999999989e+01 1.275708716976447174e-08 2.306254287511937431e-08 2.290012963406286902e-08 5.378038088862861558e-08 6.379396750624200739e-08 8.816594127714885728e-08
1.273900000000000077e+01 1.379353799210469929e-08 1.400641932502325194e-08 2.280994102405703089e-08 4.286724370972349080e-08 5.408381133709763185e-08 8.763370895636565918e-08
1.353369999999999962e+01 1.674589320220760831e-08 2.514637673194387390e-08 2.559216464786047635e-08 4.629307215889878125e-08 5.618038417915497993e-08 7.743914366883048846e-08
1.437809999999999988e+01 2.435256181444210931e-08 2.140819069938847374e-08 3.528336080505289057e-08 1.197567259091924336e-08 3.690333126873885713e-08 8.940144358373280843e-08
1.527510000000000012e+01 1.522301058826856403e-08 2.359695823814434145e-08 2.918376696191867286e-08 4.063374309591157141e-08 5.933099264324439162e-08 9.438796662726928985e-08
1.622810000000000130e+01 3.349663621194123089e-08 3.809253814844244526e-08 5.861039003640643425e-08 5.866981916867356231e-08 9.047301228271139036e-08 1.582609141716241970e-07
1.724050000000000082e+01 1.986720079495675555e-08 3.872091749204760300e-08 4.609461627265904563e-08 7.014784723428251188e-08 9.943300915921746530e-08 1.482445601983481240e-07
1.831619999999999848e+01 1.188543319535907604e-08 9.920906027992393895e-09 1.665637063831584911e-08 1.492738457668293536e-08 2.782553968215961439e-08 6.193141201544486440e-08
1.945889999999999986e+01 1.691155379415754347e-08 3.271572064094291266e-08 3.730392883187819567e-08 7.106948357638399479e-08 9.282617880435260878e-08 1.342297693963503410e-07
2.067289999999999850e+01 2.947688108352680398e-09 9.044029689492158572e-09 4.198705638707194340e-09 3.292273272189287899e-08 3.809680898596634715e-08 5.612967077702652223e-08
2.196259999999999835e+01 1.687189813507404888e-08 2.392097705281374722e-08 3.272915299355283577e-08 5.155565325284787171e-08 7.154139957835560183e-08 1.176215566604715154e-07
2.333289999999999864e+01 4.064150282310754144e-09 1.606542257624211315e-08 1.083806384938332247e-08 6.100889956241049263e-08 6.813557893488243992e-08 8.905880024663060249e-08
2.478859999999999886e+01 1.103203349587783960e-08 2.266037829585174439e-08 2.177378533355737710e-08 5.141986898927348690e-08 6.435518997183942078e-08 8.963773263621181240e-08
2.633510000000000062e+01 6.693462289649994477e-09 8.869587408671023520e-09 1.048137135321551386e-08 2.503998255306178732e-08 3.438417910723079724e-08 6.336033911024031084e-08
2.797810000000000130e+01 5.404077041708204751e-09 1.296854016714686847e-08 1.599296715307602492e-08 3.398889846999597862e-08 5.280534787389345733e-08 9.463552955385031989e-08
2.972360000000000113e+01 1.894988858196897656e-08 3.092009340011310033e-08 3.757981001748069075e-08 5.817805451003538073e-08 8.092842526893427261e-08 1.256837556179489827e-07
3.157799999999999940e+01 1.061612775080755733e-08 1.777681350230327721e-08 1.984898183188575004e-08 3.918888163333806177e-08 5.350559559200557031e-08 8.711780731318446429e-08
3.354820000000000135e+01 5.993010020623041385e-09 1.281328123531587965e-08 1.347373283748289497e-08 3.504171816273864003e-08 4.938283329616343145e-08 8.448627766268254453e-08
3.564119999999999777e+01 6.789493358868855708e-09 1.149645191147360651e-08 1.514435246385122588e-08 3.438452174127045076e-08 4.798580021612393011e-08 8.584408058405986579e-08
3.786480000000000246e+01 2.913785088102158133e-09 8.480679569608223344e-09 6.597894528865044887e-09 3.076577912730142673e-08 4.127958474287233574e-08 7.097756849414342738e-08
4.022710000000000008e+01 6.831767587470320481e-09 1.003255887908705887e-08 1.290557237771235218e-08 3.055039735548513294e-08 4.108611369522403082e-08 7.546724887818263323e-08
4.273680000000000234e+01 8.310026323923426255e-09 1.530558513934187126e-08 1.757983432771141844e-08 3.320012882577314880e-08 4.911530672614587906e-08 8.422085411511538736e-08
4.540310000000000201e+01 5.316432381505329198e-09 1.263287877582662509e-08 1.350558593835649304e-08 3.218119928427358374e-08 4.749269030935001228e-08 8.250060262971706678e-08
4.823579999999999757e+01 4.491778497098723879e-09 1.128941057915137876e-08 1.148154543410959048e-08 2.711827198955718793e-08 4.125177884549216101e-08 7.219542074193644145e-08
5.124510000000000076e+01 4.861241283463027173e-09 9.292815981255194106e-09 1.116674466854174362e-08 2.693118214756201658e-08 3.797011430496474158e-08 6.728239038454039001e-08
5.444230000000000302e+01 5.316913001104335046e-09 8.663672714020381088e-09 1.202556516379556520e-08 2.117323309850483160e-08 3.323380685671362332e-08 6.698768981236297634e-08
5.783879999999999910e+01 4.342104630373752332e-09 7.237588584215796206e-09 9.252050907358438662e-09 1.930971682252612779e-08 2.967298194514168747e-08 5.914122248921680051e-08
6.144729999999999848e+01 4.298546568806141008e-09 5.884062054402035892e-09 7.186024363594747393e-09 1.851911756276830916e-08 2.537505241446952046e-08 4.976340125859795352e-08
6.528090000000000259e+01 3.150181691721796147e-09 5.985291507341236808e-09 7.314618690455127049e-09 1.953709450324935754e-08 2.859128704091552274e-08 5.471566621598956787e-08
6.935370000000000346e+01 2.802579482412057233e-09 5.652053182449613327e-09 6.697030423811565329e-09 1.695626233716314274e-08 2.494342346326844081e-08 5.040657854872060287e-08
7.368059999999999832e+01 2.856346110503420266e-09 5.068406345137022498e-09 6.310747875774495508e-09 1.564830917724862707e-08 2.340015519172845950e-08 4.647460828882425735e-08
7.827750000000000341e+01 3.474199910228148065e-09 6.448090771752756561e-09 8.337431514382888161e-09 1.787557270700793222e-08 2.718703301781890418e-08 5.303799462224963295e-08
8.316110000000000468e+01 2.535623236157149178e-09 5.420321840972780200e-09 6.420559436197320435e-09 1.727198032775994255e-08 2.461042319680625822e-08 4.653783580620102248e-08
8.834940000000000282e+01 2.161808284179667320e-09 4.409998424636056439e-09 4.945176493065824954e-09 1.463526835694887669e-08 2.138915577105169001e-08 4.063456363187816381e-08
9.386140000000000327e+01 1.924429836197340970e-09 3.839441101925746433e-09 4.374842931745733441e-09 1.188510309016247001e-08 1.814368235705943798e-08 3.643270822893939914e-08
9.971729999999999450e+01 2.253968157707366668e-09 4.035526152565173142e-09 5.368841204290315981e-09 1.165071047446643162e-08 1.816064597359630811e-08 3.737878074756451441e-08
1.059385000000000048e+02 1.832041093182325850e-09 3.882212395639510284e-09 4.426028835380476351e-09 1.180540319369192890e-08 1.765605955175343533e-08 3.460902709244920034e-08
1.125478999999999985e+02 1.724644721018549144e-09 3.617403639887106412e-09 4.110298127518484121e-09 1.070812411362153108e-08 1.636269961471326591e-08 3.231822546299493977e-08
1.195695999999999941e+02 1.495082138399167897e-09 2.866273510920519663e-09 3.387407294043459544e-09 9.451644549284486339e-09 1.404764170038553505e-08 2.910375534386460057e-08
1.270293999999999954e+02 1.123907637673684738e-09 2.449194963349232862e-09 2.699519188846851611e-09 8.295497852671606314e-09 1.313136257117787924e-08 2.698512275411506971e-08
1.349545999999999992e+02 1.148365224801697059e-09 2.554662083921085196e-09 2.644713501363558373e-09 8.418037526761357507e-09 1.288911218161408762e-08 2.561475283436984284e-08
1.433742000000000019e+02 1.056880149385384974e-09 2.218353919043385458e-09 2.555734347253076251e-09 7.205486369892635124e-09 1.125106594613416113e-08 2.398786928232551521e-08
1.523191999999999950e+02 1.126562626290566463e-09 2.154151396035656763e-09 2.571308934643927488e-09 6.888760897294597837e-09 1.070141933543276857e-08 2.273495575924517574e-08
1.618221000000000060e+02 1.008548992536629011e-09 2.080427551944739738e-09 2.391386878867199011e-09 6.523009662710054962e-09 1.010811389271631753e-08 2.121918639817969590e-08
1.719180000000000064e+02 1.072572615732745037e-09 1.723078841613731366e-09 2.389733215581773629e-09 5.429238527066584724e-09 8.604177862880532342e-09 1.951449355382244089e-08
1.826437999999999988e+02 9.260541103208490177e-10 1.584134834442823670e-09 1.914889610336568119e-09 5.040726591136518175e-09 7.791775463302099827e-09 1.718774721962277581e-08
1.940387000000000057e+02 8.616175864079481158e-10 1.575832695540038963e-09 1.941622642808084139e-09 4.787946305784426723e-09 7.543539676087141650e-09 1.667398570927717933e-08
2.061444999999999936e+02 6.965473331353630082e-10 1.425706446522072934e-09 1.421225010156251692e-09 4.546296689289167558e-09 6.746049363091304155e-09 1.416905497223941533e-08
2.190055000000000121e+02 5.543029534632509021e-10 1.185656528537192369e-09 1.312050088997714786e-09 3.862498942839922474e-09 5.918928513442382566e-09 1.288318081520623658e-08
2.326690000000000111e+02 6.632302812091846138e-10 1.182863745480628355e-09 1.442753497612537845e-09 3.506089329517784258e-09 5.559299941034713781e-09 1.239935437890066028e-08
2.471850000000000023e+02 6.229677022576550251e-10 1.107623886337260487e-09 1.373712507565693917e-09 3.293085929597358788e-09 5.236842620848679006e-09 1.169020814990969848e-08
2.626064999999999827e+02 4.888988062298266873e-10 9.940364176862775870e-10 1.100474604081769927e-09 2.952680380585483628e-09 4.643174042145408734e-09 1.006682261957432900e-08
2.789902000000000157e+02 4.727932327410704722e-10 8.880431557948638642e-10 9.418927063793938735e-10 2.624072318117418830e-09 4.097760805671240824e-09 8.861003079725295362e-09
2.963958999999999833e+02 5.466819592850274327e-10 8.705089604472602227e-10 1.081998432241151181e-09 2.492884135169599005e-09 3.895023634989751871e-09 8.875141162048601521e-09
3.148876999999999953e+02 4.356789459629626655e-10 7.820062577542121418e-10 8.864614353771555230e-10 2.359754966153251834e-09 3.517152123847798880e-09 7.738470914058472936e-09
3.345332000000000221e+02 4.158133462757951372e-10 7.254418997778071020e-10 8.194017954003147986e-10 2.023790036295837106e-09 3.132592040066119673e-09 6.907157176175476889e-09
3.554042999999999779e+02 4.007519369250605506e-10 6.546049939071332282e-10 8.356954466108295991e-10 1.864151121504755318e-09 2.926639714601379812e-09 6.448898112259767260e-09
3.775774999999999864e+02 4.089060930685625451e-10 6.597529522946398934e-10 7.708886362753301439e-10 1.786661919312583735e-09 2.729835385227878511e-09 5.957566229581754003e-09
4.011340999999999894e+02 3.418167648007153129e-10 5.813882502745587772e-10 6.825207544186272623e-10 1.600224565916319300e-09 2.421140128211214208e-09 5.315020807818061124e-09
4.261601999999999748e+02 2.995279765021439392e-10 5.559544991688208125e-10 6.372173078499422196e-10 1.465894642712277233e-09 2.225062177129954961e-09 4.920304199017768261e-09
4.527477999999999838e+02 3.459095650701387365e-10 5.543388752611560400e-10 6.244932518633353615e-10 1.431159643133300290e-09 2.123371747137378969e-09 4.435649811345414914e-09
4.809941000000000031e+02 3.167783500597132971e-10 5.060046519372229185e-10 6.032101713312457224e-10 1.306486017869939154e-09 1.935998337577819934e-09 4.082589520497456075e-09
5.110027999999999793e+02 2.995197822113494612e-10 4.791312808995686287e-10 5.501761654523686722e-10 1.209633188710492254e-09 1.746256435157036379e-09 3.645539185513656201e-09
5.428836000000000013e+02 2.702091718756283835e-10 4.403080847086204098e-10 5.048632702044189114e-10 1.078899138904612652e-09 1.596098433921963897e-09 3.340813577341081677e-09
5.767531999999999925e+02 2.657677409635589830e-10 4.249531665248323425e-10 4.964050653498100113e-10 1.037046250553777666e-09 1.480655441163840937e-09 3.057987613520899248e-09
6.127360999999999649e+02 2.498755282881087369e-10 3.961785531793741228e-10 4.443006768170323560e-10 9.568544166998883987e-10 1.347795250516545108e-09 2.700229722432896054e-09
6.509640000000000555e+02 2.344123474294595199e-10 3.795690660360935911e-10 4.339016384457090035e-10 9.105569999133759733e-10 1.286848970427610935e-09 2.522740646289236047e-09
6.915768000000000484e+02 2.268198699525005372e-10 3.718315039348004732e-10 4.253728462474888739e-10 8.663555727356975361e-10 1.199625102326506283e-09 2.382967295538194042e-09
7.347233999999999696e+02 2.256153152282451180e-10 3.535171713302643574e-10 4.267098136619773747e-10 7.865046567615012546e-10 1.131567653496141443e-09 2.194386673912470993e-09
7.805619000000000369e+02 2.094728591490866173e-10 3.392664755574778787e-10 3.810459732192551431e-10 7.512356982211943707e-10 1.055878507665184140e-09 1.974666293040721290e-09
8.292598000000000411e+02 2.089739491980583180e-10 3.291819865663957850e-10 3.806023982172886735e-10 7.221192367175197616e-10 9.894631361743305519e-10 1.844618111483077600e-09
8.809963000000000193e+02 1.946667384745550706e-10 3.131387526663456506e-10 3.495497243992240593e-10 6.775310594633442468e-10 9.307816101668131733e-10 1.707729302985732657e-09
9.359605999999999995e+02 1.861021351404955224e-10 2.952489734172494269e-10 3.473963578411132754e-10 6.343929222626463748e-10 8.692047086265803810e-10 1.581231961339599741e-09
9.943540000000000418e+02 1.829677988063762168e-10 2.808051347011492868e-10 3.240344959136965522e-10 6.138317936510231785e-10 8.207125071053755029e-10 1.445155854841508104e-09
1.056390499999999975e+03 1.746831739672806849e-10 2.756086724188718556e-10 3.164150479064017887e-10 5.834207780056595794e-10 7.837885466999522883e-10 1.395039346722478360e-09
1.122297299999999950e+03 1.684400486882464431e-10 2.709924640535433882e-10 2.937381074279994155e-10 5.630200492377455186e-10 7.440730865934109253e-10 1.269010404395247623e-09
1.192315599999999904e+03 1.630450566514367704e-10 2.640692054323658317e-10 2.981027183561933441e-10 5.405186568230310201e-10 7.197594641674371292e-10 1.221543460062367153e-09
1.266702700000000050e+03 1.531361010692118226e-10 2.374465211715835669e-10 2.784854538960903587e-10 5.091122195844365341e-10 6.800878992084226144e-10 1.142789574613024240e-09
1.345730700000000070e+03 1.405771574365156697e-10 2.339867954481722228e-10 2.656503570115548093e-10 4.908405465955749266e-10 6.530751642594192545e-10 1.053520258817797416e-09
1.429689200000000028e+03 1.345437628108272213e-10 2.147688822062822878e-10 2.464316035720540429e-10 4.648704618336803337e-10 6.085001493434766368e-10 9.830618824739497821e-10
1.518885700000000043e+03 1.280524279213382700e-10 2.075638697916062716e-10 2.354412467090849917e-10 4.506608409317315807e-10 5.883447831779577589e-10 9.446502571443046846e-10
1.613646999999999935e+03 1.181395486389905248e-10 2.041637493641013651e-10 2.401261078062295595e-10 4.399594748037042884e-10 5.769512414724145780e-10 9.230750835997663461e-10
1.714319799999999987e+03 1.135246693232747331e-10 1.911838881995316297e-10 2.108336639935670737e-10 4.109204228471165563e-10 5.378565008403531150e-10 8.363384150445171030e-10
1.821274100000000089e+03 1.045202245073935359e-10 1.826895494704947064e-10 2.070955081591514942e-10 3.899932511391603279e-10 5.173749945519070216e-10 8.058343667621965258e-10
1.934901100000000042e+03 1.042528655583648867e-10 1.767311620036053753e-10 1.972530620835683649e-10 3.797242865481260250e-10 4.945010589818302757e-10 7.708842756279957769e-10
2.055617099999999937e+03 9.799539850901458906e-11 1.653481553868202642e-10 1.837734527043249350e-10 3.631465874097831640e-10 4.742003726449930062e-10 7.257698060835067483e-10
2.183864500000000135e+03 9.255061197119437617e-11 1.577177961757191085e-10 1.826345119515297887e-10 3.502008322590567912e-10 4.552123114781868764e-10 7.078787537785311092e-10
2.320113100000000031e+03 8.857158936418668940e-11 1.478190793594481085e-10 1.732634202362918076e-10 3.325884640062087439e-10 4.343962785632867365e-10 6.669343227298909294e-10
2.464861100000000079e+03 7.716949172303052171e-11 1.390728491515391531e-10 1.613253478640967617e-10 3.251235148004440254e-10 4.214128864937418529e-10 6.420149537554133864e-10
2.618640699999999924e+03 7.335067207537600376e-11 1.320199616098480284e-10 1.542108212836939782e-10 3.033697147854485603e-10 4.026938594254903518e-10 6.178540905413183795e-10
2.782014400000000023e+03 6.954289201567153315e-11 1.236963651081179460e-10 1.452746645930109094e-10 2.897808372505476229e-10 3.806525080247350257e-10 5.867422712971075664e-10
2.955580800000000181e+03 5.939369103417634279e-11 1.168586593539292638e-10 1.321894912910531224e-10 2.736845669677260346e-10 3.651643234254093247e-10 5.559948665852838064e-10
3.139975800000000163e+03 5.976242396415615653e-11 1.074808269525026875e-10 1.299632944536387318e-10 2.575325268427259333e-10 3.499634973174879409e-10 5.445939029146284607e-10
3.335875000000000000e+03 5.391526608672062068e-11 1.000759908727155776e-10 1.170360209262441185e-10 2.465129288661224606e-10 3.299821182091739973e-10 5.139105351892087159e-10
3.543994700000000194e+03 4.848989215528378047e-11 9.361827562630651028e-11 1.083242581421227829e-10 2.336395281064328829e-10 3.163558943902655724e-10 4.862258106811646573e-10
3.765100100000000111e+03 4.603684292094754123e-11 8.772119263984816467e-11 1.002690622501941610e-10 2.237535331674092263e-10 3.017496368200779632e-10 4.623130591091903411e-10
4.000000000000000000e+03 4.081802927430400656e-11 8.175610363025562716e-11 9.464396450212929852e-11 2.074278219562952896e-10 2.864430620852569550e-10 4.462956436106595713e-10
