1.000000000000000000e+01 2.153256587698251881e-08 3.929251033022593490e-08 4.304396539152336118e-08 8.036032033061066639e-08 9.524601091632496842e-08 1.203346389629986223e-07
1.059309999999999974e+01 2.723167925078435227e-08 3.416169739173685406e-08 4.470433107102723719e-08 3.790496776679467456e-08 6.507312186899221549e-08 1.138829878934338825e-07
1.122129999999999939e+01 1.361683335502303219e-09 3.041639989245771352e-08 2.788643657160425863e-08 8.078924719158775421e-08 1.030016226488194986e-07 1.353545610566589924e-07
1.188679999999999914e+01 1.275874903229060625e-08 2.474419636838993097e-08 2.515182892299425706e-08 5.812286583659252209e-08 7.001799401181858796e-08 9.701237191585293615e-08
1.259169999999999945e+01 1.382745752392737440e-08 3.151750534718475865e-08 2.886899778588294648e-08 5.831849998609637808e-08 7.453821842004779313e-08 1.022389240054972525e-07
1.333849999999999980e+01 3.633179855993145650e-09 2.174614064563630891e-08 1.681265742404772169e-08 6.669635585835000339e-08 7.789031760190538736e-08 1.020629780367796976e-07
1.412959999999999994e+01 -8.456386269312637028e-09 3.676960481482876505e-09 -1.025836791308628656e-08 3.773637631073020715e-08 3.616719269358624907e-08 4.020608522603575813e-08
1.496749999999999936e+01 1.015540921111090541e-08 1.536722670079705704e-08 1.475371026067784498e-08 3.451538199619572791e-08 4.158352437252898536e-08 6.009281117501980745e-08
1.585519999999999996e+01 2.502214045364044166e-08 2.862351886697734116e-08 4.095796377253734584e-08 4.430859712713319056e-08 6.546532260278476425e-08 1.110049186737486152e-07
1.679550000000000054e+01 9.963668107158954551e-09 3.066530115351591747e-08 3.343406575189697703e-08 6.327207392030414186e-08 9.074110636177721396e-08 1.344815985916834274e-07
1.779159999999999897e+01 3.492568451105647811e-08 4.261399295922243900e-08 6.327737377890097323e-08 5.716927888320422190e-08 9.213865615693095707e-08 1.589161365871623742e-07
1.884669999999999845e+01 2.206233886034510019e-08 4.063836362528037306e-08 4.958246134010934273e-08 8.518831937348383951e-08 1.132905232478671540e-07 1.653661433686564947e-07
1.996440000000000126e+01 1.188179591170752850e-08 2.502248298610642539e-08 2.610744675361888482e-08 5.401134127446430349e-08 7.197088986079646245e-08 1.068905355927743109e-07
2.114849999999999852e+01 1.345054950586653478e-08 1.843409864262607925e-08 2.158358594182439773e-08 4.492376041112032054e-08 5.638250828072193689e-08 8.940701541377128277e-08
2.240269999999999939e+01 5.598125213402497379e-09 1.427456721646920714e-08 1.517236297667897112e-08 5.080581520602994726e-08 6.430316702161780327e-08 9.979635968942274183e-08
2.373130000000000095e+01 1.527569855756086057e-08 2.132980387418955128e-08 3.104721719782421366e-08 5.558423885969575205e-08 7.442608805569549584e-08 1.223715091642637474e-07
2.513870000000000005e+01 1.045680120747346608e-08 1.557790559909857690e-08 1.668191817798643144e-08 4.143339392500810779e-08 5.186241888664315166e-08 8.366201296164488486e-08
2.662959999999999994e+01 1.058255391336131735e-08 1.630472913597776820e-08 1.886729488184489351e-08 3.936838794282217593e-08 5.085236358907995308e-08 8.030481658024044969e-08
2.820889999999999986e+01 7.937934409479594318e-09 1.627652996836133071e-08 1.868200795131859523e-08 4.464201468093567729e-08 6.042562371668629964e-08 9.739690511695961437e-08
2.988179999999999836e+01 2.529950888063750894e-09 8.887673904717356626e-09 7.134251604314177382e-09 2.845187804124003880e-08 4.022841060086250767e-08 6.916342137170901418e-08
3.165399999999999991e+01 1.076720516175405265e-08 1.733039153847596314e-08 2.308214459622362695e-08 4.033594677730780297e-08 5.888836064183745545e-08 1.034789995230205237e-07
3.353130000000000166e+01 5.446806796213974841e-09 1.027818645263981805e-08 1.176952286751945354e-08 3.055690683860334492e-08 4.369458673344380630e-08 7.940460615919395502e-08
3.551989999999999981e+01 4.268600374357490395e-09 1.337318813090089725e-08 1.221408242024096484e-08 4.203153306864154708e-08 5.546252764269022234e-08 8.587228507249500004e-08
3.762639999999999674e+01 1.389372535714853737e-08 2.086611875445927477e-08 3.032372634123117947e-08 3.955123825966080643e-08 6.231424938595430918e-08 1.132482764993065247e-07
3.985790000000000077e+01 7.743724672334702528e-09 1.658455883556403910e-08 1.845542867081634155e-08 3.801792125396766998e-08 5.532972305944097467e-08 9.080601068853617775e-08
4.222169999999999845e+01 9.597367144362878524e-09 1.185622419881921035e-08 1.815606571126399966e-08 2.360111440595100941e-08 3.762362250064576374e-08 7.765300245261281759e-08
4.472570000000000334e+01 6.600657608397000628e-09 1.214683176822049229e-08 1.421950998861653753e-08 3.103197745620987296e-08 4.327828797817944988e-08 7.413422538604592267e-08
4.737819999999999965e+01 5.684024595064120848e-09 9.255057356582713315e-09 1.243204492226419435e-08 2.326038092615583990e-08 3.575994964215075604e-08 7.121176705804207693e-08
5.018800000000000239e+01 6.081168656253962699e-09 9.320843796397965316e-09 1.331773899790683937e-08 2.492928666522131505e-08 3.596578001104587403e-08 7.288512859317370040e-08
5.316449999999999676e+01 5.958555359953021267e-09 1.074954972901232670e-08 1.451630345538335499e-08 2.874733862370367241e-08 4.224430532115976711e-08 7.871924117906592064e-08
5.631739999999999924e+01 4.237514099178857232e-09 8.770400698821226728e-09 9.690186620657015345e-09 2.319689503191189562e-08 3.329168445018090846e-08 6.077920059776711419e-08
5.965740000000000265e+01 3.667125331217475457e-09 6.919350736150784590e-09 8.273177372829081599e-09 1.793245847883593248e-08 2.714878630456260268e-08 5.610208127597531614e-08
6.319539999999999935e+01 4.903562472361593631e-09 7.742802350322609647e-09 1.117546156149453144e-08 1.957760570311534091e-08 2.949820710455931235e-08 6.032139465406858598e-08
6.694329999999999359e+01 3.994911259075543815e-09 6.993370325376178080e-09 9.292249335323798275e-09 1.767520714325871968e-08 2.790437170634383403e-08 5.685655745343569423e-08
7.091339999999999577e+01 3.519158774069577421e-09 6.634730007893534261e-09 8.679105599851468213e-09 1.876480122090912653e-08 2.812343947436390190e-08 5.603983427593768258e-08
7.511899999999999977e+01 3.470826588431570439e-09 6.054604266736645465e-09 8.326485110577071171e-09 1.720581078416381371e-08 2.640698477161851462e-08 5.213507641618887867e-08
7.957399999999999807e+01 2.841728974106004651e-09 5.047942544756461389e-09 6.605473566547046534e-09 1.493408477971297244e-08 2.288790990992556411e-08 4.655654145866073801e-08
8.429319999999999879e+01 2.161992260728558384e-09 4.228227871573947080e-09 4.654398667184374849e-09 1.409870670601262883e-08 2.096296720993857173e-08 4.093979991830982358e-08
8.929229999999999734e+01 1.273383018878129689e-09 4.036559208485414890e-09 3.380113399891548011e-09 1.391304913290345079e-08 1.971253492093627039e-08 3.619925269603340252e-08
9.458790000000000475e+01 2.241886815117607276e-09 4.312044362954178690e-09 5.133111296120084801e-09 1.249362371287653041e-08 1.855844484186206496e-08 3.658928419958558140e-08
1.001975000000000051e+02 1.613987083175004099e-09 3.473733659916163514e-09 3.411309395048332756e-09 1.184506705112472432e-08 1.685374731539267687e-08 3.242528291451717860e-08
1.061398999999999972e+02 1.574790693084115276e-09 3.408687151387117433e-09 4.176054967609783328e-09 1.100406947963039067e-08 1.683592430257643934e-08 3.413931125850752245e-08
1.124346000000000032e+02 1.510613380878277193e-09 3.060538068385698455e-09 3.407470503597521989e-09 1.038130686469603635e-08 1.552440800972333433e-08 3.093078045189585941e-08
1.191025999999999954e+02 1.673920931630922806e-09 3.304812504392193247e-09 4.321635144446839676e-09 1.088588214701460127e-08 1.589924984698101248e-08 3.240989175486780714e-08
1.261661000000000001e+02 1.498179868482664480e-09 2.676668006742086341e-09 3.629366518461763825e-09 8.467697288195167750e-09 1.344884457020702423e-08 2.855553141689526055e-08
1.336485000000000127e+02 9.770396498471381199e-10 2.514024355946618082e-09 2.560406616834984144e-09 8.420040648092643115e-09 1.274467981387089555e-08 2.562932292063878768e-08
1.415747000000000071e+02 1.332727825613735069e-09 2.340398960756105349e-09 3.095066777373766770e-09 7.229676507694689160e-09 1.161982843501506889e-08 2.487649290500825816e-08
1.499709000000000003e+02 1.345657451879349696e-09 2.309489582490909084e-09 3.169350042746646806e-09 7.336532727472707690e-09 1.137833446977151182e-08 2.422337835130807886e-08
1.588651000000000124e+02 1.028096668106279847e-09 2.079070487306562870e-09 2.531931639955996709e-09 6.124759295188797890e-09 9.981452109813075576e-09 2.198668329276777816e-08
1.682866999999999962e+02 9.564817282328713543e-10 1.847853550954661013e-09 2.257135551312807340e-09 5.970933964563518670e-09 9.098274658875564105e-09 1.993296832793752429e-08
1.782670999999999992e+02 7.055000220783202196e-10 1.670834283886908824e-09 1.902618905258537962e-09 5.597806729469442880e-09 8.522459558290661104e-09 1.841956060760206220e-08
1.888394999999999868e+02 7.592103720790201401e-10 1.425264207991651212e-09 1.908691883294475145e-09 5.016450655279418822e-09 7.720039026143579108e-09 1.736491996738627482e-08
2.000388000000000090e+02 7.180963284675209640e-10 1.356692246800705986e-09 1.603562239240223899e-09 4.214526246674912161e-09 6.597608209806337597e-09 1.500863846489760587e-08
2.119022999999999968e+02 7.426342958079762218e-10 1.330576174976465461e-09 1.669201905351239182e-09 4.146432121199160068e-09 6.405589147571685727e-09 1.446344879780193561e-08
2.244694000000000074e+02 6.323700095415583087e-10 1.137182191621757934e-09 1.429564248576644764e-09 3.733245936806893634e-09 5.727322603175770568e-09 1.306542190446456874e-08
2.377818000000000040e+02 6.021050013464031865e-10 1.085181181978613392e-09 1.299834375485032652e-09 3.412559148281273152e-09 5.281592626280912512e-09 1.176781436649359208e-08
2.518836000000000013e+02 6.017934159779943118e-10 1.089405918154488592e-09 1.395746203071862065e-09 3.232876191952378158e-09 5.143398897215617314e-09 1.151830245620457318e-08
2.668217999999999961e+02 5.325384684913305219e-10 9.928955199923486339e-10 1.170641385002671865e-09 3.000423172861959847e-09 4.537099682978154813e-09 9.944287207102298608e-09
2.826458999999999833e+02 4.590056139608459887e-10 8.979303356935634020e-10 1.018170778278396199e-09 2.673505723981217977e-09 4.228562176507686382e-09 9.179112623035605449e-09
2.994085999999999785e+02 4.946460622738450249e-10 8.168123364051626792e-10 9.753499945550653657e-10 2.409157793557347156e-09 3.794975195278549616e-09 8.495915851003417317e-09
3.171653000000000020e+02 4.692970281474596663e-10 8.040497092424586688e-10 9.439074962162245495e-10 2.311516301737076759e-09 3.566975600181916315e-09 7.793783581373423566e-09
3.359750999999999976e+02 3.422140578541649594e-10 6.742849404442792809e-10 7.576839704820337298e-10 2.075214979041178729e-09 3.139091312392779575e-09 6.909091087080774844e-09
3.559003000000000156e+02 4.376365791607346571e-10 6.734899964401728311e-10 8.452698941370490637e-10 1.863239984676580760e-09 2.860073463142427027e-09 6.463344047754741668e-09
3.770074000000000183e+02 3.768845929431653541e-10 6.252218586301244386e-10 7.109947956598478691e-10 1.749481301410519798e-09 2.618148997884895237e-09 5.795146578004525058e-09
3.993661999999999921e+02 3.585499331486432692e-10 6.337324824015999259e-10 7.329880497063842467e-10 1.654420357202235401e-09 2.515498485167444540e-09 5.451686288772428439e-09
4.230509999999999877e+02 3.580007099642240386e-10 5.909176289365620790e-10 6.711386313387008504e-10 1.523506935951864172e-09 2.281223022170602079e-09 4.947726906646069154e-09
4.481404999999999745e+02 3.099981619428278362e-10 5.218738181424556463e-10 5.902134773119477296e-10 1.350005690084830273e-09 2.033074884490274388e-09 4.382062773127011339e-09
4.747178000000000111e+02 2.860560307331088136e-10 4.963446751294804483e-10 5.674527066933215289e-10 1.321306811071988558e-09 1.964925315847402772e-09 4.098647063186275566e-09
5.028713999999999942e+02 3.113224918409354766e-10 4.946021329058962502e-10 5.822457898172940963e-10 1.236565102923797561e-09 1.820287819785196638e-09 3.786018938065335756e-09
5.326947999999999865e+02 2.850472211242159344e-10 4.589736159262682603e-10 5.626820526939344153e-10 1.148759473235085579e-09 1.700842198556738752e-09 3.542790087899523843e-09
5.642867999999999711e+02 2.905567307597010167e-10 4.239899177992035273e-10 5.181367619462797490e-10 1.052315165720678845e-09 1.534533106301864981e-09 3.168624185313458536e-09
5.977523999999999660e+02 2.850759582250340904e-10 4.306062689969348415e-10 4.994199478927318530e-10 1.018285675293820833e-09 1.456531598924900359e-09 2.929829583144386679e-09
6.332027000000000498e+02 2.535392631229830215e-10 3.901119187975492385e-10 4.607423528520925178e-10 9.211651383930219512e-10 1.326571815617260392e-09 2.657743694652659814e-09
6.707553000000000338e+02 2.408083988018224467e-10 3.805674741403689178e-10 4.381713060795985711e-10 8.840254193650683261e-10 1.256260380695886576e-09 2.478016734673960685e-09
7.105351000000000568e+02 2.320740269033079222e-10 3.667390031980404202e-10 4.046622347660578706e-10 8.485833775601224660e-10 1.185325812085858780e-09 2.236736258640030451e-09
7.526740999999999531e+02 2.218063917556566041e-10 3.466116381313589514e-10 3.999269147339875992e-10 7.892595366003932929e-10 1.098044620311031873e-09 2.113087236458964184e-09
7.973123000000000502e+02 2.018924057063191328e-10 3.329448676456731861e-10 3.678431520508762639e-10 7.462507642005153367e-10 1.022820833203974466e-09 1.925900644349314105e-09
8.445977000000000317e+02 1.936720411099965106e-10 3.169428851521560717e-10 3.579498663008392838e-10 7.140555824393688308e-10 9.504320318621718879e-10 1.789068590325319621e-09
8.946875000000000000e+02 2.064988256991217814e-10 3.146505698370168298e-10 3.603056230509940637e-10 6.760757341563519080e-10 9.171554762720445187e-10 1.673867110080714712e-09
9.477474999999999454e+02 1.841339876194789173e-10 3.062952744684620209e-10 3.339669135101795721e-10 6.304765904309627401e-10 8.639455304676274737e-10 1.533757044454927117e-09
1.003954700000000003e+03 1.868683862775840636e-10 2.816453015047202253e-10 3.361268831117463595e-10 6.090683588069935723e-10 8.315878011983755771e-10 1.478142680467627918e-09
1.063495300000000043e+03 1.758685735201955918e-10 2.753642994257359540e-10 3.127939900732967868e-10 5.842035590576836490e-10 7.841649967751205256e-10 1.367155521924569037e-09
1.126567000000000007e+03 1.653808264096980082e-10 2.622371912353487601e-10 2.940274025121151211e-10 5.542652059572133341e-10 7.480355118125010867e-10 1.266586977734649318e-09
1.193379200000000083e+03 1.605743470707366116e-10 2.520956478549383786e-10 3.041134372048822307e-10 5.334839938542047328e-10 7.128024090645535866e-10 1.208826460957952905e-09
1.264153800000000047e+03 1.504891816099302076e-10 2.487499434745355972e-10 2.864499558625716741e-10 5.165800279116208484e-10 6.927545372039137089e-10 1.159172836718624839e-09
1.339125299999999925e+03 1.417976372831354357e-10 2.280027429634010848e-10 2.502468430994768521e-10 4.937263018318129415e-10 6.417620998662493536e-10 1.046889564797534017e-09
1.418543499999999995e+03 1.320705094665262392e-10 2.241707676978272424e-10 2.422144381610497639e-10 4.689074466895066603e-10 6.187335484903847187e-10 1.003463337253091959e-09
1.502671800000000076e+03 1.293918686572211281e-10 2.151383294169889374e-10 2.449836780135156470e-10 4.569034844982697825e-10 5.949134336711292434e-10 9.580362234005860757e-10
1.591789299999999912e+03 1.233100264767696255e-10 2.064708665809138041e-10 2.283000478817451267e-10 4.369778456832373206e-10 5.709625897652420265e-10 9.039117607728354840e-10
1.686192000000000007e+03 1.205560276464145932e-10 2.002532941846606093e-10 2.280469028549106652e-10 4.241848871536163443e-10 5.482682856663046553e-10 8.662522660609361050e-10
1.786193400000000111e+03 1.140901620368247175e-10 1.914013769915873077e-10 2.187028603466099262e-10 4.022178280063854673e-10 5.347829500851093344e-10 8.405510864003936494e-10
1.892124800000000050e+03 1.065578834071467931e-10 1.786404692144300519e-10 1.991370256436020460e-10 3.860164562729367198e-10 5.060668343354327097e-10 7.753031728310293253e-10
2.004339300000000094e+03 9.939945409476312484e-11 1.702795027503696184e-10 1.938904131047711242e-10 3.740104263108328736e-10 4.889552552082188262e-10 7.509801828768831969e-10
2.123208700000000135e+03 9.769933452393996044e-11 1.611362937145142425e-10 1.873657177855734772e-10 3.578929723396584293e-10 4.720064131712068165e-10 7.215220091167434344e-10
2.249127800000000207e+03 8.884879301947007712e-11 1.525807704532849687e-10 1.780100699573846269e-10 3.446427191097005225e-10 4.472834376341543644e-10 6.924303240072946084e-10
2.382514700000000175e+03 8.444195502628770186e-11 1.483839793150667996e-10 1.705734964038826574e-10 3.333576566635057809e-10 4.342978841290006086e-10 6.690037510444223556e-10
2.523812300000000050e+03 7.932721031265651705e-11 1.380898340815197150e-10 1.550191769055105719e-10 3.128709858029488939e-10 4.154965676558409040e-10 6.246170145218044060e-10
2.673488699999999881e+03 6.926099595380425848e-11 1.297791244535329984e-10 1.466244035983122438e-10 3.002517641634884038e-10 3.936531170044734850e-10 6.076543649837278801e-10
2.832042699999999968e+03 7.211167591863418039e-11 1.214629671272088236e-10 1.457357431993197253e-10 2.894641918393875726e-10 3.787566744308389593e-10 5.863110083732914913e-10
3.000000000000000000e+03 6.112414359677338063e-11 1.148484784575770407e-10 1.300915247861454111e-10 2.736356295857752161e-10 3.683838849749089872e-10 5.535831923417945418e-10
