1.000000000000000000e+01 5.828919561424633599e-09 2.616589111423164331e-08 2.263396846922508373e-08 7.519210664294369707e-08 8.391056624622203881e-08 9.999228513172419913e-08
1.072269999999999968e+01 2.742049209459033447e-09 1.294164112856518767e-08 4.906339448277926666e-09 3.502041983905274196e-08 3.800849567028672557e-08 4.745841915447334408e-08
1.149760000000000026e+01 4.223013604130485225e-08 4.392762598333088913e-08 6.635875650009712652e-08 5.048679054814321704e-08 8.282541586616356897e-08 1.439624998018359434e-07
1.232850000000000001e+01 5.491306594065201911e-09 1.202649587673848726e-08 1.140727151934140809e-08 2.880141117598639393e-08 3.997711027552526918e-08 6.496597533272914258e-08
1.321940000000000026e+01 8.356363361100121631e-09 1.170431008613184524e-08 1.172290647822773952e-08 2.486724809979285240e-08 3.262791211309070181e-08 5.169217553650502092e-08
1.417469999999999963e+01 1.349695023433764600e-08 1.749800206781370547e-08 1.666274148889615613e-08 4.208623570800953808e-08 4.693699980363556661e-08 6.778230902124520127e-08
1.519909999999999961e+01 1.486362084863505176e-08 3.711053508923891917e-08 4.122402416576965509e-08 8.102521418167361969e-08 1.053144634861698840e-07 1.430199507915310573e-07
1.629749999999999943e+01 2.435319723224386730e-08 3.213411203978929102e-08 4.004809690426094147e-08 5.769572010175143358e-08 7.499553015219674053e-08 1.128010499150047186e-07
1.747530000000000072e+01 1.930575575355630259e-08 3.250702167490665206e-08 3.638865899228033656e-08 6.814750626118470423e-08 8.440524173242589001e-08 1.167724239234968953e-07
1.873819999999999908e+01 2.825913613361635589e-08 3.906432875143940644e-08 5.563146076332556943e-08 6.386314988647710641e-08 9.534882356904944824e-08 1.547310843145828200e-07
2.009230000000000160e+01 6.536353169939550812e-09 7.718167864489256024e-09 3.839865810082137427e-09 2.404227665447687104e-08 2.639989423825690565e-08 4.466313099020964880e-08
2.154429999999999978e+01 1.248809920318313914e-08 2.868877134793747353e-08 3.452640559933843205e-08 6.092995524877272878e-08 8.771549278788524497e-08 1.347042653613853048e-07
2.310129999999999839e+01 1.152515842137466616e-08 1.942377772199400725e-08 2.953772099536526395e-08 4.865259919034677934e-08 7.202287124808924449e-08 1.226330192829532352e-07
2.477080000000000126e+01 4.164887283188129814e-09 1.493752703599867453e-08 1.036366791254209068e-08 4.762763313095717675e-08 5.784487572856663736e-08 8.260867918415870948e-08
2.656090000000000018e+01 1.387178362890080444e-08 2.047493033431257577e-08 3.037660275557587518e-08 4.390281768038348050e-08 6.666784200456424472e-08 1.183220908425750670e-07
2.848039999999999949e+01 5.759911807828409990e-09 9.367455369680826245e-09 1.185725213924146896e-08 3.396657075433050922e-08 4.439710445894817664e-08 7.654620812810314813e-08
3.053859999999999886e+01 1.236682871822994978e-08 1.824725520235275296e-08 2.424857633794701967e-08 3.892144900140306617e-08 5.521207396261870435e-08 9.398134479240990022e-08
3.274549999999999983e+01 3.725149287466740395e-09 1.187467930603786175e-08 1.062225132559796412e-08 4.369850650718822228e-08 5.370051525445018610e-08 7.944673098109002940e-08
3.511189999999999856e+01 8.194461500166218959e-09 1.091844836995134198e-08 1.492121101100344718e-08 3.298353826498929882e-08 4.439998632746155705e-08 8.195656604011227545e-08
3.764939999999999998e+01 6.294877894315128689e-09 1.548814480196127430e-08 1.658142987960353706e-08 3.687771089988571332e-08 5.560301562298254166e-08 9.418602835129785174e-08
4.037019999999999698e+01 6.711301047332131283e-09 9.057204860545927054e-09 1.210037275444720722e-08 2.694495549704433291e-08 3.666050618555464513e-08 6.981012596289107123e-08
4.328759999999999764e+01 6.041790959443728291e-09 9.595402915091354687e-09 1.324469609459303257e-08 2.748382144210291989e-08 4.059099894167023975e-08 7.885284218125580680e-08
4.641590000000000060e+01 4.613942238986898078e-09 8.735002731708371661e-09 9.409037759401618742e-09 2.370855111399559645e-08 3.318387395929262963e-08 6.243090647156138823e-08
4.977020000000000266e+01 4.772099228335697899e-09 9.343877652592416169e-09 1.155919472941312513e-08 2.526388944647692770e-08 3.805636892051154495e-08 7.134094240545200520e-08
5.336699999999999733e+01 3.647808016094271430e-09 8.704638173127725568e-09 8.273787375561415562e-09 2.562294970842794083e-08 3.498004670715531700e-08 5.994112846773987352e-08
5.722370000000000090e+01 4.386934842051827217e-09 8.367990393657603710e-09 1.025993039237896320e-08 2.294355084421647899e-08 3.334308447877368355e-08 6.377658750943900608e-08
6.135909999999999798e+01 4.289140551865962822e-09 8.469665904380106746e-09 9.361487143377625954e-09 2.118153647539448053e-08 3.042566806360806225e-08 5.591458227541396768e-08
6.579330000000000211e+01 3.314572373536499527e-09 6.232478178565687562e-09 7.689999162663005513e-09 1.806054139896988696e-08 2.711639218533277620e-08 5.339560456997648723e-08
7.054800000000000182e+01 2.540535879850431939e-09 5.281337895060642797e-09 5.938382420455022901e-09 1.778981890694425667e-08 2.530418472737596965e-08 4.927632114820202330e-08
7.564629999999999654e+01 2.864131027925841255e-09 4.684311835583333904e-09 5.861007224854816312e-09 1.560541743330503818e-08 2.194136755155018769e-08 4.429513277656821977e-08
8.111310000000000286e+01 2.277256203468824169e-09 5.587543747296187574e-09 5.507475854719283368e-09 1.683732458242548056e-08 2.367703969998898388e-08 4.258895859593488550e-08
8.697490000000000521e+01 2.227358811548018805e-09 4.652320460989930363e-09 5.107187886607340565e-09 1.409069842215396151e-08 2.038230692738027089e-08 3.916303966852940978e-08
9.326030000000000086e+01 1.933913197542514416e-09 3.758800598347281629e-09 4.197654561410514503e-09 1.229445682288684261e-08 1.795920175247523492e-08 3.565668467500162582e-08
1.000000000000000000e+02 1.935439751998809170e-09 3.965483125738358789e-09 4.413829056174833743e-09 1.221538926415814549e-08 1.803249195827409188e-08 3.489181357842495828e-08
1.072266999999999939e+02 1.713894077554265509e-09 3.382366612897632886e-09 4.053267826822692204e-09 1.102041617017850680e-08 1.675080900197208882e-08 3.407341771070310096e-08
1.149757000000000033e+02 1.805753968162669937e-09 3.346969789837912892e-09 4.115233255595205863e-09 1.020242806536589823e-08 1.559838527533569480e-08 3.225432240817932307e-08
1.232847000000000008e+02 1.658944923835578658e-09 3.073324491378957475e-09 3.738871437431797074e-09 9.241952910811731212e-09 1.432330867701244671e-08 2.942798622596024572e-08
1.321940999999999917e+02 1.242484181035614041e-09 2.598149397431738597e-09 2.760432828077244456e-09 8.147301723790131630e-09 1.250064926508727849e-08 2.530192911843347453e-08
1.417473999999999990e+02 1.191990207826565405e-09 2.431766693249898854e-09 2.992141904431151694e-09 7.420672751592053665e-09 1.175567318339334292e-08 2.482847038720053156e-08
1.519910999999999888e+02 9.935902624819510840e-10 1.904876456806116369e-09 2.314645820368056139e-09 6.528668610313361005e-09 1.019389588876819760e-08 2.211269037139021957e-08
1.629750999999999976e+02 9.413303135732906175e-10 1.800125516824269545e-09 2.131399858807242882e-09 6.062168393023632200e-09 9.371898272894973963e-09 2.025958710228212166e-08
1.747528000000000077e+02 8.936576517945774058e-10 1.708395315210300259e-09 2.055041247085249566e-09 5.569369786001776876e-09 8.647977323270139237e-09 1.866851589973667150e-08
1.873817999999999984e+02 8.503112624595129443e-10 1.665530778838615152e-09 2.046572878180938744e-09 5.055390745496311017e-09 7.999684961830228091e-09 1.752175152363531440e-08
2.009233000000000118e+02 8.126028976052384664e-10 1.451718554229279326e-09 1.861548115927268460e-09 4.444154157976721314e-09 6.904602987951134629e-09 1.588034368371469240e-08
2.154435000000000002e+02 6.665277228393010198e-10 1.177750539233281863e-09 1.412762066498858287e-09 3.831793244964211555e-09 5.955867132160324305e-09 1.346054756680349364e-08
2.310130000000000052e+02 5.659112463534309814e-10 1.163929618223555286e-09 1.326710542999273551e-09 3.680199134624407209e-09 5.567652162872148524e-09 1.243036953669172172e-08
2.477076000000000136e+02 5.590192000763821187e-10 1.017981156574572324e-09 1.174516150176697366e-09 3.242369359106873948e-09 5.000942343650507256e-09 1.107694118396233275e-08
2.656087999999999738e+02 5.584864026582537677e-10 9.245738003441559537e-10 1.175029624844459138e-09 2.762341467396343484e-09 4.413778960991583951e-09 9.942825968261777260e-09
2.848036000000000172e+02 5.101188362429181485e-10 8.795157363318527105e-10 1.058832958436482961e-09 2.623787928451669036e-09 4.045294320884430619e-09 9.002762261428278472e-09
3.053854999999999791e+02 4.932457875967974290e-10 8.685101703100124713e-10 1.042875101726204871e-09 2.366117473909743398e-09 3.753444909542234082e-09 8.269115953587466632e-09
3.274549000000000092e+02 4.472920754965118569e-10 7.616555894414962682e-10 9.099560836717629639e-10 2.199719044391740300e-09 3.374616454904676226e-09 7.294635123423121658e-09
3.511191000000000031e+02 3.851890369141126186e-10 6.996807566903290647e-10 7.617175934495830874e-10 1.958453817498177402e-09 3.000655908093457086e-09 6.446616982160458867e-09
3.764936000000000149e+02 3.767319072092585453e-10 6.358889387869097462e-10 7.531713349271464265e-10 1.759387994955218843e-09 2.657335790579084238e-09 5.799667171228652825e-09
4.037017000000000166e+02 3.538123921848140451e-10 5.653109962338773732e-10 6.790027275182171363e-10 1.602405508021895903e-09 2.431216205585312749e-09 5.241982461874502033e-09
4.328761999999999830e+02 3.423945818833749928e-10 5.688903463983805411e-10 6.296795077407136623e-10 1.473144719031857344e-09 2.178573676912202302e-09 4.657071088988480971e-09
4.641589999999999918e+02 2.849553565747752359e-10 5.198559502972496829e-10 5.632829487752167787e-10 1.348536611513873876e-09 1.995429461484563047e-09 4.183651221235451092e-09
4.977022999999999797e+02 2.956265018600670978e-10 4.950004729457395416e-10 5.840236001528756179e-10 1.256267828326510736e-09 1.841981808503911803e-09 3.817628317847823430e-09
5.336698999999999842e+02 2.794264780209471930e-10 4.605091778367781610e-10 5.353706656429892533e-10 1.129176902976983389e-09 1.679693678246146806e-09 3.490020743742890837e-09
5.722368000000000166e+02 2.904116393931129378e-10 4.365375437673129076e-10 5.262215246000613158e-10 1.042318928896094349e-09 1.513788729910766371e-09 3.118763692771029606e-09
6.135907999999999447e+02 2.525228960476360281e-10 3.993513098661551615e-10 4.432441287374965701e-10 9.599684954483725903e-10 1.366966258634288178e-09 2.781786450569490145e-09
6.579333000000000311e+02 2.301225617930340292e-10 3.804365410375846252e-10 4.187910990591078483e-10 8.841371409703890349e-10 1.273686648701487470e-09 2.520810764279211461e-09
7.054804000000000315e+02 2.375178034074972188e-10 3.753816017069992704e-10 4.146318544036091747e-10 8.517726580303202203e-10 1.180786487191029978e-09 2.253607398917769862e-09
7.564632000000000289e+02 2.055388797829939435e-10 3.477276906718875292e-10 3.975598367163640569e-10 7.708787031814207277e-10 1.086038245250069359e-09 2.071090834974627297e-09
8.111308000000000220e+02 2.088218052302961144e-10 3.363630114714456209e-10 3.753914785300771588e-10 7.410108752156859778e-10 1.018560401581696065e-09 1.881002500684331886e-09
8.697490000000000236e+02 1.985604412265117525e-10 3.201726695325394476e-10 3.601578139526426870e-10 7.002586599491516011e-10 9.513384871993517749e-10 1.719031787304804565e-09
9.326033999999999651e+02 1.949534889997023707e-10 3.055313232070777371e-10 3.423504999362716438e-10 6.519369005490748071e-10 8.771156757608999052e-10 1.579049912420881637e-09
1.000000099999999975e+03 1.816003048805550291e-10 2.914557290408268473e-10 3.227230303420003082e-10 6.089790776312704362e-10 8.334199434275480248e-10 1.437936753313093580e-09
1.072267000000000053e+03 1.751743906802736350e-10 2.699653276910617321e-10 3.065623266274978533e-10 5.778937969867749284e-10 7.745532403071982708e-10 1.323077612762220400e-09
1.149756800000000112e+03 1.676348133038491591e-10 2.530838395494920157e-10 3.021752377499351724e-10 5.556785638254396219e-10 7.325955734297082105e-10 1.260161868857575248e-09
1.232846700000000055e+03 1.591632426557328711e-10 2.432054868834033789e-10 2.726071408351370879e-10 5.225310286128810730e-10 6.821620616314537245e-10 1.141924303433566595e-09
1.321941199999999981e+03 1.463297625993541389e-10 2.362454018874757328e-10 2.673452967784722227e-10 4.985820988297448804e-10 6.625244711518442068e-10 1.075470952984681582e-09
1.417474300000000085e+03 1.406331191979062516e-10 2.206410119454440163e-10 2.567378487964070981e-10 4.737052921680454715e-10 6.256344850067801537e-10 1.022076090804354362e-09
1.519911299999999983e+03 1.281412258423027529e-10 2.095204375749000683e-10 2.411768660116494186e-10 4.500897963407007067e-10 5.904163937575830773e-10 9.340149818223899580e-10
1.629750500000000102e+03 1.162672133606261286e-10 1.986260601262533689e-10 2.222594274871964841e-10 4.265055159689794140e-10 5.635211504824922681e-10 8.851559377579333397e-10
1.747528199999999970e+03 1.132602614302582352e-10 1.896891904003692239e-10 2.167248723056906671e-10 4.070702867167211300e-10 5.317879298324742774e-10 8.316727361694679155e-10
1.873817299999999932e+03 1.061368979294840038e-10 1.791131872096910353e-10 2.040034357429126658e-10 3.894446683429586798e-10 5.072734815741244366e-10 7.959576771936800820e-10
2.009232999999999947e+03 1.028408871942858998e-10 1.707666495550183320e-10 2.001046954910580342e-10 3.716102285749811270e-10 4.893159149637781977e-10 7.602880959011206957e-10
2.154434900000000198e+03 8.908495293002609123e-11 1.578977356622955830e-10 1.835110266965434153e-10 3.527258335181326473e-10 4.662089429806286213e-10 7.120001211888597923e-10
2.310130099999999857e+03 8.654665426498558547e-11 1.497499754112063636e-10 1.737231539479355660e-10 3.418341098191541794e-10 4.431756674786827783e-10 6.747154924163998054e-10
2.477075899999999820e+03 8.118064085475106472e-11 1.391624391120143492e-10 1.621696646092992558e-10 3.176812536906797345e-10 4.146821015259010133e-10 6.372918268862999198e-10
2.656087500000000091e+03 7.275728785715233272e-11 1.295434270581664813e-10 1.521948342407305532e-10 3.005531191835384623e-10 3.992056240888071617e-10 6.118327891983733393e-10
2.848035800000000108e+03 6.495616028194060304e-11 1.211917662984121224e-10 1.391053660073408906e-10 2.845297185674801804e-10 3.784658925863434291e-10 5.755369895941784622e-10
3.053855599999999868e+03 6.327619926672160642e-11 1.141814251845261089e-10 1.324954857449400470e-10 2.714417862576308612e-10 3.582633671229052846e-10 5.536792321491284284e-10
3.274549500000000080e+03 5.636597042785240091e-11 1.011902627348997208e-10 1.228717256519785036e-10 2.543439799499989168e-10 3.385806022239411667e-10 5.239405626653357499e-10
3.511192300000000159e+03 4.943268968786107534e-11 9.376852998037488885e-11 1.108922977817314507e-10 2.385109364378604151e-10 3.199947039569016924e-10 5.029446493036487090e-10
3.764935199999999895e+03 4.749943764666131897e-11 8.643284852556342749e-11 1.018454981994641501e-10 2.208276734103788252e-10 2.993486655550944948e-10 4.670485987693516249e-10
4.037016900000000078e+03 3.908914217159058530e-11 7.908931764938910808e-11 9.253743881014042577e-11 2.058755164639515828e-10 2.818674171736667054e-10 4.425324758512792625e-10
4.328761199999999917e+03 3.742881961524114268e-11 7.250298684790100862e-11 8.542689513624753612e-11 1.949754660968026868e-10 2.691145976505397594e-10 4.211205075257697532e-10
4.641588999999999942e+03 3.410673402365238376e-11 6.524389698602268308e-11 8.235492026059637790e-11 1.784315072914832181e-10 2.503815778915984835e-10 4.034114739921275837e-10
4.977024099999999635e+03 3.109155364898079355e-11 5.935589433803271837e-11 7.297667025148807695e-11 1.665773963708982522e-10 2.328979601101586441e-10 3.760274818346895312e-10
5.336700200000000223e+03 2.625019317272600847e-11 5.293596842467464192e-11 6.485166483422027362e-11 1.561641310451585494e-10 2.181291837632476427e-10 3.565205213419680043e-10
5.722366799999999785e+03 2.231648982785446363e-11 4.774892992791411059e-11 5.799954441745786855e-11 1.416492571047105457e-10 2.003185170222459398e-10 3.335521728921664430e-10
6.135906799999999748e+03 2.033895843811622160e-11 4.261723425685288298e-11 5.101074325704120155e-11 1.299138772003147901e-10 1.847344943968553966e-10 3.110971893986516730e-10
6.579332199999999830e+03 1.707291925844160664e-11 3.724090067209113795e-11 4.408037076826358605e-11 1.175972079166111247e-10 1.701361174833814419e-10 2.910992864508869202e-10
7.054802700000000186e+03 1.558024082916269791e-11 3.375951219313127098e-11 4.174858920344889510e-11 1.088862614035219591e-10 1.574955414377541941e-10 2.764329420698297610e-10
7.564634299999999712e+03 1.296232636946735006e-11 2.940908931044356180e-11 3.582400848449496722e-11 9.869681583075634212e-11 1.450269490575966171e-10 2.549327268847778728e-10
8.111309900000000198e+03 1.215864404224504675e-11 2.556990612902247777e-11 3.161143105924124740e-11 8.795845613334727887e-11 1.317651149430561938e-10 2.366033714136680127e-10
8.697488799999999173e+03 9.912189002913764531e-12 2.195375251897732994e-11 2.708910698528603872e-11 7.871092922474513273e-11 1.194881227592024259e-10 2.168208549651704906e-10
9.326032800000000861e+03 8.561925677207665869e-12 1.975801861052921903e-11 2.403517846065954263e-11 7.109501349753010251e-11 1.085338575535425152e-10 2.018075976435584343e-10
1.000000000000000000e+04 7.616651641138929073e-12 1.682850984026738248e-11 2.027764907433713834e-11 6.326705002596749508e-11 9.773095629579751627e-11 1.847895848852489837e-10
