   10.0000  0.1858654E-07  0.2847847E-07  0.3195582E-07  0.5414160E-07  0.6734911E-07  0.9394101E-07
   10.7227  0.1805999E-07  0.2796512E-07  0.3146573E-07  0.5407056E-07  0.6764279E-07  0.9521388E-07
   11.4976  0.1749744E-07  0.2738467E-07  0.3089822E-07  0.5387195E-07  0.6778866E-07  0.9632313E-07
   12.3285  0.1690978E-07  0.2674712E-07  0.3026276E-07  0.5354991E-07  0.6778740E-07  0.9726276E-07
   13.2194  0.1629528E-07  0.2604973E-07  0.2955604E-07  0.5309543E-07  0.6762629E-07  0.9801272E-07
   14.1747  0.1565530E-07  0.2529352E-07  0.2877867E-07  0.5250387E-07  0.6729694E-07  0.9855694E-07
   15.1991  0.1499270E-07  0.2448145E-07  0.2793331E-07  0.5177287E-07  0.6679319E-07  0.9888109E-07
   16.2975  0.1431363E-07  0.2362031E-07  0.2702666E-07  0.5090450E-07  0.6611331E-07  0.9897489E-07
   17.4753  0.1363136E-07  0.2272507E-07  0.2607386E-07  0.4991022E-07  0.6526512E-07  0.9883744E-07
   18.7382  0.1294662E-07  0.2179811E-07  0.2507760E-07  0.4878925E-07  0.6424411E-07  0.9845505E-07
   20.0923  0.1225669E-07  0.2083876E-07  0.2403769E-07  0.4753895E-07  0.6304404E-07  0.9781203E-07
   21.5443  0.1157197E-07  0.1986055E-07  0.2296851E-07  0.4617328E-07  0.6167582E-07  0.9690976E-07
   23.1013  0.1090045E-07  0.1887471E-07  0.2188220E-07  0.4470536E-07  0.6015003E-07  0.9574906E-07
   24.7708  0.1024213E-07  0.1788464E-07  0.2078315E-07  0.4314162E-07  0.5847124E-07  0.9432497E-07
   26.5609  0.9599647E-08  0.1689689E-07  0.1967917E-07  0.4149332E-07  0.5664982E-07  0.9263902E-07
   28.4804  0.8977965E-08  0.1592068E-07  0.1858090E-07  0.3977597E-07  0.5470134E-07  0.9069889E-07
   30.5386  0.8379851E-08  0.1496302E-07  0.1749691E-07  0.3800446E-07  0.5264163E-07  0.8851398E-07
   32.7455  0.7806208E-08  0.1402896E-07  0.1643386E-07  0.3619321E-07  0.5048694E-07  0.8609608E-07
   35.1119  0.7258163E-08  0.1312355E-07  0.1539844E-07  0.3435814E-07  0.4825600E-07  0.8346147E-07
   37.6494  0.6736782E-08  0.1225142E-07  0.1439687E-07  0.3251599E-07  0.4596948E-07  0.8063017E-07
   40.3702  0.6242132E-08  0.1141566E-07  0.1343369E-07  0.3068275E-07  0.4364855E-07  0.7762469E-07
   43.2876  0.5773595E-08  0.1061792E-07  0.1251182E-07  0.2887332E-07  0.4131444E-07  0.7447012E-07
   46.4159  0.5330651E-08  0.9859291E-08  0.1163336E-07  0.2710180E-07  0.3898865E-07  0.7119498E-07
   49.7702  0.4912582E-08  0.9139893E-08  0.1079915E-07  0.2538055E-07  0.3669174E-07  0.6783015E-07
   53.3670  0.4518342E-08  0.8458776E-08  0.1000862E-07  0.2371937E-07  0.3444220E-07  0.6440784E-07
   57.2237  0.4146942E-08  0.7814464E-08  0.9260387E-08  0.2212558E-07  0.3225618E-07  0.6096110E-07
   61.3591  0.3797741E-08  0.7205411E-08  0.8552707E-08  0.2060414E-07  0.3014707E-07  0.5752307E-07
   65.7933  0.3470183E-08  0.6629910E-08  0.7883478E-08  0.1915726E-07  0.2812472E-07  0.5412545E-07
   70.5480  0.3163792E-08  0.6086295E-08  0.7250496E-08  0.1778464E-07  0.2619516E-07  0.5079722E-07
   75.6463  0.2878244E-08  0.5573224E-08  0.6651840E-08  0.1648395E-07  0.2436080E-07  0.4756359E-07
   81.1131  0.2613428E-08  0.5089946E-08  0.6086239E-08  0.1525162E-07  0.2262094E-07  0.4444522E-07
   86.9749  0.2369195E-08  0.4636150E-08  0.5553007E-08  0.1408325E-07  0.2097212E-07  0.4145722E-07
   93.2603  0.2145249E-08  0.4211898E-08  0.5052046E-08  0.1297429E-07  0.1940893E-07  0.3860870E-07
  100.0000  0.1941105E-08  0.3817559E-08  0.4583837E-08  0.1192079E-07  0.1792500E-07  0.3590306E-07
  107.2267  0.1756058E-08  0.3453631E-08  0.4149268E-08  0.1092001E-07  0.1651410E-07  0.3333849E-07
  114.9757  0.1589074E-08  0.3120368E-08  0.3749200E-08  0.9970743E-08  0.1517100E-07  0.3090886E-07
  123.2847  0.1438851E-08  0.2817527E-08  0.3384101E-08  0.9073534E-08  0.1389232E-07  0.2860509E-07
  132.1941  0.1303912E-08  0.2544152E-08  0.3053643E-08  0.8230489E-08  0.1267717E-07  0.2641665E-07
  141.7474  0.1182753E-08  0.2298508E-08  0.2756454E-08  0.7444756E-08  0.1152728E-07  0.2433321E-07
  151.9911  0.1073946E-08  0.2078167E-08  0.2490053E-08  0.6719558E-08  0.1044654E-07  0.2234619E-07
  162.9751  0.9762525E-09  0.1880347E-08  0.2251174E-08  0.6057038E-08  0.9439974E-08  0.2045012E-07
  174.7528  0.8886472E-09  0.1702336E-08  0.2036327E-08  0.5457222E-08  0.8512208E-08  0.1864366E-07
  187.3818  0.8102851E-09  0.1541899E-08  0.1842467E-08  0.4917494E-08  0.7665910E-08  0.1693004E-07
  200.9233  0.7404004E-09  0.1397437E-08  0.1667413E-08  0.4432828E-08  0.6900534E-08  0.1531650E-07
  215.4435  0.6782345E-09  0.1267883E-08  0.1509873E-08  0.3996869E-08  0.6212015E-08  0.1381280E-07
  231.0130  0.6229987E-09  0.1152364E-08  0.1369040E-08  0.3603402E-08  0.5593501E-08  0.1242852E-07
  247.7076  0.5739044E-09  0.1049850E-08  0.1243991E-08  0.3247592E-08  0.5036903E-08  0.1116993E-07
  265.6088  0.5302174E-09  0.9590022E-09  0.1133294E-08  0.2926376E-08  0.4534626E-08  0.1003708E-07
  284.8036  0.4913043E-09  0.8783604E-09  0.1035158E-08  0.2637845E-08  0.4080690E-08  0.9022741E-08
  305.3855  0.4566208E-09  0.8066247E-09  0.9478823E-09  0.2380209E-08  0.3670952E-08  0.8113660E-08
  327.4549  0.4256818E-09  0.7427954E-09  0.8701812E-09  0.2151141E-08  0.3302629E-08  0.7294183E-08
  351.1191  0.3980329E-09  0.6860983E-09  0.8011612E-09  0.1947779E-08  0.2973444E-08  0.6550754E-08
  376.4936  0.3732516E-09  0.6357977E-09  0.7400236E-09  0.1767220E-08  0.2680867E-08  0.5875004E-08
  403.7017  0.3509605E-09  0.5910964E-09  0.6858306E-09  0.1606960E-08  0.2421689E-08  0.5263931E-08
  432.8762  0.3308351E-09  0.5512397E-09  0.6376209E-09  0.1464870E-08  0.2192135E-08  0.4716817E-08
  464.1590  0.3125868E-09  0.5156246E-09  0.5946335E-09  0.1338995E-08  0.1988471E-08  0.4231195E-08
  497.7023  0.2959535E-09  0.4837512E-09  0.5562874E-09  0.1227534E-08  0.1807642E-08  0.3801398E-08
  533.6699  0.2807013E-09  0.4551296E-09  0.5220102E-09  0.1128890E-08  0.1647405E-08  0.3420072E-08
  572.2368  0.2666302E-09  0.4292918E-09  0.4912180E-09  0.1041599E-08  0.1505871E-08  0.3080745E-08
  613.5908  0.2535684E-09  0.4058410E-09  0.4634058E-09  0.9642725E-09  0.1380983E-08  0.2779262E-08
  657.9333  0.2413655E-09  0.3844503E-09  0.4381710E-09  0.8956562E-09  0.1270564E-08  0.2512763E-08
  705.4804  0.2298910E-09  0.3648327E-09  0.4151663E-09  0.8346523E-09  0.1172769E-08  0.2277792E-08
  756.4632  0.2190319E-09  0.3467286E-09  0.3940721E-09  0.7802744E-09  0.1086161E-08  0.2070282E-08
  811.1308  0.2086933E-09  0.3299107E-09  0.3746048E-09  0.7316314E-09  0.1009409E-08  0.1886848E-08
  869.7490  0.1987934E-09  0.3141817E-09  0.3565180E-09  0.6879442E-09  0.9411770E-09  0.1725012E-08
  932.6034  0.1892663E-09  0.2993735E-09  0.3396009E-09  0.6485439E-09  0.8802769E-09  0.1582420E-08
 1000.0001  0.1800559E-09  0.2853404E-09  0.3236692E-09  0.6128395E-09  0.8257401E-09  0.1456584E-08
 1072.2670  0.1711191E-09  0.2719604E-09  0.3085674E-09  0.5803061E-09  0.7767361E-09  0.1345234E-08
 1149.7568  0.1624208E-09  0.2591304E-09  0.2941631E-09  0.5504793E-09  0.7325052E-09  0.1246491E-08
 1232.8467  0.1539354E-09  0.2467657E-09  0.2803458E-09  0.5229566E-09  0.6923678E-09  0.1158763E-08
 1321.9412  0.1456446E-09  0.2347969E-09  0.2670240E-09  0.4973893E-09  0.6557317E-09  0.1080622E-08
 1417.4743  0.1375361E-09  0.2231680E-09  0.2541223E-09  0.4734759E-09  0.6220815E-09  0.1010791E-08
 1519.9113  0.1296049E-09  0.2118372E-09  0.2415823E-09  0.4509601E-09  0.5909704E-09  0.9481446E-09
 1629.7505  0.1218487E-09  0.2007711E-09  0.2293564E-09  0.4296215E-09  0.5620107E-09  0.8916841E-09
 1747.5282  0.1142720E-09  0.1899491E-09  0.2174119E-09  0.4092767E-09  0.5348724E-09  0.8405346E-09
 1873.8173  0.1068801E-09  0.1793560E-09  0.2057237E-09  0.3897699E-09  0.5092718E-09  0.7939311E-09
 2009.2330  0.9968334E-10  0.1689869E-09  0.1942786E-09  0.3709751E-09  0.4849711E-09  0.7512139E-09
 2154.4349  0.9269230E-10  0.1588407E-09  0.1830691E-09  0.3527880E-09  0.4617680E-09  0.7118111E-09
 2310.1301  0.8592048E-10  0.1489237E-09  0.1720964E-09  0.3351273E-09  0.4394965E-09  0.6752325E-09
 2477.0759  0.7938099E-10  0.1392451E-09  0.1613661E-09  0.3179294E-09  0.4180192E-09  0.6410573E-09
 2656.0875  0.7308802E-10  0.1298186E-09  0.1508896E-09  0.3011478E-09  0.3972264E-09  0.6089277E-09
 2848.0358  0.6705477E-10  0.1206597E-09  0.1406813E-09  0.2847501E-09  0.3770313E-09  0.5785411E-09
 3053.8556  0.6129419E-10  0.1117864E-09  0.1307591E-09  0.2687170E-09  0.3573684E-09  0.5496447E-09
 3274.5495  0.5581736E-10  0.1032171E-09  0.1211423E-09  0.2530394E-09  0.3381897E-09  0.5220279E-09
 3511.1923  0.5063417E-10  0.9497083E-10  0.1118518E-09  0.2377181E-09  0.3194634E-09  0.4955189E-09
 3764.9352  0.4575200E-10  0.8706574E-10  0.1029082E-09  0.2227608E-09  0.3011709E-09  0.4699786E-09
 4037.0169  0.4117623E-10  0.7951910E-10  0.9433215E-10  0.2081819E-09  0.2833054E-09  0.4452967E-09
 4328.7612  0.3690943E-10  0.7234618E-10  0.8614250E-10  0.1940006E-09  0.2658695E-09  0.4213884E-09
 4641.5890  0.3295177E-10  0.6556019E-10  0.7835666E-10  0.1802396E-09  0.2488741E-09  0.3981906E-09
 4977.0241  0.2930047E-10  0.5917132E-10  0.7098923E-10  0.1669239E-09  0.2323363E-09  0.3756583E-09
 5336.7002  0.2595031E-10  0.5318685E-10  0.6405202E-10  0.1540797E-09  0.2162779E-09  0.3537627E-09
 5722.3668  0.2289338E-10  0.4761051E-10  0.5755330E-10  0.1417335E-09  0.2007242E-09  0.3324879E-09
 6135.9068  0.2011947E-10  0.4244250E-10  0.5149766E-10  0.1299105E-09  0.1857023E-09  0.3118288E-09
 6579.3322  0.1761627E-10  0.3767939E-10  0.4588576E-10  0.1186343E-09  0.1712404E-09  0.2917888E-09
 7054.8027  0.1536973E-10  0.3331421E-10  0.4071432E-10  0.1079257E-09  0.1573661E-09  0.2723781E-09
 7564.6343  0.1336432E-10  0.2933651E-10  0.3597606E-10  0.9780216E-10  0.1441055E-09  0.2536117E-09
 8111.3099  0.1158349E-10  0.2573270E-10  0.3165990E-10  0.8827706E-10  0.1314823E-09  0.2355080E-09
 8697.4888  0.1001000E-10  0.2248634E-10  0.2775125E-10  0.7935930E-10  0.1195168E-09  0.2180870E-09
 9326.0328  0.8626340E-11  0.1957853E-10  0.2423227E-10  0.7105276E-10  0.1082255E-09  0.2013690E-09
10000.0000  0.7415039E-11  0.1698846E-10  0.2108246E-10  0.6335638E-10  0.9761986E-10  0.1853740E-09
