   10.0000  0.1859028E-07  0.2848335E-07  0.3196106E-07  0.5414831E-07  0.6735640E-07  0.9394895E-07
   10.7227  0.1806378E-07  0.2797014E-07  0.3147114E-07  0.5407764E-07  0.6765053E-07  0.9522238E-07
   11.4976  0.1750127E-07  0.2738982E-07  0.3090378E-07  0.5387940E-07  0.6779686E-07  0.9633222E-07
   12.3285  0.1691364E-07  0.2675237E-07  0.3026846E-07  0.5355772E-07  0.6779608E-07  0.9727246E-07
   13.2194  0.1629916E-07  0.2605507E-07  0.2956185E-07  0.5310359E-07  0.6763544E-07  0.9802307E-07
   14.1747  0.1565920E-07  0.2529892E-07  0.2878457E-07  0.5251237E-07  0.6730657E-07  0.9856796E-07
   15.1991  0.1499660E-07  0.2448690E-07  0.2793929E-07  0.5178167E-07  0.6680329E-07  0.9889280E-07
   16.2975  0.1431753E-07  0.2362578E-07  0.2703267E-07  0.5091358E-07  0.6612385E-07  0.9898731E-07
   17.4753  0.1363526E-07  0.2273055E-07  0.2607989E-07  0.4991954E-07  0.6527607E-07  0.9885057E-07
   18.7382  0.1295052E-07  0.2180359E-07  0.2508364E-07  0.4879875E-07  0.6425542E-07  0.9846888E-07
   20.0923  0.1226059E-07  0.2084424E-07  0.2404373E-07  0.4754857E-07  0.6305564E-07  0.9782656E-07
   21.5443  0.1157587E-07  0.1986602E-07  0.2297455E-07  0.4618298E-07  0.6168765E-07  0.9692494E-07
   23.1013  0.1090434E-07  0.1888018E-07  0.2188824E-07  0.4471510E-07  0.6016201E-07  0.9576484E-07
   24.7708  0.1024603E-07  0.1789012E-07  0.2078919E-07  0.4315138E-07  0.5848332E-07  0.9434129E-07
   26.5609  0.9603544E-08  0.1690237E-07  0.1968520E-07  0.4150308E-07  0.5666194E-07  0.9265577E-07
   28.4804  0.8981862E-08  0.1592615E-07  0.1858693E-07  0.3978573E-07  0.5471348E-07  0.9071596E-07
   30.5386  0.8383748E-08  0.1496849E-07  0.1750294E-07  0.3801421E-07  0.5265376E-07  0.8853124E-07
   32.7455  0.7810104E-08  0.1403443E-07  0.1643989E-07  0.3620296E-07  0.5049907E-07  0.8611343E-07
   35.1119  0.7262058E-08  0.1312902E-07  0.1540447E-07  0.3436789E-07  0.4826813E-07  0.8347884E-07
   37.6494  0.6740676E-08  0.1225689E-07  0.1440290E-07  0.3252574E-07  0.4598161E-07  0.8064756E-07
   40.3702  0.6246026E-08  0.1142113E-07  0.1343971E-07  0.3069250E-07  0.4366067E-07  0.7764207E-07
   43.2876  0.5777488E-08  0.1062339E-07  0.1251785E-07  0.2888307E-07  0.4132656E-07  0.7448750E-07
   46.4159  0.5334543E-08  0.9864759E-08  0.1163939E-07  0.2711155E-07  0.3900077E-07  0.7121235E-07
   49.7702  0.4916474E-08  0.9145359E-08  0.1080517E-07  0.2539030E-07  0.3670386E-07  0.6784752E-07
   53.3670  0.4522233E-08  0.8464242E-08  0.1001465E-07  0.2372911E-07  0.3445432E-07  0.6442520E-07
   57.2237  0.4150833E-08  0.7819929E-08  0.9266407E-08  0.2213532E-07  0.3226829E-07  0.6097846E-07
   61.3591  0.3801631E-08  0.7210875E-08  0.8558726E-08  0.2061388E-07  0.3015918E-07  0.5754043E-07
   65.7933  0.3474073E-08  0.6635373E-08  0.7889496E-08  0.1916700E-07  0.2813682E-07  0.5414281E-07
   70.5480  0.3167680E-08  0.6091757E-08  0.7256513E-08  0.1779437E-07  0.2620726E-07  0.5081457E-07
   75.6463  0.2882131E-08  0.5578684E-08  0.6657855E-08  0.1649368E-07  0.2437290E-07  0.4758094E-07
   81.1131  0.2617314E-08  0.5095404E-08  0.6092252E-08  0.1526134E-07  0.2263303E-07  0.4446257E-07
   86.9749  0.2373079E-08  0.4641606E-08  0.5559018E-08  0.1409298E-07  0.2098421E-07  0.4147456E-07
   93.2603  0.2149132E-08  0.4217353E-08  0.5058055E-08  0.1298402E-07  0.1942102E-07  0.3862604E-07
  100.0000  0.1944986E-08  0.3823011E-08  0.4589844E-08  0.1193051E-07  0.1793708E-07  0.3592039E-07
  107.2267  0.1759936E-08  0.3459080E-08  0.4155271E-08  0.1092972E-07  0.1652618E-07  0.3335582E-07
  114.9757  0.1592949E-08  0.3125814E-08  0.3755200E-08  0.9980453E-08  0.1518307E-07  0.3092618E-07
  123.2847  0.1442722E-08  0.2822969E-08  0.3390096E-08  0.9083239E-08  0.1390439E-07  0.2862240E-07
  132.1941  0.1307779E-08  0.2549589E-08  0.3059634E-08  0.8240188E-08  0.1268924E-07  0.2643395E-07
  141.7474  0.1186614E-08  0.2303939E-08  0.2762439E-08  0.7454449E-08  0.1153934E-07  0.2435051E-07
  151.9911  0.1077800E-08  0.2083591E-08  0.2496032E-08  0.6729243E-08  0.1045859E-07  0.2236347E-07
  162.9751  0.9801001E-09  0.1885764E-08  0.2257144E-08  0.6066715E-08  0.9452013E-08  0.2046740E-07
  174.7528  0.8924865E-09  0.1707744E-08  0.2042289E-08  0.5466890E-08  0.8524237E-08  0.1866093E-07
  187.3818  0.8141151E-09  0.1547297E-08  0.1848419E-08  0.4927151E-08  0.7677928E-08  0.1694729E-07
  200.9233  0.7442199E-09  0.1402825E-08  0.1673354E-08  0.4442473E-08  0.6912539E-08  0.1533374E-07
  215.4435  0.6820424E-09  0.1273258E-08  0.1515802E-08  0.4006501E-08  0.6224007E-08  0.1383002E-07
  231.0130  0.6267937E-09  0.1157726E-08  0.1374955E-08  0.3613020E-08  0.5605478E-08  0.1244573E-07
  247.7076  0.5776851E-09  0.1055197E-08  0.1249891E-08  0.3257194E-08  0.5048864E-08  0.1118713E-07
  265.6088  0.5339824E-09  0.9643329E-09  0.1139177E-08  0.2935960E-08  0.4546569E-08  0.1005425E-07
  284.8036  0.4950520E-09  0.8836731E-09  0.1041023E-08  0.2647410E-08  0.4092613E-08  0.9039893E-08
  305.3855  0.4603495E-09  0.8119176E-09  0.9537273E-09  0.2389753E-08  0.3682852E-08  0.8130789E-08
  327.4549  0.4293897E-09  0.7480665E-09  0.8760042E-09  0.2160662E-08  0.3314506E-08  0.7311287E-08
  351.1191  0.4017182E-09  0.6913457E-09  0.8069602E-09  0.1957274E-08  0.2985295E-08  0.6567831E-08
  376.4936  0.3769125E-09  0.6410195E-09  0.7457966E-09  0.1776689E-08  0.2692690E-08  0.5892052E-08
  403.7017  0.3545952E-09  0.5962906E-09  0.6915756E-09  0.1616399E-08  0.2433482E-08  0.5280948E-08
  432.8762  0.3344417E-09  0.5564042E-09  0.6433357E-09  0.1474277E-08  0.2203896E-08  0.4733800E-08
  464.1590  0.3161634E-09  0.5207572E-09  0.6003159E-09  0.1348367E-08  0.2000196E-08  0.4248141E-08
  497.7023  0.2994980E-09  0.4888497E-09  0.5619350E-09  0.1236869E-08  0.1819330E-08  0.3818304E-08
  533.6699  0.2842116E-09  0.4601916E-09  0.5276206E-09  0.1138186E-08  0.1659051E-08  0.3436936E-08
  572.2368  0.2701041E-09  0.4343146E-09  0.4967885E-09  0.1050852E-08  0.1517474E-08  0.3097564E-08
  613.5908  0.2570034E-09  0.4108219E-09  0.4689335E-09  0.9734794E-09  0.1392538E-08  0.2796032E-08
  657.9333  0.2447592E-09  0.3893863E-09  0.4436529E-09  0.9048136E-09  0.1282069E-08  0.2529480E-08
  705.4804  0.2332409E-09  0.3697211E-09  0.4205993E-09  0.8437566E-09  0.1184218E-08  0.2294452E-08
  756.4632  0.2223354E-09  0.3515661E-09  0.3994530E-09  0.7893217E-09  0.1097551E-08  0.2086881E-08
  811.1308  0.2119476E-09  0.3346940E-09  0.3799301E-09  0.7406176E-09  0.1020737E-08  0.1903381E-08
  869.7490  0.2019959E-09  0.3189075E-09  0.3617842E-09  0.6968651E-09  0.9524363E-09  0.1741473E-08
  932.6034  0.1924140E-09  0.3040382E-09  0.3448041E-09  0.6573948E-09  0.8914632E-09  0.1598805E-08
 1000.0001  0.1831459E-09  0.2899402E-09  0.3288055E-09  0.6216155E-09  0.8368483E-09  0.1472887E-08
 1072.2670  0.1741485E-09  0.2764916E-09  0.3136328E-09  0.5890020E-09  0.7877605E-09  0.1361448E-08
 1149.7568  0.1653866E-09  0.2635890E-09  0.2991532E-09  0.5590898E-09  0.7434399E-09  0.1262611E-08
 1232.8467  0.1568344E-09  0.2511476E-09  0.2852563E-09  0.5314759E-09  0.7032065E-09  0.1174781E-08
 1321.9412  0.1484739E-09  0.2390979E-09  0.2718505E-09  0.5058113E-09  0.6664678E-09  0.1096530E-08
 1417.4743  0.1402926E-09  0.2273840E-09  0.2588601E-09  0.4817945E-09  0.6327080E-09  0.1026583E-08
 1519.9113  0.1322856E-09  0.2159637E-09  0.2462267E-09  0.4591687E-09  0.6014800E-09  0.9638102E-09
 1629.7505  0.1244507E-09  0.2048039E-09  0.2339025E-09  0.4377132E-09  0.5723956E-09  0.9072152E-09
 1747.5282  0.1167923E-09  0.1938837E-09  0.2218550E-09  0.4172446E-09  0.5451247E-09  0.8559219E-09
 1873.8173  0.1093160E-09  0.1831881E-09  0.2100587E-09  0.3976067E-09  0.5193831E-09  0.8091647E-09
 2009.2330  0.1020323E-09  0.1727121E-09  0.1985008E-09  0.3786733E-09  0.4949327E-09  0.7662836E-09
 2154.4349  0.9495182E-10  0.1624548E-09  0.1871736E-09  0.3603398E-09  0.4715710E-09  0.7267060E-09
 2310.1301  0.8808835E-10  0.1524226E-09  0.1760785E-09  0.3425250E-09  0.4491316E-09  0.6899414E-09
 2477.0759  0.8145522E-10  0.1426249E-09  0.1652212E-09  0.3251651E-09  0.4274769E-09  0.6555685E-09
 2656.0875  0.7506689E-10  0.1330754E-09  0.1546133E-09  0.3082134E-09  0.4064970E-09  0.6232290E-09
 2848.0358  0.6893687E-10  0.1237901E-09  0.1442693E-09  0.2916377E-09  0.3861050E-09  0.5926201E-09
 3053.8556  0.6307844E-10  0.1147872E-09  0.1342076E-09  0.2754186E-09  0.3662352E-09  0.5634884E-09
 3274.5495  0.5750306E-10  0.1060854E-09  0.1244477E-09  0.2595472E-09  0.3468397E-09  0.5356232E-09
 3511.1923  0.5222099E-10  0.9770426E-10  0.1150108E-09  0.2440243E-09  0.3278866E-09  0.5088523E-09
 3764.9352  0.4724002E-10  0.8966227E-10  0.1059182E-09  0.2288580E-09  0.3093574E-09  0.4830364E-09
 4037.0169  0.4256596E-10  0.8197724E-10  0.9719073E-10  0.2140632E-09  0.2912456E-09  0.4580653E-09
 4328.7612  0.3820181E-10  0.7466495E-10  0.8884802E-10  0.1996592E-09  0.2735540E-09  0.4338539E-09
 4641.5890  0.3414819E-10  0.6773919E-10  0.8090801E-10  0.1856693E-09  0.2562939E-09  0.4103392E-09
 4977.0241  0.3040275E-10  0.6121074E-10  0.7338592E-10  0.1721192E-09  0.2394827E-09  0.3874765E-09
 5336.7002  0.2696071E-10  0.5508751E-10  0.6629425E-10  0.1590358E-09  0.2231431E-09  0.3652372E-09
 5722.3668  0.2381455E-10  0.4937387E-10  0.5964195E-10  0.1464461E-09  0.2073009E-09  0.3436058E-09
 6135.9068  0.2095448E-10  0.4407065E-10  0.5343432E-10  0.1343765E-09  0.1919842E-09  0.3225776E-09
 6579.3322  0.1836852E-10  0.3917507E-10  0.4767277E-10  0.1228512E-09  0.1772218E-09  0.3021567E-09
 7054.8027  0.1604298E-10  0.3468080E-10  0.4235472E-10  0.1118923E-09  0.1630424E-09  0.2823542E-09
 7564.6343  0.1396258E-10  0.3057797E-10  0.3747359E-10  0.1015181E-09  0.1494734E-09  0.2631860E-09
 8111.3099  0.1211103E-10  0.2685356E-10  0.3301900E-10  0.9174334E-10  0.1365395E-09  0.2446713E-09
 8697.4888  0.1047128E-10  0.2349166E-10  0.2897697E-10  0.8257791E-10  0.1242626E-09  0.2268315E-09
 9326.0328  0.9025923E-11  0.2047383E-10  0.2533027E-10  0.7402693E-10  0.1126601E-09  0.2096883E-09
10000.0000  0.7757594E-11  0.1777966E-10  0.2205891E-10  0.6609052E-10  0.1017454E-09  0.1932629E-09
