   10.0000  0.1858654E-07  0.2847847E-07  0.3195582E-07  0.5414160E-07  0.6734911E-07  0.9394101E-07
   10.6675  0.1810036E-07  0.2800558E-07  0.3150481E-07  0.5408031E-07  0.6762622E-07  0.9512536E-07
   11.3795  0.1758233E-07  0.2747420E-07  0.3098650E-07  0.5390904E-07  0.6777620E-07  0.9616944E-07
   12.1391  0.1704240E-07  0.2689364E-07  0.3040978E-07  0.5363248E-07  0.6780104E-07  0.9706998E-07
   12.9494  0.1647982E-07  0.2626226E-07  0.2977254E-07  0.5324401E-07  0.6769117E-07  0.9781166E-07
   13.8137  0.1589465E-07  0.2557973E-07  0.2907410E-07  0.5273866E-07  0.6743864E-07  0.9838051E-07
   14.7358  0.1528936E-07  0.2484852E-07  0.2831666E-07  0.5211461E-07  0.6703866E-07  0.9876540E-07
   15.7194  0.1466627E-07  0.2407117E-07  0.2750259E-07  0.5137034E-07  0.6648665E-07  0.9895503E-07
   16.7686  0.1403505E-07  0.2325839E-07  0.2664267E-07  0.5051342E-07  0.6578723E-07  0.9894719E-07
   17.8879  0.1340290E-07  0.2241877E-07  0.2574566E-07  0.4954974E-07  0.6494339E-07  0.9873778E-07
   19.0819  0.1276715E-07  0.2155096E-07  0.2481052E-07  0.4847567E-07  0.6394854E-07  0.9831283E-07
   20.3556  0.1212822E-07  0.2065727E-07  0.2384000E-07  0.4729246E-07  0.6280117E-07  0.9766329E-07
   21.7143  0.1149563E-07  0.1974978E-07  0.2284689E-07  0.4601292E-07  0.6151174E-07  0.9679201E-07
   23.1637  0.1087476E-07  0.1883650E-07  0.2183993E-07  0.4464666E-07  0.6008795E-07  0.9569893E-07
   24.7098  0.1026512E-07  0.1791960E-07  0.2082209E-07  0.4319834E-07  0.5853300E-07  0.9437972E-07
   26.3592  0.9668893E-08  0.1700439E-07  0.1979967E-07  0.4167702E-07  0.5685527E-07  0.9283571E-07
   28.1186  0.9090104E-08  0.1609826E-07  0.1878121E-07  0.4009502E-07  0.5506704E-07  0.9107287E-07
   29.9955  0.8531451E-08  0.1520733E-07  0.1777403E-07  0.3846452E-07  0.5318116E-07  0.8909875E-07
   31.9977  0.7993400E-08  0.1433534E-07  0.1678314E-07  0.3679640E-07  0.5120981E-07  0.8692157E-07
   34.1335  0.7476858E-08  0.1348637E-07  0.1581393E-07  0.3510306E-07  0.4916736E-07  0.8455333E-07
   36.4118  0.6983215E-08  0.1266483E-07  0.1487211E-07  0.3339827E-07  0.4707037E-07  0.8200958E-07
   38.8423  0.6512365E-08  0.1187316E-07  0.1396132E-07  0.3169441E-07  0.4493487E-07  0.7930664E-07
   41.4350  0.6064233E-08  0.1111343E-07  0.1308470E-07  0.3000400E-07  0.4277798E-07  0.7646359E-07
   44.2007  0.5638500E-08  0.1038693E-07  0.1224449E-07  0.2833887E-07  0.4061692E-07  0.7350170E-07
   47.1510  0.5234395E-08  0.9693909E-08  0.1144167E-07  0.2670943E-07  0.3846819E-07  0.7044392E-07
   50.2983  0.4851382E-08  0.9034367E-08  0.1067672E-07  0.2512513E-07  0.3634792E-07  0.6731528E-07
   53.6557  0.4488815E-08  0.8407660E-08  0.9949279E-08  0.2359366E-07  0.3427073E-07  0.6414180E-07
   57.2371  0.4145732E-08  0.7812359E-08  0.9257942E-08  0.2212034E-07  0.3224896E-07  0.6094950E-07
   61.0576  0.3821671E-08  0.7247278E-08  0.8601370E-08  0.2070910E-07  0.3029320E-07  0.5776479E-07
   65.1331  0.3516233E-08  0.6711110E-08  0.7977943E-08  0.1936180E-07  0.2841142E-07  0.5461293E-07
   69.4807  0.3228942E-08  0.6202417E-08  0.7385801E-08  0.1807829E-07  0.2660864E-07  0.5151712E-07
   74.1184  0.2959579E-08  0.5720135E-08  0.6823420E-08  0.1685704E-07  0.2488734E-07  0.4849809E-07
   79.0657  0.2708067E-08  0.5263600E-08  0.6289705E-08  0.1569548E-07  0.2324762E-07  0.4557332E-07
   84.3433  0.2474234E-08  0.4832362E-08  0.5783859E-08  0.1459016E-07  0.2168727E-07  0.4275618E-07
   89.9731  0.2257899E-08  0.4426361E-08  0.5305618E-08  0.1353744E-07  0.2020253E-07  0.4005587E-07
   95.9787  0.2058814E-08  0.4045857E-08  0.4855227E-08  0.1253395E-07  0.1878865E-07  0.3747729E-07
  102.3851  0.1876504E-08  0.3691198E-08  0.4433224E-08  0.1157691E-07  0.1744050E-07  0.3502116E-07
  109.2192  0.1710301E-08  0.3362727E-08  0.4040336E-08  0.1066455E-07  0.1615331E-07  0.3268464E-07
  116.5094  0.1559298E-08  0.3060531E-08  0.3677168E-08  0.9796298E-08  0.1492326E-07  0.3046197E-07
  124.2863  0.1422445E-08  0.2784336E-08  0.3344014E-08  0.8972932E-08  0.1374813E-07  0.2834559E-07
  132.5822  0.1298555E-08  0.2533287E-08  0.3040500E-08  0.8196297E-08  0.1262752E-07  0.2632706E-07
  141.4319  0.1186424E-08  0.2305946E-08  0.2765452E-08  0.7468926E-08  0.1156296E-07  0.2439821E-07
  150.8724  0.1084921E-08  0.2100382E-08  0.2516897E-08  0.6793399E-08  0.1055755E-07  0.2255221E-07
  160.9429  0.9930503E-09  0.1914387E-08  0.2292261E-08  0.6171525E-08  0.9615295E-08  0.2078451E-07
  171.6856  0.9099729E-09  0.1745769E-08  0.2088755E-08  0.5603603E-08  0.8739999E-08  0.1909352E-07
  183.1454  0.8349968E-09  0.1592655E-08  0.1903844E-08  0.5088031E-08  0.7934256E-08  0.1748105E-07
  195.3701  0.7675012E-09  0.1453622E-08  0.1735569E-08  0.4621286E-08  0.7198433E-08  0.1595201E-07
  208.4108  0.7068892E-09  0.1327699E-08  0.1582675E-08  0.4198564E-08  0.6530296E-08  0.1451366E-07
  222.3220  0.6525454E-09  0.1214169E-08  0.1444418E-08  0.3814717E-08  0.5925238E-08  0.1317402E-07
  237.1617  0.6038367E-09  0.1112310E-08  0.1320175E-08  0.3465232E-08  0.5377127E-08  0.1193979E-07
  252.9919  0.5601487E-09  0.1021203E-08  0.1209067E-08  0.3146869E-08  0.4879534E-08  0.1081415E-07
  269.8788  0.5209230E-09  0.9397213E-09  0.1109822E-08  0.2857605E-08  0.4426786E-08  0.9795187E-08
  287.8929  0.4856779E-09  0.8667155E-09  0.1020992E-08  0.2596041E-08  0.4014530E-08  0.8875690E-08
  307.1094  0.4539922E-09  0.8011935E-09  0.9412727E-09  0.2360705E-08  0.3639733E-08  0.8044433E-08
  327.6086  0.4254853E-09  0.7423910E-09  0.8696888E-09  0.2149691E-08  0.3300286E-08  0.7288941E-08
  349.4761  0.3997971E-09  0.6897005E-09  0.8055443E-09  0.1960704E-08  0.2994394E-08  0.6598546E-08
  372.8030  0.3765912E-09  0.6425410E-09  0.7482108E-09  0.1791428E-08  0.2720065E-08  0.5966460E-08
  397.6872  0.3555626E-09  0.6002800E-09  0.6969530E-09  0.1639833E-08  0.2474811E-08  0.5389962E-08
  424.2323  0.3364479E-09  0.5623020E-09  0.6509920E-09  0.1504195E-08  0.2255678E-08  0.4868486E-08
  452.5493  0.3190113E-09  0.5280957E-09  0.6096735E-09  0.1382934E-08  0.2059625E-08  0.4400676E-08
  482.7564  0.3030390E-09  0.4972501E-09  0.5725084E-09  0.1274573E-08  0.1884010E-08  0.3982804E-08
  514.9799  0.2883344E-09  0.4693768E-09  0.5390516E-09  0.1177780E-08  0.1726818E-08  0.3609292E-08
  549.3539  0.2747271E-09  0.4440905E-09  0.5088362E-09  0.1091357E-08  0.1586491E-08  0.3274402E-08
  586.0226  0.2620683E-09  0.4210403E-09  0.4814162E-09  0.1014164E-08  0.1461503E-08  0.2973782E-08
  625.1390  0.2502291E-09  0.3999355E-09  0.4564250E-09  0.9451316E-09  0.1350145E-08  0.2704744E-08
  666.8662  0.2390947E-09  0.3805289E-09  0.4335612E-09  0.8833041E-09  0.1250728E-08  0.2465017E-08
  711.3788  0.2285649E-09  0.3625976E-09  0.4125547E-09  0.8278338E-09  0.1161872E-08  0.2251665E-08
  758.8621  0.2185522E-09  0.3459392E-09  0.3931555E-09  0.7779492E-09  0.1082475E-08  0.2061458E-08
  809.5153  0.2089822E-09  0.3303753E-09  0.3751408E-09  0.7329490E-09  0.1011478E-08  0.1891779E-08
  863.5494  0.1997902E-09  0.3157493E-09  0.3583152E-09  0.6922153E-09  0.9478167E-09  0.1740676E-08
  921.1903  0.1909231E-09  0.3019267E-09  0.3425099E-09  0.6552125E-09  0.8905365E-09  0.1606296E-08
  982.6787  0.1823351E-09  0.2887888E-09  0.3275752E-09  0.6214635E-09  0.8388468E-09  0.1486655E-08
 1048.2713  0.1739903E-09  0.2762356E-09  0.3133836E-09  0.5905411E-09  0.7920730E-09  0.1379887E-08
 1118.2417  0.1658588E-09  0.2641808E-09  0.2998246E-09  0.5620626E-09  0.7495967E-09  0.1284418E-08
 1192.8830  0.1579176E-09  0.2525519E-09  0.2868043E-09  0.5356909E-09  0.7108528E-09  0.1198916E-08
 1272.5065  0.1501500E-09  0.2412891E-09  0.2742441E-09  0.5111316E-09  0.6753418E-09  0.1122196E-08
 1357.4448  0.1425436E-09  0.2303423E-09  0.2620774E-09  0.4881262E-09  0.6426241E-09  0.1053183E-08
 1448.0526  0.1350916E-09  0.2196723E-09  0.2502507E-09  0.4664514E-09  0.6123148E-09  0.9909148E-09
 1544.7084  0.1277903E-09  0.2092478E-09  0.2387200E-09  0.4459133E-09  0.5840749E-09  0.9345323E-09
 1647.8152  0.1206397E-09  0.1990457E-09  0.2274515E-09  0.4263456E-09  0.5576100E-09  0.8832710E-09
 1757.8049  0.1136436E-09  0.1890502E-09  0.2164201E-09  0.4076071E-09  0.5326654E-09  0.8364532E-09
 1875.1362  0.1068065E-09  0.1792503E-09  0.2056071E-09  0.3895770E-09  0.5090206E-09  0.7934820E-09
 2000.2993  0.1001370E-09  0.1696425E-09  0.1950025E-09  0.3721563E-09  0.4864883E-09  0.7538374E-09
 2133.8169  0.9364301E-10  0.1602255E-09  0.1845999E-09  0.3552615E-09  0.4649069E-09  0.7170633E-09
 2276.2466  0.8733564E-10  0.1510043E-09  0.1744001E-09  0.3388268E-09  0.4441424E-09  0.6827649E-09
 2428.1824  0.8122483E-10  0.1419853E-09  0.1644065E-09  0.3227988E-09  0.4240813E-09  0.6505983E-09
 2590.2607  0.7532221E-10  0.1331791E-09  0.1546276E-09  0.3071380E-09  0.4046320E-09  0.6202682E-09
 2763.1575  0.6963808E-10  0.1245971E-09  0.1450737E-09  0.2918147E-09  0.3857194E-09  0.5915203E-09
 2947.5949  0.6418331E-10  0.1162535E-09  0.1357584E-09  0.2768102E-09  0.3672855E-09  0.5641393E-09
 3144.3433  0.5896705E-10  0.1081622E-09  0.1266962E-09  0.2621130E-09  0.3492856E-09  0.5379424E-09
 3354.2245  0.5399803E-10  0.1003386E-09  0.1179036E-09  0.2477202E-09  0.3316880E-09  0.5127772E-09
 3578.1135  0.4928314E-10  0.9279741E-10  0.1093967E-09  0.2336344E-09  0.3144714E-09  0.4885176E-09
 3816.9483  0.4482793E-10  0.8555298E-10  0.1011922E-09  0.2198636E-09  0.2976242E-09  0.4650604E-09
 4071.7250  0.4063607E-10  0.7861865E-10  0.9330619E-10  0.2064202E-09  0.2811429E-09  0.4423233E-09
 4343.5078  0.3670938E-10  0.7200637E-10  0.8575353E-10  0.1933199E-09  0.2650308E-09  0.4202417E-09
 4633.4317  0.3304776E-10  0.6572642E-10  0.7854785E-10  0.1805811E-09  0.2492970E-09  0.3987670E-09
 4942.7077  0.2964896E-10  0.5978686E-10  0.7170071E-10  0.1682236E-09  0.2339551E-09  0.3778637E-09
 5272.6255  0.2650905E-10  0.5419371E-10  0.6522176E-10  0.1562684E-09  0.2190224E-09  0.3575084E-09
 5624.5669  0.2362185E-10  0.4895015E-10  0.5911775E-10  0.1447361E-09  0.2045184E-09  0.3376867E-09
 6000.0000  0.2097980E-10  0.4405712E-10  0.5339317E-10  0.1336473E-09  0.1904648E-09  0.3183934E-09
