1.000000000000000000e+01 4.307362880710959080e-08 4.780780771206862495e-08 6.610498635698920646e-08 6.435420974824239499e-08 9.176487506598054266e-08 1.455055961543447254e-07
1.047620000000000040e+01 -2.940761559612386895e-11 2.239551096705294668e-08 3.716943014612705846e-09 8.691673406469653327e-08 7.707125694821249322e-08 7.226823685222270964e-08
1.097499999999999964e+01 2.189046418728063087e-08 3.319429335102146815e-08 3.682340307954986455e-08 8.230698850855924980e-08 8.883900125097871698e-08 1.096840545661643414e-07
1.149760000000000026e+01 3.355121571177159215e-08 5.200515573704219981e-08 6.055743886395999234e-08 9.111852004013495159e-08 1.137386712544565138e-07 1.533888518237143288e-07
1.204499999999999993e+01 1.268962219028753160e-08 3.014411416994144285e-08 2.326073060486010213e-08 6.552660058427089277e-08 7.148336504913060372e-08 8.238175094520676161e-08
1.261860000000000070e+01 2.207190849715797913e-08 2.817389750260637343e-08 4.113204930598943431e-08 4.149467167197781901e-08 6.717308430958331830e-08 1.142537864731462415e-07
1.321940000000000026e+01 1.037248682776662327e-08 1.686807944573233592e-08 2.118560248826848707e-08 3.603819318117470288e-08 5.268619119374607201e-08 8.842094021167067695e-08
1.384890000000000043e+01 2.350384527084340729e-08 3.807231659785039918e-08 3.903735844254499837e-08 5.867335550936695804e-08 7.382994537055329580e-08 9.692201334490126141e-08
1.450830000000000020e+01 2.017891954092738203e-08 1.900028153334409730e-08 2.659135389246000552e-08 3.522102440816298492e-08 4.703004026353105224e-08 8.300506905042221033e-08
1.519909999999999961e+01 2.982540502242853656e-08 3.499200423855288123e-08 5.109640719168527363e-08 7.194996559286589943e-08 9.483698785080615805e-08 1.509703499733597355e-07
1.592280000000000051e+01 2.207233838042474042e-08 3.158961172612748294e-08 4.333575603030180302e-08 4.870448256586211273e-08 7.762331232184538827e-08 1.330965219406558961e-07
1.668100000000000094e+01 1.935540242783074267e-08 2.495430784553403468e-08 3.394745666400896574e-08 4.548802608089089052e-08 6.575219844668680414e-08 1.112525689524770133e-07
1.747530000000000072e+01 2.800763515016885111e-08 3.915870818676637057e-08 5.152472797296145676e-08 7.284686249485673118e-08 9.794060071646810731e-08 1.499670866617929063e-07
1.830740000000000123e+01 2.449714631830723699e-08 3.567465884077438988e-08 4.961028906157947560e-08 7.588774599009314509e-08 1.002573396958061544e-07 1.494477710213030034e-07
1.917909999999999826e+01 9.695461033905507801e-09 2.304149683667226882e-08 2.292994534927394301e-08 5.979896576202083994e-08 7.442610063824657813e-08 1.048271490473360135e-07
2.009230000000000160e+01 2.036558065048957977e-08 2.727000226209573659e-08 3.841457171753510501e-08 4.565439928569159813e-08 6.970507644187747337e-08 1.196561696485931658e-07
2.104899999999999949e+01 1.276187644717459245e-08 1.996069824576787578e-08 1.926452486235778953e-08 4.315009824388867546e-08 5.281951787733430757e-08 7.842689721649160418e-08
2.205130000000000123e+01 2.335540430594562322e-08 2.773806973983318085e-08 4.302117971813231976e-08 5.826766107787987905e-08 7.956753810374515769e-08 1.308863687182106012e-07
2.310129999999999839e+01 6.468457475370938637e-09 1.303963017583687727e-08 1.059205967080030334e-08 4.015985307726422100e-08 4.896380130595147725e-08 7.622357318532381524e-08
2.420129999999999981e+01 2.200412494799247136e-08 3.187788624689985969e-08 4.012718943278487022e-08 6.143828318883305669e-08 8.213326363485959758e-08 1.273084550388133528e-07
2.535360000000000014e+01 5.885501054323064585e-09 7.576710487810619492e-09 8.565697400939124517e-09 3.213415477352465989e-08 3.863607033861325777e-08 6.595192169482889405e-08
2.656090000000000018e+01 8.321477029046763573e-09 1.572027297745022815e-08 1.616228003167355562e-08 3.458951932936634244e-08 4.933633134912089042e-08 8.313300752158174578e-08
2.782560000000000144e+01 -1.440006248712858492e-09 2.523742285954395984e-09 5.213930260442660251e-10 2.569927119224619865e-08 3.314235687187908471e-08 5.731731188680561706e-08
2.915050000000000097e+01 1.477551116122507412e-08 2.036106433064332778e-08 3.075543244957334304e-08 3.454271905491825474e-08 5.804571696384801993e-08 1.098780009534107824e-07
3.053859999999999886e+01 8.480683532503105949e-09 2.477200030450729409e-08 2.475306957902309908e-08 6.129473412594805054e-08 8.230247162108335432e-08 1.181889850273968561e-07
3.199269999999999925e+01 4.571164124111808027e-09 1.273455148547722193e-08 1.359410734257473495e-08 3.900822623317619963e-08 5.349229820793188709e-08 8.656313497458750841e-08
3.351599999999999824e+01 4.529773020240933697e-09 1.261641925183507777e-08 1.340865129192145554e-08 3.396997481371238909e-08 4.914749076404429932e-08 8.140426791483450152e-08
3.511189999999999856e+01 1.024430774205999780e-08 1.470888515859233051e-08 1.890212143276375893e-08 3.028780220311125734e-08 4.441270739840696074e-08 8.033397505798971377e-08
3.678379999999999939e+01 9.413970104428598794e-09 1.301922941404467413e-08 1.545073341266181732e-08 3.278647089981060819e-08 4.186877470726624092e-08 7.076092143037467319e-08
3.853529999999999944e+01 3.676490970446033123e-09 7.814076396789625248e-09 7.699391637339348836e-09 2.555286326859350560e-08 3.630826083003488207e-08 6.730515201004446243e-08
4.037019999999999698e+01 7.763885781951945630e-09 1.175708676762606678e-08 1.705709656852171077e-08 2.720709255599555291e-08 4.306553121004181324e-08 8.456414718248416201e-08
4.229240000000000066e+01 3.564170340795901990e-09 9.053016134058660687e-09 6.321488702278502347e-09 2.948894093185602199e-08 3.745290494892564449e-08 5.983972556318869294e-08
4.430619999999999692e+01 5.441640647402466387e-09 1.033260386796259681e-08 1.068127619611679749e-08 2.871006266796183454e-08 3.893319008696524622e-08 6.681070076814993239e-08
4.641590000000000060e+01 5.497460434762901221e-09 1.067488530261421777e-08 1.343349564233944420e-08 3.106391986261397613e-08 4.404879686967498569e-08 8.123120721953462568e-08
4.862599999999999767e+01 3.813924288601111316e-09 9.103831024602934591e-09 1.049539393808897937e-08 2.508460347917225090e-08 3.828030538812988284e-08 7.112220727498840228e-08
5.094140000000000157e+01 3.210577023159788015e-09 8.184918538890542360e-09 7.407523813133839399e-09 2.491145844041193636e-08 3.425852819360862793e-08 5.847527833256566418e-08
5.336699999999999733e+01 3.233388509109044919e-09 9.380960636118560643e-09 7.974071209160923044e-09 2.912490214784488231e-08 3.976381725738416529e-08 6.468423326667082382e-08
5.590809999999999746e+01 3.614970688185764564e-09 6.681399784290881924e-09 7.803320434335722961e-09 2.230828255001353951e-08 3.172430197704858056e-08 5.995824378785756589e-08
5.857019999999999982e+01 3.454860543623144685e-09 5.624997786975765014e-09 7.631068497075967130e-09 1.733438198074533398e-08 2.654470243658323543e-08 5.560611300627840810e-08
6.135909999999999798e+01 4.060223633737825810e-09 8.520504195693887764e-09 1.026116146678728250e-08 2.049898473769970656e-08 3.184885299718714814e-08 6.076497276307184481e-08
6.428069999999999595e+01 4.382671763658514494e-09 7.196808825300788229e-09 9.405059478176680463e-09 2.038713768376486497e-08 3.058297280548725270e-08 5.986381211966187196e-08
6.734149999999999636e+01 3.778913807721849412e-09 6.410001306277023261e-09 7.411775991936056284e-09 1.854977275726845940e-08 2.646984603211569955e-08 5.099539183449434163e-08
7.054800000000000182e+01 2.594370348117670811e-09 4.458353082800379933e-09 5.054661180722915613e-09 1.520351742910501495e-08 2.110351519769480899e-08 4.222758313216054775e-08
7.390720000000000312e+01 1.976689776100695798e-09 4.384253947029249125e-09 4.299367055722303648e-09 1.475440477806678754e-08 2.034788404600887825e-08 4.138930519718377320e-08
7.742640000000000100e+01 1.480844646491663834e-09 4.111421256814665273e-09 3.535831825237198945e-09 1.457434878677486830e-08 2.061516941703577880e-08 3.995558406706884663e-08
8.111310000000000286e+01 3.877317312219928409e-09 6.020390934986233500e-09 9.143732964594826768e-09 1.600794374515848002e-08 2.516588007726111431e-08 5.223317382486037837e-08
8.497530000000000427e+01 2.182192049461061764e-09 4.558833230473309210e-09 4.708294642417537572e-09 1.428699419075257301e-08 1.986007952153200536e-08 3.917383500991542155e-08
8.902150000000000318e+01 2.805943072573169624e-09 5.652666840569988724e-09 7.434830503815667339e-09 1.624342036384647679e-08 2.405954514698020328e-08 4.651473126093217231e-08
9.326030000000000086e+01 2.423280735403222008e-09 4.442224895863723776e-09 5.531871316889811167e-09 1.298059171680652444e-08 1.939801064154315388e-08 3.881723041803739796e-08
9.770099999999999341e+01 2.040352009166436811e-09 3.891786220179893972e-09 4.722250948831686584e-09 1.251885499111715678e-08 1.855400161901524025e-08 3.714536683693783352e-08
1.023530999999999977e+02 1.546014038104645003e-09 3.015657272710100883e-09 3.618983131755137396e-09 1.102079456106654476e-08 1.651637896641298851e-08 3.371856087131110628e-08
1.072266999999999939e+02 1.983331458133017691e-09 3.856473335082396794e-09 4.681286767867050226e-09 1.149401546464241969e-08 1.706190031566352566e-08 3.413064304018732438e-08
1.123324000000000069e+02 1.365070488263251206e-09 3.265479863557185560e-09 3.546441826074667851e-09 1.060638519038730053e-08 1.574403722204720602e-08 3.145475424092057576e-08
1.176812000000000040e+02 1.456092019262349061e-09 2.885631930877562329e-09 3.444232911113566819e-09 9.811148971963780686e-09 1.467090280824220292e-08 2.971408706379400703e-08
1.232847000000000008e+02 1.538165599992199601e-09 2.745416887919443702e-09 3.188588133836066832e-09 8.785730210222326215e-09 1.329055461504138277e-08 2.733515031571433344e-08
1.291550000000000011e+02 1.245280404701274175e-09 2.503105194198227328e-09 3.209858061040166757e-09 8.278056844466989379e-09 1.309624972164664211e-08 2.775810107298126060e-08
1.353048000000000002e+02 1.549968116856157471e-09 2.674646327761300658e-09 3.319673890668082486e-09 7.808667283502377801e-09 1.200922559619211639e-08 2.543986305174721557e-08
1.417473999999999990e+02 1.122329073675316060e-09 2.241064826639180394e-09 2.826049452992655091e-09 7.323970630713915604e-09 1.154458978839548823e-08 2.483753955538565229e-08
1.484968000000000075e+02 8.291224550702520398e-10 1.908677452706617355e-09 2.092852735938730621e-09 6.493583834276691817e-09 1.028095899269483354e-08 2.242373831085244464e-08
1.555675999999999988e+02 1.047975696419927162e-09 2.114942173425545672e-09 2.367131490165246794e-09 6.497149103732582792e-09 1.012082170359042328e-08 2.155798766305811840e-08
1.629750999999999976e+02 9.252378433528033145e-10 1.797101655508600228e-09 2.150275190280654958e-09 6.091786209149519760e-09 9.377082148544381231e-09 2.012370392359419074e-08
1.707352999999999952e+02 8.379071915628367388e-10 1.538444939166188705e-09 1.801484377696484530e-09 5.692597530823686939e-09 8.805618510175991172e-09 1.933660613030919950e-08
1.788649000000000058e+02 7.180652552066893153e-10 1.731903095472493445e-09 1.751765758343817502e-09 5.563574867361615652e-09 8.426007273307116045e-09 1.786592134402622392e-08
1.873816999999999950e+02 8.184235246504496439e-10 1.614969844505276603e-09 2.052048105325702260e-09 5.077344517104830673e-09 8.076992214795095662e-09 1.801003197031049340e-08
1.963041000000000054e+02 7.575398801780643115e-10 1.372168765935696791e-09 1.731753814370008365e-09 4.568082328771795657e-09 7.076611652487358300e-09 1.607531919406780395e-08
2.056511999999999887e+02 6.702946223801770292e-10 1.241412946432080987e-09 1.437000179139087041e-09 4.093750886223944789e-09 6.508464516989924446e-09 1.441509254262189893e-08
2.154435000000000002e+02 6.771689975415649783e-10 1.347562381468719460e-09 1.532842400062887019e-09 3.992757889987678817e-09 6.327198442931244272e-09 1.399161061768936537e-08
2.257018999999999949e+02 6.971105858195722106e-10 1.276846374611952900e-09 1.508973897868755104e-09 3.831303462572355000e-09 6.000908972201766063e-09 1.324319210639333675e-08
2.364489000000000090e+02 5.192803982062152214e-10 1.087694657553903132e-09 1.201715793360854396e-09 3.479140839279700699e-09 5.427124632271895308e-09 1.179355527041143693e-08
2.477076000000000136e+02 6.490566616760199574e-10 1.139902297324848549e-09 1.399235464858477029e-09 3.396467667611187714e-09 5.238452492638679651e-09 1.153734317309219805e-08
2.595024000000000228e+02 4.959874770129106047e-10 8.878297744934987557e-10 9.756791702730609121e-10 2.940184622498454351e-09 4.449284563763425505e-09 9.877491390378553590e-09
2.718587999999999738e+02 5.613933596782524236e-10 1.005056275451745556e-09 1.166562775145675819e-09 2.778402139003657913e-09 4.519286710285428637e-09 1.003571031718609664e-08
2.848036000000000172e+02 4.328342378677020998e-10 8.027928969423875290e-10 9.871251479519229169e-10 2.489103288544373871e-09 3.833772786057621122e-09 8.788172912833534690e-09
2.983647000000000276e+02 4.611892540293465925e-10 8.525948042780440518e-10 9.763896269312347687e-10 2.526930600197690236e-09 3.817161227553587674e-09 8.468177905105129369e-09
3.125715999999999894e+02 4.037963169437387460e-10 7.633688141183297085e-10 8.647771196219735776e-10 2.335733485224234470e-09 3.580116229587448009e-09 7.864314951449407825e-09
3.274549000000000092e+02 4.383624821080351618e-10 7.689603134412972052e-10 8.748191264056510876e-10 2.262371481487199078e-09 3.421074274536407632e-09 7.399946682221989898e-09
3.430468999999999937e+02 4.268355067287036491e-10 6.939063853347726715e-10 8.573761444833600315e-10 2.018226592688842271e-09 3.039932575152315653e-09 6.894770657583117431e-09
3.593813999999999851e+02 3.640362563761304768e-10 6.660272747300135053e-10 7.703118060570646274e-10 1.884017937185509486e-09 2.852782928235671078e-09 6.218274532094704196e-09
3.764936000000000149e+02 3.853572135716843362e-10 6.916906205572332058e-10 8.302723029907967989e-10 1.827115637734542564e-09 2.804884027855637968e-09 6.068070066537665785e-09
3.944205999999999790e+02 3.239391805790792001e-10 6.161990987784473039e-10 6.604864626116509474e-10 1.634596029771307739e-09 2.469455810565559121e-09 5.411407396009507460e-09
4.132011999999999716e+02 3.231258633235690637e-10 5.458777608983785608e-10 5.960679142159481787e-10 1.529852487746970294e-09 2.284710606456802959e-09 4.978538793956153243e-09
4.328761000000000081e+02 3.400281924872972211e-10 5.544057496276600960e-10 6.429257048848760708e-10 1.417992231659459128e-09 2.184441465743760449e-09 4.705137843272554021e-09
4.534879000000000246e+02 3.527367258651223577e-10 5.161121001822756966e-10 6.438236052684542167e-10 1.375889919102669867e-09 2.063599716903634026e-09 4.469099409162216858e-09
4.750810000000000173e+02 2.984558630199053961e-10 5.106605148595538220e-10 5.732244518165942804e-10 1.288940156751656964e-09 1.920500452558095619e-09 4.040396806562891553e-09
4.977024000000000115e+02 3.125692350274132217e-10 4.846907103110951498e-10 5.983227472630695661e-10 1.280472118131134462e-09 1.859894695029660218e-09 3.868603552307239119e-09
5.214008000000000038e+02 2.986017967650659251e-10 4.594855483173141570e-10 5.333161662828173908e-10 1.172696208041240202e-09 1.711392116338822255e-09 3.539792006309611757e-09
5.462277000000000271e+02 2.493672765388193427e-10 4.078923058751596269e-10 4.635164993024448852e-10 1.081429337641623922e-09 1.563549230857097384e-09 3.232574935782449887e-09
5.722368000000000166e+02 2.747800521150896818e-10 4.211965922324303081e-10 4.717837113368239403e-10 1.036037176062500263e-09 1.526936848233765835e-09 3.075639256927601760e-09
5.994842999999999620e+02 2.578356980001673454e-10 4.036846111609007960e-10 4.661287405999371347e-10 9.854974016449848817e-10 1.393040081118470326e-09 2.840485130106651291e-09
6.280291999999999462e+02 2.496019799798984015e-10 3.924600000337365688e-10 4.474607637961570804e-10 9.328488812730960145e-10 1.336488616022584803e-09 2.664467351752672453e-09
6.579333000000000311e+02 2.343100543633095983e-10 3.826149037339278155e-10 4.271432768028510485e-10 8.892044963003380105e-10 1.273135773787499330e-09 2.476340485007104800e-09
6.892611000000000558e+02 2.403589045559118213e-10 3.774344477494742292e-10 4.429743622547561132e-10 8.709057757876445244e-10 1.236907718858467386e-09 2.420477944913753338e-09
7.220809000000000424e+02 2.263469266489256414e-10 3.495483357527009851e-10 4.080665855752984347e-10 8.162265319534848650e-10 1.133479127207014891e-09 2.218287654413011333e-09
7.564633000000000038e+02 2.253753289793680861e-10 3.525683612618763162e-10 3.922403534240230937e-10 7.816738194922534907e-10 1.069934832445095903e-09 2.056167772912209842e-09
7.924828999999999724e+02 2.052198095100495981e-10 3.253287997085237645e-10 3.741339935633927178e-10 7.445813387784469688e-10 1.012835682337585918e-09 1.916089207813358126e-09
8.302175999999999476e+02 2.050549095436734683e-10 3.284478870302868197e-10 3.729111965688580529e-10 7.281850812272738626e-10 9.719927641313870306e-10 1.853519612859855730e-09
8.697490999999999985e+02 1.840322252643424913e-10 3.171224466701958616e-10 3.457050591448602231e-10 6.940351875172000115e-10 9.619789944403736360e-10 1.727268956213066748e-09
9.111626999999999725e+02 1.881390786305205223e-10 3.101379349417620177e-10 3.543825223436250084e-10 6.576059832122307434e-10 9.142391342944552749e-10 1.637404576944418065e-09
9.545484000000000151e+02 1.832073150581857334e-10 2.875318981919607916e-10 3.219999777924204727e-10 6.314340672960158487e-10 8.626390030067546076e-10 1.517512782183052516e-09
1.000000000000000000e+03 1.755572841934620567e-10 2.795560449256074341e-10 3.213751346322106541e-10 6.123286184697589303e-10 8.343425961100208736e-10 1.461857978814567726e-09
