   10.0000  0.1859028E-07  0.2848335E-07  0.3196106E-07  0.5414831E-07  0.6735640E-07  0.9394895E-07
   10.4762  0.1824409E-07  0.2814944E-07  0.3164380E-07  0.5411587E-07  0.6756924E-07  0.9481610E-07
   10.9750  0.1787949E-07  0.2778341E-07  0.3128990E-07  0.5402526E-07  0.6771542E-07  0.9561051E-07
   11.4976  0.1750127E-07  0.2738982E-07  0.3090378E-07  0.5387940E-07  0.6779686E-07  0.9633222E-07
   12.0450  0.1711238E-07  0.2697135E-07  0.3048798E-07  0.5367920E-07  0.6781346E-07  0.9697911E-07
   12.6186  0.1671179E-07  0.2652661E-07  0.3004089E-07  0.5342137E-07  0.6776079E-07  0.9754460E-07
   13.2194  0.1629916E-07  0.2605507E-07  0.2956185E-07  0.5310359E-07  0.6763544E-07  0.9802307E-07
   13.8489  0.1587511E-07  0.2555726E-07  0.2905129E-07  0.5272476E-07  0.6743521E-07  0.9840999E-07
   14.5083  0.1544077E-07  0.2503437E-07  0.2851029E-07  0.5228447E-07  0.6715855E-07  0.9870147E-07
   15.1991  0.1499660E-07  0.2448690E-07  0.2793929E-07  0.5178167E-07  0.6680329E-07  0.9889280E-07
   15.9228  0.1454475E-07  0.2391721E-07  0.2734061E-07  0.5121737E-07  0.6636928E-07  0.9898131E-07
   16.6810  0.1409015E-07  0.2333077E-07  0.2671981E-07  0.5059601E-07  0.6585992E-07  0.9896783E-07
   17.4753  0.1363526E-07  0.2273055E-07  0.2607989E-07  0.4991954E-07  0.6527607E-07  0.9885057E-07
   18.3074  0.1317940E-07  0.2211636E-07  0.2542078E-07  0.4918685E-07  0.6461549E-07  0.9862455E-07
   19.1791  0.1272080E-07  0.2148695E-07  0.2474135E-07  0.4839597E-07  0.6387512E-07  0.9828393E-07
   20.0923  0.1226059E-07  0.2084424E-07  0.2404373E-07  0.4754857E-07  0.6305564E-07  0.9782656E-07
   21.0490  0.1180292E-07  0.2019338E-07  0.2333333E-07  0.4665011E-07  0.6216162E-07  0.9725417E-07
   22.0513  0.1135042E-07  0.1953794E-07  0.2261398E-07  0.4570461E-07  0.6119628E-07  0.9656710E-07
   23.1013  0.1090434E-07  0.1888018E-07  0.2188824E-07  0.4471510E-07  0.6016201E-07  0.9576484E-07
   24.2013  0.1046393E-07  0.1822031E-07  0.2115658E-07  0.4368271E-07  0.5905941E-07  0.9484517E-07
   25.3536  0.1002986E-07  0.1756015E-07  0.2042121E-07  0.4261060E-07  0.5789132E-07  0.9380825E-07
   26.5609  0.9603543E-08  0.1690237E-07  0.1968520E-07  0.4150308E-07  0.5666194E-07  0.9265577E-07
   27.8256  0.9186516E-08  0.1624975E-07  0.1895176E-07  0.4036486E-07  0.5537605E-07  0.9139022E-07
   29.1505  0.8779916E-08  0.1560472E-07  0.1822379E-07  0.3920068E-07  0.5403863E-07  0.9001457E-07
   30.5386  0.8383747E-08  0.1496849E-07  0.1750294E-07  0.3801421E-07  0.5265375E-07  0.8853124E-07
   31.9927  0.7998572E-08  0.1434289E-07  0.1679155E-07  0.3681023E-07  0.5122680E-07  0.8694441E-07
   33.5160  0.7624405E-08  0.1372907E-07  0.1609122E-07  0.3559295E-07  0.4976276E-07  0.8525824E-07
   35.1119  0.7262058E-08  0.1312902E-07  0.1540447E-07  0.3436789E-07  0.4826813E-07  0.8347884E-07
   36.7838  0.6911508E-08  0.1254371E-07  0.1473270E-07  0.3313959E-07  0.4674868E-07  0.8161186E-07
   38.5353  0.6572848E-08  0.1197416E-07  0.1407740E-07  0.3191292E-07  0.4521074E-07  0.7966391E-07
   40.3702  0.6246026E-08  0.1142113E-07  0.1343971E-07  0.3069250E-07  0.4366067E-07  0.7764207E-07
   42.2924  0.5930726E-08  0.1088491E-07  0.1282031E-07  0.2948258E-07  0.4210463E-07  0.7555379E-07
   44.3062  0.5627101E-08  0.1036623E-07  0.1222022E-07  0.2828779E-07  0.4054942E-07  0.7340780E-07
   46.4159  0.5334543E-08  0.9864759E-08  0.1163939E-07  0.2711155E-07  0.3900077E-07  0.7121235E-07
   48.6260  0.5053214E-08  0.9380939E-08  0.1107844E-07  0.2595791E-07  0.3746521E-07  0.6897725E-07
   50.9414  0.4782367E-08  0.8914019E-08  0.1053675E-07  0.2482935E-07  0.3594776E-07  0.6671137E-07
   53.3670  0.4522233E-08  0.8464242E-08  0.1001465E-07  0.2372911E-07  0.3445432E-07  0.6442520E-07
   55.9081  0.4272072E-08  0.8030626E-08  0.9511141E-08  0.2265865E-07  0.3298893E-07  0.6212794E-07
   58.5702  0.4032060E-08  0.7613151E-08  0.9026184E-08  0.2162006E-07  0.3155624E-07  0.5982997E-07
   61.3591  0.3801631E-08  0.7210874E-08  0.8558726E-08  0.2061388E-07  0.3015918E-07  0.5754043E-07
   64.2807  0.3580936E-08  0.6823644E-08  0.8108499E-08  0.1964105E-07  0.2880092E-07  0.5526908E-07
   67.3415  0.3369576E-08  0.6450662E-08  0.7674539E-08  0.1870124E-07  0.2748309E-07  0.5302431E-07
   70.5480  0.3167680E-08  0.6091756E-08  0.7256511E-08  0.1779437E-07  0.2620726E-07  0.5081457E-07
   73.9072  0.2974981E-08  0.5746341E-08  0.6853654E-08  0.1691941E-07  0.2497372E-07  0.4864689E-07
   77.4264  0.2791571E-08  0.5414317E-08  0.6465707E-08  0.1607552E-07  0.2378258E-07  0.4652783E-07
   81.1131  0.2617314E-08  0.5095404E-08  0.6092252E-08  0.1526134E-07  0.2263303E-07  0.4446257E-07
   84.9753  0.2452226E-08  0.4789607E-08  0.5733192E-08  0.1447562E-07  0.2152402E-07  0.4245540E-07
   89.0215  0.2296189E-08  0.4496885E-08  0.5388424E-08  0.1371693E-07  0.2045393E-07  0.4050926E-07
   93.2603  0.2149132E-08  0.4217352E-08  0.5058055E-08  0.1298402E-07  0.1942102E-07  0.3862604E-07
   97.7010  0.2010873E-08  0.3951105E-08  0.4742227E-08  0.1227572E-07  0.1842332E-07  0.3680642E-07
  102.3531  0.1881227E-08  0.3698303E-08  0.4441204E-08  0.1159115E-07  0.1745896E-07  0.3505009E-07
  107.2267  0.1759936E-08  0.3459080E-08  0.4155271E-08  0.1092972E-07  0.1652618E-07  0.3335582E-07
  112.3324  0.1646679E-08  0.3233496E-08  0.3884681E-08  0.1029115E-07  0.1562350E-07  0.3172158E-07
  117.6812  0.1541080E-08  0.3021515E-08  0.3629608E-08  0.9675521E-08  0.1474978E-07  0.3014478E-07
  123.2847  0.1442722E-08  0.2822969E-08  0.3390096E-08  0.9083239E-08  0.1390439E-07  0.2862240E-07
  129.1550  0.1351154E-08  0.2637530E-08  0.3165998E-08  0.8515001E-08  0.1308717E-07  0.2715127E-07
  135.3048  0.1265933E-08  0.2464732E-08  0.2956974E-08  0.7971739E-08  0.1229853E-07  0.2572828E-07
  141.7474  0.1186614E-08  0.2303939E-08  0.2762439E-08  0.7454450E-08  0.1153934E-07  0.2435051E-07
  148.4968  0.1112781E-08  0.2154400E-08  0.2581606E-08  0.6964089E-08  0.1081086E-07  0.2301553E-07
  155.5676  0.1044053E-08  0.2015286E-08  0.2413518E-08  0.6501383E-08  0.1011457E-07  0.2172150E-07
  162.9751  0.9800999E-09  0.1885763E-08  0.2257144E-08  0.6066714E-08  0.9452011E-08  0.2046739E-07
  170.7353  0.9206242E-09  0.1765032E-08  0.2111438E-08  0.5659967E-08  0.8824514E-08  0.1925302E-07
  178.8649  0.8653743E-09  0.1652402E-08  0.1975462E-08  0.5280508E-08  0.8233037E-08  0.1807912E-07
  187.3817  0.8141152E-09  0.1547297E-08  0.1848419E-08  0.4927152E-08  0.7677930E-08  0.1694729E-07
  196.3041  0.7666230E-09  0.1449281E-08  0.1729715E-08  0.4598295E-08  0.7158860E-08  0.1585990E-07
  205.6512  0.7226746E-09  0.1358022E-08  0.1618934E-08  0.4292060E-08  0.6674781E-08  0.1481979E-07
  215.4435  0.6820423E-09  0.1273258E-08  0.1515802E-08  0.4006500E-08  0.6224006E-08  0.1383002E-07
  225.7019  0.6444895E-09  0.1194735E-08  0.1420097E-08  0.3739796E-08  0.5804373E-08  0.1289341E-07
  236.4489  0.6097800E-09  0.1122165E-08  0.1331573E-08  0.3490413E-08  0.5413461E-08  0.1201208E-07
  247.7076  0.5776851E-09  0.1055197E-08  0.1249891E-08  0.3257194E-08  0.5048864E-08  0.1118713E-07
  259.5024  0.5479905E-09  0.9934157E-09  0.1174595E-08  0.3039324E-08  0.4708372E-08  0.1041821E-07
  271.8588  0.5205038E-09  0.9363823E-09  0.1105154E-08  0.2836227E-08  0.4390119E-08  0.9703522E-08
  284.8036  0.4950520E-09  0.8836731E-09  0.1041023E-08  0.2647410E-08  0.4092613E-08  0.9039893E-08
  298.3647  0.4714780E-09  0.8349148E-09  0.9817089E-09  0.2472336E-08  0.3814720E-08  0.8423099E-08
  312.5716  0.4496367E-09  0.7897969E-09  0.9268060E-09  0.2310349E-08  0.3555583E-08  0.7848418E-08
  327.4549  0.4293897E-09  0.7480664E-09  0.8760041E-09  0.2160662E-08  0.3314505E-08  0.7311285E-08
  343.0469  0.4106034E-09  0.7095043E-09  0.8290576E-09  0.2022398E-08  0.3090827E-08  0.6807838E-08
  359.3814  0.3931510E-09  0.6738982E-09  0.7857397E-09  0.1894679E-08  0.2883835E-08  0.6335292E-08
  376.4936  0.3769125E-09  0.6410194E-09  0.7457965E-09  0.1776688E-08  0.2692689E-08  0.5892051E-08
  394.4206  0.3617788E-09  0.6106275E-09  0.7089398E-09  0.1667710E-08  0.2516401E-08  0.5477506E-08
  413.2012  0.3476520E-09  0.5824904E-09  0.6748741E-09  0.1567105E-08  0.2353855E-08  0.5091516E-08
  432.8761  0.3344417E-09  0.5564043E-09  0.6433358E-09  0.1474277E-08  0.2203896E-08  0.4733801E-08
  453.4879  0.3220644E-09  0.5322001E-09  0.6141133E-09  0.1388651E-08  0.2065427E-08  0.4403488E-08
  475.0810  0.3104414E-09  0.5097301E-09  0.5870343E-09  0.1309683E-08  0.1937496E-08  0.4099013E-08
  497.7024  0.2994980E-09  0.4888496E-09  0.5619349E-09  0.1236869E-08  0.1819329E-08  0.3818303E-08
  521.4008  0.2891668E-09  0.4694132E-09  0.5386437E-09  0.1169748E-08  0.1710306E-08  0.3559116E-08
  546.2277  0.2793872E-09  0.4512783E-09  0.5169837E-09  0.1107884E-08  0.1609876E-08  0.3319400E-08
  572.2368  0.2701041E-09  0.4343146E-09  0.4967885E-09  0.1050852E-08  0.1517474E-08  0.3097564E-08
  599.4843  0.2612681E-09  0.4184091E-09  0.4779142E-09  0.9982443E-09  0.1432472E-08  0.2892517E-08
  628.0292  0.2528337E-09  0.4034629E-09  0.4602384E-09  0.9496805E-09  0.1354209E-08  0.2703442E-08
  657.9333  0.2447592E-09  0.3893863E-09  0.4436529E-09  0.9048136E-09  0.1282069E-08  0.2529480E-08
  689.2611  0.2370072E-09  0.3760963E-09  0.4280570E-09  0.8633267E-09  0.1215528E-08  0.2369547E-08
  722.0809  0.2295427E-09  0.3635135E-09  0.4133535E-09  0.8249220E-09  0.1154152E-08  0.2222402E-08
  756.4633  0.2223354E-09  0.3515660E-09  0.3994529E-09  0.7893216E-09  0.1097551E-08  0.2086880E-08
  792.4829  0.2153581E-09  0.3401884E-09  0.3862734E-09  0.7562662E-09  0.1045331E-08  0.1962036E-08
  830.2176  0.2085854E-09  0.3293200E-09  0.3737394E-09  0.7255182E-09  0.9970869E-09  0.1847124E-08
  869.7491  0.2019959E-09  0.3189074E-09  0.3617842E-09  0.6968650E-09  0.9524361E-09  0.1741473E-08
  911.1627  0.1955707E-09  0.3089023E-09  0.3503467E-09  0.6701138E-09  0.9110374E-09  0.1644378E-08
  954.5484  0.1892921E-09  0.2992596E-09  0.3393704E-09  0.6450855E-09  0.8725947E-09  0.1555092E-08
 1000.0000  0.1831460E-09  0.2899402E-09  0.3288055E-09  0.6216155E-09  0.8368484E-09  0.1472888E-08
