  0.9574773E+17 -0.1517258E+18  0.4278098E+17  0.6010776E+17 -0.3389626E+17  0.4778736E+16
  0.1679359E+18 -0.1084803E+18 -0.3577481E+17 -0.1947426E+17  0.6356216E+17 -0.1637388E+17
 -0.2278477E+18  0.2502468E+18 -0.1141893E+17 -0.5523927E+17 -0.1570805E+17  0.8820756E+16
  0.7363741E+17  0.2155485E+17 -0.6427534E+17  0.1577363E+16 -0.9407212E+16  0.1402589E+17
 -0.1998157E+18  0.3189628E+17  0.1218315E+18  0.8948464E+16 -0.2161606E+17 -0.1511174E+17
  0.1355504E+18 -0.8295319E+17 -0.4697856E+17  0.1269128E+17  0.1437481E+17  0.4070415E+16
  0.1010885E+18 -0.1581723E+18  0.4458322E+17  0.6187270E+17 -0.3487949E+17  0.4915653E+16
  0.1767665E+18 -0.1124452E+18 -0.3650851E+17 -0.2022156E+17  0.6475772E+17 -0.1664637E+17
 -0.2376983E+18  0.2574564E+18 -0.1193546E+17 -0.5593312E+17 -0.1590438E+17  0.8926655E+16
  0.7727490E+17  0.2259875E+17 -0.6600065E+17  0.1652229E+16 -0.9650819E+16  0.1409282E+17
 -0.2078235E+18  0.3211987E+17  0.1241442E+18  0.9140178E+16 -0.2151903E+17 -0.1511462E+17
  0.1397303E+18 -0.8405525E+17 -0.4759304E+17  0.1264093E+17  0.1431488E+17  0.4052623E+16
  0.1141828E+18 -0.1762874E+18  0.4963513E+17  0.6804275E+17 -0.3831596E+17  0.5394083E+16
  0.1987831E+18 -0.1242577E+18 -0.3991750E+17 -0.2253593E+17  0.7051209E+17 -0.1806671E+17
 -0.2650142E+18  0.2828285E+18 -0.1320935E+17 -0.6040536E+17 -0.1726039E+17  0.9648430E+16
  0.8651637E+17  0.2541170E+17 -0.7235515E+17  0.1865989E+16 -0.1062612E+17  0.1512797E+17
 -0.2306843E+18  0.3423515E+17  0.1351035E+18  0.1000320E+17 -0.2280746E+17 -0.1615802E+17
  0.1537721E+18 -0.9080785E+17 -0.5151535E+17  0.1340631E+17  0.1521081E+17  0.4314552E+16
  0.1295094E+18 -0.1971896E+18  0.5542446E+17  0.7505967E+17 -0.4219433E+17  0.5929820E+16
  0.2241028E+18 -0.1373065E+18 -0.4393597E+17 -0.2535242E+17  0.7708053E+17 -0.1966229E+17
 -0.2963523E+18  0.3113803E+18 -0.1451712E+17 -0.6529546E+17 -0.1887143E+17  0.1046266E+17
  0.9694672E+17  0.2881262E+17 -0.7950235E+17  0.2140781E+16 -0.1181407E+17  0.1629922E+17
 -0.2564036E+18  0.3610559E+17  0.1474381E+18  0.1102721E+17 -0.2414080E+17 -0.1734622E+17
  0.1695333E+18 -0.9813123E+17 -0.5594343E+17  0.1420036E+17  0.1619091E+17  0.4615120E+16
  0.1475476E+18 -0.2214273E+18  0.6208953E+17  0.8307498E+17 -0.4658943E+17  0.6531977E+16
  0.2533625E+18 -0.1517602E+18 -0.4869264E+17 -0.2877821E+17  0.8460723E+17 -0.2146161E+17
 -0.3324799E+18  0.3436485E+18 -0.1584794E+17 -0.7066067E+17 -0.2078640E+17  0.1138450E+17
  0.1087658E+18  0.3292872E+17 -0.8757623E+17  0.2492282E+16 -0.1325680E+17  0.1762869E+17
 -0.2854602E+18  0.3764028E+17  0.1613792E+18  0.1223887E+17 -0.2551794E+17 -0.1870259E+17
  0.1873004E+18 -0.1060992E+18 -0.6096226E+17  0.1502537E+17  0.1726650E+17  0.4960476E+16
  0.1689142E+18 -0.2496973E+18  0.6980429E+17  0.9227869E+17 -0.5159406E+17  0.7211705E+16
  0.2873788E+18 -0.1678435E+18 -0.5434506E+17 -0.3293926E+17  0.9326537E+17 -0.2349861E+17
 -0.3743786E+18  0.3803196E+18 -0.1719118E+17 -0.7657863E+17 -0.2306168E+17  0.1243175E+17
  0.1222315E+18  0.3791008E+17 -0.9674196E+17  0.2939451E+16 -0.1500225E+17  0.1914196E+17
 -0.3184707E+18  0.3874821E+17  0.1772097E+18  0.1366753E+17 -0.2694107E+17 -0.2025379E+17
  0.2074416E+18 -0.1148166E+18 -0.6667470E+17  0.1588744E+17  0.1845186E+17  0.5357551E+16
  0.1943540E+18 -0.2828276E+18  0.7877383E+17  0.1028940E+18 -0.5731657E+17  0.7981976E+16
  0.3270812E+18 -0.1857555E+18 -0.6109260E+17 -0.3800434E+17  0.1032661E+18 -0.2581374E+17
 -0.4231755E+18  0.4221507E+18 -0.1852278E+17 -0.8312517E+17 -0.2576937E+17  0.1362576E+17
  0.1376124E+18  0.4395082E+17 -0.1071826E+18  0.3509267E+16 -0.1711606E+17  0.2087043E+17
 -0.3560841E+18  0.3926835E+17  0.1952485E+18  0.1535132E+17 -0.2840249E+17 -0.2203288E+17
  0.2303497E+18 -0.1243745E+18 -0.7319803E+17  0.1678862E+17  0.1976119E+17  0.5815020E+16
  0.2248194E+18 -0.3218609E+18  0.8925353E+17  0.1151974E+18 -0.6388956E+17  0.8858437E+16
  0.3736355E+18 -0.2057337E+18 -0.6918534E+17 -0.4418226E+17  0.1148665E+18 -0.2845549E+17
 -0.4802855E+18  0.4700780E+18 -0.1981021E+17 -0.9039354E+17 -0.2899708E+17  0.1499210E+17
  0.1552396E+18  0.5128942E+17 -0.1191211E+18  0.4236362E+16 -0.1967814E+17  0.2285151E+17
 -0.3991020E+18  0.3900484E+17  0.2158832E+18  0.1733455E+17 -0.2989232E+17 -0.2407915E+17
  0.2565106E+18 -0.1348866E+18 -0.8067453E+17  0.1773258E+17  0.2121142E+17  0.6343188E+16
  0.2613696E+18 -0.3679420E+18  0.1015217E+18  0.1294922E+18 -0.7145840E+17  0.9858319E+16
  0.4281475E+18 -0.2277964E+18 -0.7895023E+17 -0.5178048E+17  0.1283858E+18 -0.3148184E+17
 -0.5471103E+18  0.5249402E+18 -0.2097619E+17 -0.9843245E+17 -0.3286610E+17  0.1656206E+17
  0.1753362E+18  0.6025319E+17 -0.1327683E+18  0.5176407E+16 -0.2281250E+17  0.2513375E+17
 -0.4481085E+18  0.3754387E+17  0.2395058E+18  0.1968025E+17 -0.3136431E+17 -0.2644487E+17
  0.2863088E+18 -0.1463638E+18 -0.8925452E+17  0.1870565E+17  0.2281389E+17  0.6956099E+16
  0.3052430E+18 -0.4224016E+18  0.1158982E+18  0.1461321E+18 -0.8019119E+17  0.1100140E+17
  0.4917347E+18 -0.2517720E+18 -0.9080765E+17 -0.6120940E+17  0.1442178E+18 -0.3496228E+17
 -0.6251465E+18  0.5875756E+18 -0.2190032E+17 -0.1072670E+18 -0.3753205E+17  0.1837350E+17
  0.1980414E+18  0.7125632E+17 -0.1483385E+18  0.6409598E+16 -0.2668648E+17  0.2777741E+17
 -0.5035435E+18  0.3428508E+17  0.2665393E+18  0.2246513E+17 -0.3274261E+17 -0.2919536E+17
  0.3200796E+18 -0.1587532E+18 -0.9910530E+17  0.1968462E+17  0.2457714E+17  0.7671422E+16
  0.3583467E+18 -0.4872664E+18  0.1328607E+18  0.1656416E+18 -0.9032952E+17  0.1231487E+17
  0.5664424E+18 -0.2778975E+18 -0.1052730E+18 -0.7289422E+17  0.1628413E+18 -0.3898177E+17
 -0.7169853E+18  0.6596423E+18 -0.2248855E+17 -0.1170602E+18 -0.4315848E+17  0.2047084E+17
  0.2238454E+18  0.8473881E+17 -0.1661961E+18  0.8019673E+16 -0.3145756E+17  0.3084845E+17
 -0.5666731E+18  0.2882160E+17  0.2976418E+18  0.2575745E+17 -0.3399785E+17 -0.3239944E+17
  0.3586386E+18 -0.1722476E+18 -0.1104713E+18  0.2068184E+17  0.2652866E+17  0.8507101E+16
  0.4232863E+18 -0.5652493E+18  0.1530367E+18  0.1887060E+18 -0.1021813E+18  0.1383239E+17
  0.6551030E+18 -0.3065934E+18 -0.1230010E+18 -0.8734291E+17  0.1848450E+18 -0.4364297E+17
 -0.8261805E+18  0.7434176E+18 -0.2263040E+17 -0.1280525E+18 -0.4994067E+17  0.2290744E+17
  0.2534691E+18  0.1012272E+18 -0.1868221E+18  0.1010670E+17 -0.3730530E+17  0.3442481E+17
 -0.6393231E+18  0.2074584E+17  0.3336696E+18  0.2963466E+17 -0.3511199E+17 -0.3613797E+17
  0.4031398E+18 -0.1871643E+18 -0.1236676E+18  0.2172353E+17  0.2870736E+17  0.9484100E+16
  0.5028786E+18 -0.6592308E+18  0.1770785E+18  0.2160488E+18 -0.1160674E+18  0.1558865E+17
  0.7601476E+18 -0.3375575E+18 -0.1448525E+18 -0.1053233E+18  0.2109592E+18 -0.4906712E+17
 -0.9560366E+18  0.8407592E+18 -0.2207612E+17 -0.1403452E+18 -0.5816085E+17  0.2574918E+17
  0.2872584E+18  0.1214465E+18 -0.2106312E+18  0.1283622E+17 -0.4452510E+17  0.3861115E+17
 -0.7225690E+18  0.9086611E+16  0.3754445E+18  0.3420899E+17 -0.3596487E+17 -0.4052431E+17
  0.4543870E+18 -0.2035329E+18 -0.1390184E+18  0.2279206E+17  0.3113515E+17  0.1063307E+17
  0.6005940E+18 -0.7727135E+18  0.2057657E+18  0.2485399E+18 -0.1323673E+18  0.1762402E+17
  0.8843344E+18 -0.3701912E+18 -0.1719195E+18 -0.1278176E+18  0.2420818E+18 -0.5540033E+17
 -0.1110429E+19  0.9537628E+18 -0.2048175E+17 -0.1540255E+18 -0.6817479E+17  0.2907624E+17
  0.3255308E+18  0.1462813E+18 -0.2380980E+18  0.1643332E+17 -0.5349614E+17  0.4353710E+17
 -0.8175164E+18 -0.7405607E+16  0.4239349E+18  0.3960565E+17 -0.3638819E+17 -0.4569992E+17
  0.5132641E+18 -0.2213426E+18 -0.1569120E+18  0.2386322E+17  0.3383375E+17  0.1199254E+17
  0.7212451E+18 -0.9104897E+18  0.2401526E+18  0.2873474E+18 -0.1515827E+18  0.1999088E+17
  0.1031768E+19 -0.4041171E+18 -0.2055719E+18 -0.1559852E+18  0.2793208E+18 -0.6282228E+17
 -0.1294954E+19  0.1085612E+19 -0.1746013E+17 -0.1693153E+18 -0.8039926E+17  0.3298561E+17
  0.3689957E+18  0.1767627E+18 -0.2699034E+18  0.2116898E+17 -0.6464690E+17  0.4935550E+17
 -0.9262398E+18 -0.2998337E+17  0.4804671E+18  0.4595603E+17 -0.3622779E+17 -0.5182942E+17
  0.5812535E+18 -0.2408105E+18 -0.1778654E+18  0.2494165E+17  0.3684438E+17  0.1360684E+17
  0.8711977E+18 -0.1078808E+19  0.2815929E+18  0.3339731E+18 -0.1743488E+18  0.2275446E+17
  0.1207776E+19 -0.4388485E+18 -0.2475633E+18 -0.1912861E+18  0.3240626E+18 -0.7155473E+17
 -0.1516909E+19  0.1240449E+19 -0.1251785E+17 -0.1865203E+18 -0.9534968E+17  0.3759650E+17
  0.4185967E+18  0.2141537E+18 -0.3069043E+18  0.2739021E+17 -0.7850598E+17  0.5625357E+17
 -0.1051476E+19 -0.6014881E+17  0.5467119E+18  0.5341559E+17 -0.3530119E+17 -0.5911385E+17
  0.6603019E+18 -0.2622658E+18 -0.2025282E+18  0.2604238E+17  0.4022116E+17  0.1552989E+17
  0.1058286E+19 -0.1285274E+19  0.3317013E+18  0.3902368E+18 -0.2014233E+18  0.2599150E+17
  0.1418153E+19 -0.4730733E+18 -0.3001580E+18 -0.2356652E+18  0.3780473E+18 -0.8186949E+17
 -0.1784685E+19  0.1422822E+19 -0.4947807E+16 -0.2059065E+18 -0.1136948E+18  0.4305646E+17
  0.4750980E+18  0.2600297E+18 -0.3500242E+18  0.3557973E+17 -0.9578726E+17  0.6446928E+17
 -0.1195781E+19 -0.1000418E+18  0.6245736E+18  0.6217379E+17 -0.3331567E+17 -0.6781082E+17
  0.7524196E+18 -0.2859144E+18 -0.2316608E+18  0.2716139E+17  0.4401479E+17  0.1783139E+17
  0.1292529E+19 -0.1539514E+19  0.3924814E+18  0.4584233E+18 -0.2337395E+18  0.2979461E+17
  0.1669784E+19 -0.5047340E+18 -0.3662741E+18 -0.2916342E+18  0.4434618E+18 -0.9410113E+17
 -0.2108623E+19  0.1638241E+19  0.6199179E+16 -0.2277745E+18 -0.1362839E+18  0.4954792E+17
  0.5392877E+18  0.3163117E+18 -0.4003467E+18  0.4638207E+17 -0.1174089E+18  0.7430054E+17
 -0.1362037E+19 -0.1523937E+18  0.7163605E+18  0.7245142E+17 -0.2987930E+17 -0.7824427E+17
  0.8599981E+18 -0.3119755E+18 -0.2661983E+18  0.2829330E+17  0.4828346E+17  0.2059933E+17
  0.1587324E+19 -0.1854211E+19  0.4665139E+18  0.5414932E+18 -0.2724761E+18  0.3427707E+17
  0.1971755E+19 -0.5312310E+18 -0.4496821E+18 -0.3623611E+18  0.5230474E+18 -0.1086593E+18
 -0.2502472E+19  0.1894050E+19  0.2215523E+17 -0.2525717E+18 -0.1641780E+18  0.5729474E+17
  0.6123225E+18  0.3853321E+18 -0.4592563E+18  0.6062199E+17 -0.1445041E+18  0.8611325E+17
 -0.1554271E+19 -0.2204653E+18  0.8250301E+18  0.8450907E+17 -0.2452647E+17 -0.9081296E+17
  0.9863093E+18 -0.3408747E+18 -0.3073402E+18  0.2945211E+17  0.5310936E+17  0.2394229E+17
  0.1960205E+19 -0.2245716E+19  0.5570298E+18  0.6432031E+18 -0.3190816E+18  0.3957267E+17
  0.2335287E+19 -0.5488099E+18 -0.5552725E+18 -0.4519056E+18  0.6202346E+18 -0.1260405E+18
 -0.2983762E+19  0.2199469E+19  0.4458272E+17 -0.2808513E+18 -0.1987234E+18  0.6657078E+17
  0.6955347E+18  0.4699299E+18 -0.5284108E+18  0.7937567E+17 -0.1785073E+18  0.1003609E+18
 -0.1777350E+19 -0.3083697E+18  0.9542337E+18  0.9866113E+17 -0.1665692E+17 -0.1060152E+18
  0.1135447E+19 -0.3731521E+18 -0.3565902E+18  0.3065807E+17  0.5859470E+17  0.2799703E+17
  0.2434180E+19 -0.2735105E+19  0.6680643E+18  0.7683080E+18 -0.3753268E+18  0.4583781E+17
  0.2774383E+19 -0.5521839E+18 -0.6893931E+18 -0.5654634E+18  0.7393184E+18 -0.1468466E+18
 -0.3574982E+19  0.2566112E+19  0.7573238E+17 -0.3132906E+18 -0.2416381E+18  0.7771255E+17
  0.7905329E+18  0.5735837E+18 -0.6098344E+18  0.1040432E+18 -0.2212375E+18  0.1176099E+18
 -0.2037312E+19 -0.4213122E+18  0.1108543E+19  0.1152886E+18 -0.5494000E+16 -0.1244805E+18
  0.1312608E+19 -0.4094936E+18 -0.4158596E+18  0.3193738E+17  0.6486776E+17  0.3293810E+17
  0.3039138E+19 -0.3349272E+19  0.8045954E+18  0.9227634E+18 -0.4433509E+18  0.5325308E+17
  0.3306338E+19 -0.5339859E+18 -0.8602320E+18 -0.7096539E+18  0.8856531E+18 -0.1718060E+18
 -0.4304720E+19  0.3008435E+19  0.1186403E+18 -0.3506901E+18 -0.2951146E+18  0.9113385E+17
  0.8992576E+18  0.7005569E+18 -0.7060053E+18  0.1364403E+18 -0.2750029E+18  0.1385708E+18
 -0.2341595E+19 -0.5659026E+18  0.1293689E+19  0.1348496E+18  0.9975929E+16 -0.1470088E+18
  0.1524332E+19 -0.4507316E+18 -0.4875814E+18  0.3331936E+17  0.7208678E+17  0.3899013E+17
  0.3814143E+19 -0.4122656E+19  0.9727858E+18  0.1114031E+19 -0.5257357E+18  0.6202654E+17
  0.3953287E+19 -0.4845142E+18 -0.1078316E+19 -0.8928199E+18  0.1065897E+19 -0.2018000E+18
 -0.5209994E+19  0.3544824E+19  0.1773626E+18 -0.3940465E+18 -0.3619438E+18  0.1073441E+18
  0.1024377E+19  0.8561404E+18 -0.8200914E+18  0.1788835E+18 -0.3427027E+18  0.1641364E+18
 -0.2700030E+19 -0.7504403E+18  0.1517023E+19  0.1579006E+18  0.3104297E+17 -0.1746192E+18
  0.1779171E+19 -0.4979750E+18 -0.5749079E+18  0.3484476E+17  0.8045597E+17  0.4644287E+17
  0.4810324E+19 -0.5099293E+19  0.1180234E+19  0.1351405E+19 -0.6255671E+18  0.7239394E+17
  0.4744107E+19 -0.3912598E+18 -0.1357178E+19 -0.1125421E+19  0.1288311E+19 -0.2378922E+18
 -0.6339089E+19  0.4198730E+19  0.2573394E+18 -0.4445851E+18 -0.4456888E+18  0.1269711E+18
  0.1169700E+19  0.1047031E+19 -0.9562388E+18  0.2343063E+18 -0.4279776E+18  0.1954331E+18
 -0.3125914E+19 -0.9854272E+18  0.1788106E+19  0.1851203E+18  0.5935822E+17 -0.2086185E+18
  0.2088428E+19 -0.5526775E+18 -0.6819671E+18  0.3656489E+17  0.9023725E+17  0.5567336E+17
  0.6093111E+19 -0.6334122E+19  0.1436024E+19  0.1646167E+19 -0.7464128E+18  0.8461052E+17
  0.5715167E+19 -0.2376908E+18 -0.1714081E+19 -0.1420512E+19  0.1563045E+19 -0.2813496E+18
 -0.7753279E+19  0.4998926E+19  0.3659071E+18 -0.5036370E+18 -0.5509021E+18  0.1507825E+18
  0.1340167E+19  0.1281703E+19 -0.1119730E+19  0.3064474E+18 -0.5354415E+18  0.2338881E+18
 -0.3636179E+19 -0.1284354E+19  0.2119135E+19  0.2172995E+18  0.9711826E+17 -0.2506934E+18
  0.2466447E+19 -0.6164766E+18 -0.8140943E+18  0.3852134E+17  0.1017395E+18  0.6717654E+17
  0.7746758E+19 -0.7895766E+19  0.1751009E+19  0.2011910E+19 -0.8923448E+18  0.9894568E+17
  0.6914413E+19 -0.3130682E+16 -0.2171000E+19 -0.1794146E+19  0.1902493E+19 -0.3336714E+18
 -0.9531872E+19  0.5981344E+19  0.5129147E+18 -0.5726752E+18 -0.6833762E+18  0.1797135E+18
  0.1542875E+19  0.1571155E+19 -0.1317607E+19  0.3999882E+18 -0.6708789E+18  0.2813073E+18
 -0.4253864E+19 -0.1664419E+19  0.2526044E+19  0.2553452E+18  0.1471930E+18 -0.3030210E+18
  0.2932084E+19 -0.6913411E+18 -0.9782963E+18  0.4075194E+17  0.1153337E+18  0.8160268E+17
  0.9878108E+19 -0.9868334E+19  0.2137870E+19  0.2464642E+19 -0.1067878E+19  0.1156722E+18
  0.8404579E+19  0.3382288E+18 -0.2755764E+19 -0.2265936E+19  0.2321700E+19 -0.3966254E+18
 -0.1177617E+20  0.7189791E+19  0.7115918E+18 -0.6531196E+18 -0.8504865E+18  0.2149016E+18
  0.1787714E+19  0.1929833E+19 -0.1559248E+19  0.5208124E+18 -0.8416019E+18  0.3399947E+18
 -0.5009752E+19 -0.2147763E+19  0.3029597E+19  0.3002316E+18  0.2134227E+18 -0.3684352E+18
  0.3509734E+19 -0.7793865E+18 -0.1183756E+19  0.4326847E+17  0.1314349E+18  0.9981370E+17
  0.1261900E+20 -0.1235165E+20  0.2610848E+19  0.3022490E+19 -0.1277767E+19  0.1350449E+18
  0.1026586E+20  0.8187439E+18 -0.3503208E+19 -0.2859566E+19  0.2838686E+19 -0.4722659E+18
 -0.1461213E+20  0.8675355E+19  0.9796121E+18 -0.7458950E+18 -0.1061557E+19  0.2577148E+18
  0.2087880E+19  0.2376679E+19 -0.1856950E+19  0.6763563E+18 -0.1056903E+19  0.4128906E+18
 -0.5943659E+19 -0.2762960E+19  0.3656465E+19  0.3528443E+18  0.3010658E+18 -0.4506276E+18
  0.4230017E+19 -0.8824018E+18 -0.1442352E+19  0.4601830E+17  0.1504408E+18  0.1229534E+18
  0.1613247E+20 -0.1546367E+20  0.3185903E+19  0.3705647E+19 -0.1526913E+19  0.1572911E+18
  0.1260433E+20  0.1477579E+19 -0.4456979E+19 -0.3603392E+19  0.3474982E+19 -0.5629827E+18
 -0.1819836E+20  0.1049778E+20  0.1340484E+19 -0.8511025E+18 -0.1328331E+19  0.3097956E+18
  0.2461949E+19  0.2937102E+19 -0.2227319E+19  0.8759897E+18 -0.1328594E+19  0.5037625E+18
 -0.7109211E+19 -0.3546912E+19  0.4441482E+19  0.4138084E+18  0.4172858E+18 -0.5544164E+18
  0.5132203E+19 -0.1001617E+19 -0.1769600E+19  0.4886970E+17  0.1726804E+18  0.1525409E+18
  0.2061457E+20 -0.1933915E+20  0.3880244E+19  0.4535658E+19 -0.1820087E+19  0.1825929E+18
  0.1555606E+20  0.2363635E+19 -0.5671400E+19 -0.4531375E+19  0.4256172E+19 -0.6715463E+18
 -0.2272856E+20  0.1272286E+20  0.1825283E+19 -0.9670630E+18 -0.1665510E+19  0.3731025E+18
  0.2934710E+19  0.3644957E+19 -0.2692258E+19  0.1131774E+19 -0.1671914E+19  0.6174588E+18
 -0.8575658E+19 -0.4547664E+19  0.5429371E+19  0.4830749E+18  0.5720824E+18 -0.6861044E+18
  0.6264836E+19 -0.1136552E+19 -0.2185451E+19  0.5154769E+17  0.1982398E+18  0.1905954E+18
  0.2629415E+20 -0.2412654E+20  0.4711695E+19  0.5534403E+19 -0.2161638E+19  0.2110742E+18
  0.1928993E+20  0.3540053E+19 -0.7213502E+19 -0.5684261E+19  0.5212416E+19 -0.8011483E+18
 -0.2843159E+20  0.1541767E+20  0.2474563E+19 -0.1089048E+19 -0.2091280E+19  0.4499428E+18
  0.3537871E+19  0.4544746E+19 -0.3279943E+19  0.1459544E+19 -0.2106706E+19  0.7602050E+18
 -0.1042900E+20 -0.5827811E+19  0.6676426E+19  0.5592685E+18  0.7795494E+18 -0.8538963E+18
  0.7685692E+19 -0.1283374E+19 -0.2715072E+19  0.5357515E+17  0.2266843E+18  0.2397837E+18
  0.3343764E+20 -0.2998835E+20  0.5698819E+19  0.6723721E+19 -0.2555477E+19  0.2428142E+18
  0.2401442E+20  0.5090595E+19 -0.9166305E+19 -0.7111614E+19  0.6379478E+19 -0.9554981E+18
 -0.3557582E+20  0.1864686E+20  0.3340776E+19 -0.1207992E+19 -0.2627962E+19  0.5430274E+18
  0.4311701E+19  0.5694920E+19 -0.4026401E+19  0.1880471E+19 -0.2659047E+19  0.9399950E+18
 -0.1277502E+20 -0.7469308E+19  0.8253134E+19  0.6388408E+18  0.1059515E+19 -0.1068433E+19
  0.9462683E+19 -0.1433067E+19 -0.3389938E+19  0.5425736E+17  0.2566930E+18  0.3036053E+18
  0.4235072E+20 -0.3710014E+20  0.6860906E+19  0.8125129E+19 -0.3005151E+19  0.2778704E+18
  0.2997602E+20  0.7132322E+19 -0.1163258E+20 -0.8875034E+19  0.7799980E+19 -0.1138929E+19
 -0.4446619E+20  0.2246457E+20  0.4490938E+19 -0.1308735E+19 -0.3302686E+19  0.6555211E+18
  0.5304288E+19  0.7170813E+19 -0.4976102E+19  0.2423538E+19 -0.3363571E+19  0.1167055E+19
 -0.1573668E+20 -0.9579703E+19  0.1024555E+20  0.7147620E+18  0.1439933E+19 -0.1343418E+19
  0.1167183E+20 -0.1568578E+19 -0.4248495E+19  0.5270030E+17  0.2854776E+18  0.3866082E+18
  0.5337915E+20 -0.4565021E+20  0.8218097E+19  0.9760093E+19 -0.3514086E+19  0.3163085E+18
  0.3744755E+20  0.9835060E+19 -0.1473897E+20 -0.1105259E+20  0.9524791E+19 -0.1356487E+19
 -0.5543432E+20  0.2690352E+20  0.6009289E+19 -0.1368166E+19 -0.4147982E+19  0.7910729E+18
  0.6567729E+19  0.9066604E+19 -0.6181129E+19  0.3129062E+19 -0.4266456E+19  0.1454322E+19
 -0.1944467E+20 -0.1229914E+20  0.1275474E+20  0.7746740E+18  0.1959971E+19 -0.1696256E+19
  0.1439215E+20 -0.1661402E+19 -0.5336101E+19  0.4794726E+17  0.3079945E+18  0.4946093E+18
  0.6692512E+20 -0.5585184E+20  0.9793123E+19  0.1165268E+20 -0.4086387E+19  0.3582558E+18
  0.4671735E+20  0.1344720E+20 -0.1864262E+20 -0.1374533E+20  0.1161541E+20 -0.1614065E+19
 -0.6883759E+20  0.3196913E+20  0.8000849E+19 -0.1354123E+19 -0.5202670E+19  0.9538738E+18
  0.8152810E+19  0.1149730E+20 -0.7699776E+19  0.4053446E+19 -0.5429209E+19  0.1817979E+19
 -0.2402618E+20 -0.1580851E+20  0.1589593E+20  0.7986518E+18  0.2673673E+19 -0.2148764E+19
  0.1770118E+20 -0.1668962E+19 -0.6704947E+19  0.3933966E+17  0.3160891E+18  0.6349340E+18
  0.8347016E+20 -0.6796133E+20  0.1161307E+20  0.1383351E+20 -0.4727675E+19  0.4039269E+18
  0.5806484E+20  0.1833123E+20 -0.2353914E+20 -0.1708572E+20  0.1414671E+20 -0.1918468E+19
 -0.8505457E+20  0.3763375E+20  0.1059578E+20 -0.1224583E+19 -0.6512991E+19  0.1148681E+19
  0.1009800E+20  0.1459771E+20 -0.9592255E+19  0.5275629E+19 -0.6933304E+19  0.2277961E+19
 -0.2958351E+20 -0.2033677E+20  0.1979429E+20  0.7562389E+18  0.3654381E+19 -0.2727855E+19
  0.2166727E+20 -0.1532583E+19 -0.8412986E+19  0.2710090E+17  0.2975363E+18  0.8166505E+18
  0.1036096E+21 -0.8230423E+20  0.1371072E+20  0.1634498E+20 -0.5445681E+19  0.4535866E+18
  0.7172586E+20  0.2500653E+20 -0.2967188E+20 -0.2124734E+20  0.1720965E+20 -0.2277253E+19
 -0.1044826E+21  0.4383433E+20  0.1395498E+20 -0.9276100E+18 -0.8133956E+19  0.1380743E+19
  0.1241342E+20  0.1851647E+20 -0.1191316E+20  0.6905020E+19 -0.8885126E+19  0.2858263E+19
 -0.3616512E+20 -0.2616445E+20  0.2457701E+20  0.6029145E+18  0.4999324E+19 -0.3466043E+19
  0.2634076E+20 -0.1177572E+19 -0.1052197E+20  0.1316093E+17  0.2351940E+18  0.1050765E+19
  0.1281162E+21 -0.9931809E+20  0.1612577E+20  0.1924831E+20 -0.6250500E+19  0.5074310E+18
  0.8786479E+20  0.3419874E+20 -0.3734583E+20 -0.2645664E+20  0.2091458E+20 -0.2698335E+19
 -0.1275581E+21  0.5048022E+20  0.1827955E+20 -0.4021451E+18 -0.1013167E+20  0.1655629E+19
  0.1506488E+20  0.2340568E+20 -0.1470247E+20  0.9091111E+19 -0.1142131E+20  0.3587193E+19
 -0.4374102E+20 -0.3362354E+20  0.3036543E+20  0.2763726E+18  0.6834215E+19 -0.4402019E+19
  0.3175062E+20 -0.5164908E+18 -0.1309636E+20  0.2100453E+16  0.1065200E+18  0.1350483E+19
  0.1580151E+21 -0.1195967E+21  0.1890279E+20  0.2262976E+20 -0.7153469E+19  0.5653188E+18
  0.1065421E+21  0.4689602E+20 -0.4694371E+20 -0.3300526E+20  0.2539337E+20 -0.3189024E+19
 -0.1547844E+21  0.5746254E+20  0.2382443E+20  0.4212798E+18 -0.1258618E+20  0.1978777E+19
  0.1795908E+20  0.2940257E+20 -0.1797435E+20  0.1203445E+20 -0.1471378E+20  0.4497406E+19
 -0.5218191E+20 -0.4309134E+20  0.3726615E+20 -0.3072160E+18  0.9317651E+19 -0.5581247E+19
  0.3790494E+20  0.5452285E+18 -0.1620310E+20  0.1960656E+16 -0.1165335E+18  0.1731572E+19
  0.1946683E+21 -0.1439287E+21  0.2208375E+20  0.2660353E+20 -0.8163845E+19  0.6263113E+18
  0.1276912E+21  0.6440605E+20 -0.5894297E+20 -0.4125979E+20  0.3079806E+20 -0.3754156E+19
 -0.1867750E+21  0.6466408E+20  0.3091692E+20  0.1620026E+19 -0.1559424E+20  0.2354569E+19
  0.2093953E+20  0.3660504E+20 -0.2170704E+20  0.1599760E+20 -0.1897338E+20  0.5625672E+19
 -0.6125684E+20 -0.5497976E+20  0.4536551E+20 -0.1256261E+19  0.1264488E+20 -0.7056731E+19
  0.4480045E+20  0.2102295E+19 -0.1991396E+20  0.2466294E+17 -0.4672387E+18  0.2212956E+19
  0.2398527E+21 -0.1733180E+21  0.2569396E+20  0.3130998E+20 -0.9283252E+19  0.6881094E+18
  0.1511081E+21  0.8840971E+20 -0.7393203E+20 -0.5166792E+20  0.3729560E+20 -0.4393456E+19
 -0.2243085E+21  0.7196641E+20  0.3998081E+20  0.3279331E+19 -0.1927207E+20  0.2784965E+19
  0.2379966E+20  0.4504690E+20 -0.2583824E+20  0.2131568E+20 -0.2445272E+20  0.7012858E+19
 -0.7065758E+20 -0.6972781E+20  0.5473349E+20 -0.2705785E+19  0.1705232E+20 -0.8890754E+19
  0.5244291E+20  0.4244115E+19 -0.2431277E+20  0.8586725E+17 -0.9837955E+18  0.2817878E+19
  0.2958112E+21 -0.2089679E+21  0.2971970E+20  0.3690493E+20 -0.1049734E+20  0.7464731E+18
  0.1764809E+21  0.1209930E+21 -0.9262079E+20 -0.6475361E+20  0.4505543E+20 -0.5098080E+19
 -0.2683964E+21  0.7924983E+20  0.5156474E+20  0.5492744E+19 -0.2375668E+20  0.3267607E+19
  0.2632212E+20  0.5468676E+20 -0.3027331E+20  0.2840427E+20 -0.3144788E+20  0.8704405E+19
 -0.8006260E+20 -0.8780775E+20  0.6544401E+20 -0.4818801E+19  0.2282405E+20 -0.1115815E+20
  0.6088056E+20  0.7054829E+19 -0.2950951E+20  0.2043781E+18 -0.1709779E+19  0.3575901E+19
  0.3652068E+21 -0.2521887E+21  0.3407784E+20  0.4353640E+20 -0.1176600E+20  0.7949601E+18
  0.2034528E+21  0.1646239E+21 -0.1158331E+21 -0.8109310E+20  0.5422883E+20 -0.5847118E+19
 -0.3203259E+21  0.8637937E+20  0.6636705E+20  0.8362070E+19 -0.2920443E+20  0.3793657E+19
  0.2833534E+20  0.6542170E+20 -0.3490868E+20  0.3776203E+20 -0.4029924E+20  0.1075173E+20
 -0.8922505E+20 -0.1097492E+21  0.7761094E+20 -0.7787807E+19  0.3030200E+20 -0.1395162E+20
  0.7024012E+20  0.1062136E+20 -0.3565973E+20  0.4015273E+18 -0.2696143E+19  0.4525961E+19
  0.4509899E+21 -0.3042479E+21  0.3858882E+20  0.5131312E+20 -0.1301644E+20  0.8254605E+18
  0.2317905E+21  0.2220573E+21 -0.1444927E+21 -0.1012753E+21  0.6492908E+20 -0.6605992E+19
 -0.3817164E+21  0.9318866E+20  0.8526043E+20  0.1199768E+20 -0.3578955E+20  0.4346309E+19
  0.2978273E+20  0.7715632E+20 -0.3968004E+20  0.4997106E+20 -0.5139835E+20  0.1321660E+20
 -0.9809336E+20 -0.1362027E+21  0.9145261E+20 -0.1183974E+20  0.3990570E+20 -0.1739131E+20
  0.8077088E+20  0.1505256E+20 -0.4299321E+20  0.7013035E+18 -0.4006134E+19  0.5721172E+19
  0.5561512E+21 -0.3661737E+21  0.4296690E+20  0.6027279E+20 -0.1414485E+20  0.8298797E+18
  0.2616355E+21  0.2961768E+21 -0.1796117E+21 -0.1258571E+21  0.7722402E+20 -0.7328592E+19
 -0.4545536E+21  0.9945605E+20  0.1093119E+21  0.1652090E+20 -0.4370485E+20  0.4900865E+19
  0.3077091E+20  0.8992638E+20 -0.4462551E+20  0.6570129E+20 -0.6520786E+20  0.1617953E+20
 -0.1069200E+21 -0.1680384E+21  0.1073728E+21 -0.1724885E+20  0.5216624E+20 -0.2163955E+20
  0.9287896E+20  0.2050840E+20 -0.5184703E+20  0.1132104E+19 -0.5724115E+19  0.7235530E+19
  0.6834295E+21 -0.4385966E+21  0.4684530E+20  0.7036827E+20 -0.1503168E+20  0.8027464E+18
  0.2937822E+21  0.3898479E+21 -0.2223066E+21 -0.1553429E+21  0.9115610E+20 -0.7964014E+19
 -0.5411973E+21  0.1048742E+21  0.1398021E+21  0.2207159E+20 -0.5316866E+20  0.5427010E+19
  0.3157164E+20  0.1040523E+21 -0.4994493E+20  0.8573259E+20 -0.8230302E+20  0.1975266E+20
 -0.1163208E+21 -0.2064663E+21  0.1260417E+21 -0.2436229E+20  0.6777857E+20 -0.2692057E+20
  0.1071415E+21  0.2723479E+20 -0.6269750E+20  0.1730734E+19 -0.7968685E+19  0.9172398E+19
  0.8351977E+21 -0.5217924E+21  0.4984453E+20  0.8149786E+20 -0.1557026E+20  0.7436793E+18
  0.3298519E+21  0.5059785E+21 -0.2738885E+21 -0.1902425E+21  0.1068040E+21 -0.8466529E+19
 -0.6443990E+21  0.1090163E+21  0.1782642E+21  0.2882576E+20 -0.6444580E+20  0.5893184E+19
  0.3256783E+20  0.1202621E+21 -0.5602824E+20  0.1110220E+21 -0.1034468E+21  0.2409712E+20
 -0.1272491E+21 -0.2531664E+21  0.1484556E+21 -0.3364435E+20  0.8767920E+20 -0.3354592E+20
  0.1242969E+21  0.3559901E+20 -0.7618814E+20  0.2548916E+19 -0.1091026E+20  0.1167493E+20
  0.1013676E+22 -0.6160015E+21  0.5165331E+20  0.9358462E+20 -0.1569462E+20  0.6580171E+18
  0.3720962E+21  0.6479332E+21 -0.3360104E+21 -0.2312242E+21  0.1243645E+21 -0.8802489E+19
 -0.7672749E+21  0.1112948E+21  0.2265471E+21  0.3701996E+20 -0.7787935E+20  0.6270086E+19
  0.3414691E+20  0.1396712E+21 -0.6341071E+20  0.1428243E+21 -0.1296845E+21  0.2943837E+20
 -0.1408242E+21 -0.3103686E+21  0.1759230E+21 -0.4573354E+20  0.1131384E+21 -0.4193840E+20
  0.1451921E+21  0.4611107E+20 -0.9313789E+20  0.3661065E+19 -0.1478968E+20  0.1493653E+20
  0.1221519E+22 -0.7219405E+21  0.5205893E+20  0.1066701E+21 -0.1538389E+20  0.5546642E+18
  0.4227369E+21  0.8202615E+21 -0.4107944E+21 -0.2793106E+21  0.1441966E+21 -0.8945610E+19
 -0.9132241E+21  0.1109216E+21  0.2868928E+21  0.4696958E+20 -0.9391705E+20  0.6528099E+19
  0.3657463E+20  0.1635521E+21 -0.7264151E+20  0.1828405E+21 -0.1624169E+21  0.3606865E+20
 -0.1580218E+21 -0.3808194E+21  0.2099355E+21 -0.6149385E+20  0.1458369E+21 -0.5264251E+20
  0.1706846E+21  0.5941453E+20 -0.1145167E+21  0.5170481E+19 -0.1993137E+20  0.1920805E+20
  0.1462605E+22 -0.8412738E+21  0.5087396E+20  0.1209728E+21 -0.1463106E+20  0.4423888E+18
  0.4829756E+21  0.1029479E+22 -0.5008415E+21 -0.3360195E+21  0.1667748E+21 -0.8856498E+19
 -0.1085801E+22  0.1068994E+21  0.3620120E+21  0.5906347E+20 -0.1131152E+21  0.6624371E+19
  0.3987156E+20  0.1929089E+21 -0.8407979E+20  0.2333358E+21 -0.2033999E+21  0.4432615E+20
 -0.1792744E+21 -0.4675962E+21  0.2519128E+21 -0.8202869E+20  0.1878888E+21 -0.6630902E+20
  0.2015177E+21  0.7623102E+20 -0.1413837E+21  0.7209252E+19 -0.2674162E+20  0.2479849E+20
  0.1742607E+22 -0.9767082E+21  0.4775284E+20  0.1368580E+21 -0.1338242E+20  0.3271440E+18
  0.5520792E+21  0.1284435E+22 -0.6090169E+21 -0.4033129E+21  0.1925115E+21 -0.8448122E+19
 -0.1288554E+22  0.9807204E+20  0.4551066E+21  0.7371434E+20 -0.1360924E+21  0.6477571E+19
  0.4372636E+20  0.2279705E+21 -0.9767026E+20  0.2971351E+21 -0.2546054E+21  0.5454078E+20
 -0.2041149E+21 -0.5737503E+21  0.3028510E+21 -0.1086160E+21  0.2417527E+21 -0.8363795E+20
  0.2382023E+21  0.9725004E+20 -0.1747896E+21  0.9925986E+19 -0.3568039E+20  0.3206457E+20
  0.2068911E+22 -0.1131519E+22  0.4197874E+20  0.1547112E+21 -0.1147941E+20  0.2129399E+18
  0.6271090E+21  0.1595848E+22 -0.7380112E+21 -0.4832913E+21  0.2214844E+21 -0.7551765E+19
 -0.1524921E+22  0.8326684E+20  0.5697997E+21  0.9126219E+20 -0.1634324E+21  0.5937642E+19
  0.4752086E+20  0.2678491E+21 -0.1128138E+21  0.3774297E+21 -0.3179347E+21  0.6695451E+20
 -0.2311098E+21 -0.7018991E+21  0.3630264E+21 -0.1425437E+21  0.3100161E+21 -0.1052872E+21
  0.2809912E+21  0.1229918E+21 -0.2156909E+21  0.1345860E+20 -0.4720472E+20  0.4139148E+20
  0.2449906E+22 -0.1308751E+22  0.3235671E+20  0.1747852E+21 -0.8642550E+19  0.1068364E+18
  0.7037287E+21  0.1975117E+22 -0.8898967E+21 -0.5777648E+21  0.2532190E+21 -0.5907265E+19
 -0.1798429E+22  0.6153800E+20  0.7100335E+21  0.1118695E+21 -0.1955895E+21  0.4767248E+19
  0.5053603E+20  0.3106700E+21 -0.1284776E+21  0.4774606E+21 -0.3949078E+21  0.8165708E+20
 -0.2582969E+21 -0.8540927E+21  0.4320170E+21 -0.1848963E+21  0.3951601E+21 -0.1317969E+21
  0.3300480E+21  0.1537262E+21 -0.2649700E+21  0.1790024E+20 -0.6170746E+20  0.5318098E+20
  0.2894215E+22 -0.1510738E+22  0.1730203E+20  0.1971458E+21 -0.4515703E+19  0.2585849E+17
  0.7778345E+21  0.2433259E+22 -0.1066076E+22 -0.6880469E+21  0.2867250E+21 -0.3193527E+19
 -0.2113412E+22  0.3244404E+20  0.8801323E+21  0.1354921E+21 -0.2329086E+21  0.2649660E+19
  0.5226171E+20  0.3542551E+21 -0.1435691E+21  0.6003279E+21 -0.4865902E+21  0.9860028E+20
 -0.2839950E+21 -0.1032288E+22  0.5092026E+21 -0.2364364E+21  0.4995430E+21 -0.1636167E+21
  0.3858138E+21  0.1895435E+21 -0.3236514E+21  0.2327985E+20 -0.7950211E+20  0.6787614E+20
  0.3410487E+22 -0.1739341E+22 -0.4933090E+19  0.2217649E+21  0.1257932E+19  0.1783864E+16
  0.8473147E+21  0.2980886E+22 -0.1267915E+22 -0.8152187E+21  0.3208486E+21  0.9165433E+18
 -0.2476172E+22 -0.3847529E+19  0.1085235E+22  0.1619928E+21 -0.2758175E+21 -0.7835724E+18
  0.5262754E+20  0.3971314E+21 -0.1574268E+21  0.7491959E+21 -0.5939773E+21  0.1177292E+21
 -0.3075950E+21 -0.1239482E+22  0.5946479E+21 -0.2977467E+21  0.6258335E+21 -0.2012984E+21
  0.4494541E+21  0.2306173E+21 -0.3933154E+21  0.2958275E+20 -0.1009061E+21  0.8604715E+20
  0.4008004E+22 -0.1996804E+22 -0.3607213E+20  0.2487040E+21  0.8985640E+19  0.8116248E+17
  0.9129945E+21  0.3629642E+22 -0.1497905E+22 -0.9608042E+21  0.3547509E+21  0.6722101E+19
 -0.2896151E+22 -0.4681352E+20  0.1332108E+22  0.1913728E+21 -0.3251273E+21 -0.5935855E+19
  0.5199339E+20  0.4393065E+21 -0.1701380E+21  0.9279552E+21 -0.7187715E+21  0.1391857E+21
 -0.3298612E+21 -0.1481045E+22  0.6899406E+21 -0.3696600E+21  0.7778658E+21 -0.2458120E+21
  0.5231838E+21  0.2775659E+21 -0.4765767E+21  0.3681441E+20 -0.1264196E+21  0.1085304E+21
  0.4697769E+22 -0.2286637E+22 -0.7784026E+20  0.2782548E+21  0.1894435E+20  0.3224459E+18
  0.9780485E+21  0.4394363E+22 -0.1760606E+22 -0.1127408E+22  0.3881363E+21  0.1451915E+20
 -0.3386387E+22 -0.9607771E+20  0.1629948E+22  0.2239628E+21 -0.3822361E+21 -0.1327138E+20
  0.5090602E+20  0.4822190E+21 -0.1824305E+21  0.1141983E+22 -0.8640575E+21  0.1634428E+21
 -0.3525131E+21 -0.1765425E+22  0.7983982E+21 -0.4537164E+21  0.9614479E+21 -0.2987930E+21
  0.6102693E+21  0.3316770E+21 -0.5773621E+21  0.4506603E+20 -0.1568961E+21  0.1365573E+21
  0.5493407E+22 -0.2613867E+22 -0.1321995E+21  0.3109318E+21  0.3145151E+20  0.7953495E+18
  0.1046321E+22  0.5294506E+22 -0.2062638E+22 -0.1318836E+22  0.4210240E+21  0.2466733E+20
 -0.3963026E+22 -0.1517757E+21  0.1990684E+22  0.2604197E+21 -0.4490867E+21 -0.2337926E+20
  0.4982280E+20  0.5279250E+21 -0.1952348E+21  0.1398480E+22 -0.1034359E+22  0.1912609E+21
 -0.3774158E+21 -0.2103804E+22  0.9245076E+21 -0.5522928E+21  0.1184593E+22 -0.3625474E+21
  0.7147464E+21  0.3948364E+21 -0.7008541E+21  0.5452836E+20 -0.1935811E+21  0.1718080E+21
  0.6410637E+22 -0.2984094E+22 -0.2015621E+21  0.3472672E+21  0.4691269E+20  0.1584371E+19
  0.1120540E+22  0.6353021E+22 -0.2411201E+22 -0.1539337E+22  0.4531209E+21  0.3762935E+20
 -0.4643610E+22 -0.2144105E+21  0.2428203E+22  0.3014496E+21 -0.5278009E+21 -0.3702591E+20
  0.4896588E+20  0.5780278E+21 -0.2091920E+21  0.1705862E+22 -0.1234725E+22  0.2234275E+21
 -0.4058373E+21 -0.2508590E+22  0.1072746E+22 -0.6681205E+21  0.1456722E+22 -0.4396891E+21
  0.8409115E+21  0.4690920E+21 -0.8530069E+21  0.6541928E+20 -0.2379196E+21  0.2163190E+21
  0.7466897E+22 -0.3402771E+22 -0.2888105E+21  0.3876727E+21  0.6580753E+20  0.2792710E+19
  0.1200909E+22  0.7594604E+22 -0.2812175E+22 -0.1792834E+22  0.4833151E+21  0.5393661E+20
 -0.5445542E+22 -0.2841144E+21  0.2957119E+22  0.3474638E+21 -0.6203130E+21 -0.5515218E+20
  0.4828584E+20  0.6327285E+21 -0.2242749E+21  0.2072788E+22 -0.1469427E+22  0.2604242E+21
 -0.4379061E+21 -0.2991746E+22  0.1246308E+22 -0.8034418E+21  0.1787329E+22 -0.5325868E+21
  0.9928466E+21  0.5560553E+21 -0.1039898E+22  0.7785632E+20 -0.2912036E+21  0.2722949E+21
  0.8681618E+22 -0.3875507E+22 -0.3972316E+21  0.4325102E+21  0.8866284E+20  0.4543880E+19
  0.1284270E+22  0.9045181E+22 -0.3269161E+22 -0.2082882E+22  0.5096337E+21  0.7411884E+20
 -0.6385727E+22 -0.3597860E+21  0.3592142E+22  0.3984359E+21 -0.7283263E+21 -0.7883787E+20
  0.4749547E+20  0.6902282E+21 -0.2396300E+21  0.2507686E+22 -0.1741212E+22  0.3022528E+21
 -0.4723197E+21 -0.3564029E+22  0.1446390E+22 -0.9593938E+21  0.2185150E+22 -0.6429935E+21
  0.1174249E+22  0.6565085E+21 -0.1267364E+22  0.9176153E+20 -0.3542842E+21  0.3419659E+21
  0.1007774E+23 -0.4409220E+22 -0.5306305E+21  0.4822811E+21  0.1160809E+21  0.6984916E+19
  0.1365163E+22  0.1073399E+23 -0.3784785E+22 -0.2413503E+22  0.5296438E+21  0.9869529E+20
 -0.7482950E+22 -0.4389591E+21  0.4349389E+22  0.4541314E+21 -0.8537247E+21 -0.1093193E+21
  0.4623233E+20  0.7472580E+21 -0.2539152E+21  0.3019502E+22 -0.2052029E+22  0.3486356E+21
 -0.5068322E+21 -0.4236597E+22  0.1673049E+22 -0.1136316E+22  0.2659034E+22 -0.7723285E+21
  0.1389065E+22  0.7707130E+21 -0.1541620E+22  0.1069062E+21 -0.4276787E+21  0.4277327E+21
  0.1168242E+23 -0.5012288E+22 -0.6934818E+21  0.5376245E+21  0.1487675E+21  0.1029147E+20
  0.1439221E+22  0.1269548E+23 -0.4363170E+22 -0.2789701E+22  0.5408620E+21  0.1282335E+21
 -0.8761438E+22 -0.5186838E+21  0.5248739E+22  0.5144702E+21 -0.9990075E+21 -0.1480673E+21
  0.4432634E+20  0.8010305E+21 -0.2661300E+21  0.3618897E+22 -0.2404645E+22  0.3994530E+21
 -0.5396844E+21 -0.5024099E+22  0.1927392E+22 -0.1334778E+22  0.3220029E+22 -0.9224722E+21
  0.1642698E+22  0.8992898E+21 -0.1870679E+22  0.1230783E+21 -0.5120486E+21  0.5325751E+21
  0.1352669E+23 -0.5693692E+22 -0.8907893E+21  0.5991511E+21  0.1874767E+21  0.1466555E+20
  0.1507015E+22  0.1496995E+23 -0.5011962E+22 -0.3217347E+22  0.5410205E+21  0.1633954E+21
 -0.1025336E+23 -0.5968480E+21  0.6315657E+22  0.5797754E+21 -0.1167440E+22 -0.1968396E+21
  0.4197431E+20  0.8515723E+21 -0.2764283E+21  0.4319162E+22 -0.2804080E+22  0.4551153E+21
 -0.5711655E+21 -0.5947342E+22  0.2213758E+22 -0.1556651E+22  0.3883330E+22 -0.1096539E+22
  0.1943034E+22  0.1044075E+22 -0.2265706E+22  0.1402566E+21 -0.6087302E+21  0.6604904E+21
  0.1564407E+23 -0.6462161E+22 -0.1127712E+22  0.6673380E+21  0.2329143E+21  0.2032294E+20
  0.1573893E+22  0.1760253E+23 -0.5741868E+22 -0.3702715E+22  0.5280317E+21  0.2049083E+21
 -0.1199722E+23 -0.6726711E+21  0.7580558E+22  0.6507038E+21 -0.1362803E+22 -0.2576391E+21
  0.3958594E+20  0.9018156E+21 -0.2859808E+21  0.5136113E+22 -0.3257494E+22  0.5165028E+21
 -0.6034985E+21 -0.7032696E+22  0.2539502E+22 -0.1805210E+22  0.4668234E+22 -0.1298838E+22
  0.2300125E+22  0.1208054E+22 -0.2740907E+22  0.1586211E+21 -0.7197786E+21  0.8165391E+21
  0.1807237E+23 -0.7327198E+22 -0.1409615E+22  0.7426784E+21  0.2857547E+21  0.2748691E+20
  0.1644581E+22  0.2064462E+23 -0.6564114E+22 -0.4252625E+22  0.4995387E+21  0.2534937E+21
 -0.1403467E+23 -0.7456707E+21  0.9076872E+22  0.7279115E+21 -0.1589055E+22 -0.3326447E+21
  0.3741411E+20  0.9544967E+21 -0.2957481E+21  0.6087703E+22 -0.3772515E+22  0.5844514E+21
 -0.6385758E+21 -0.8308948E+22  0.2911974E+22 -0.2084034E+22  0.5596178E+22 -0.1533881E+22
  0.2724768E+22  0.1394257E+22 -0.3311939E+22  0.1783596E+21 -0.8473558E+21  0.1006411E+22
  0.2085504E+23 -0.8299788E+22 -0.1742339E+22  0.8257773E+21  0.3467038E+21  0.3639101E+20
  0.1718093E+22  0.2415416E+23 -0.7487424E+22 -0.4874407E+22  0.4523599E+21  0.3097712E+21
 -0.1640763E+23 -0.8140552E+21  0.1083885E+23  0.8116644E+21 -0.1850023E+22 -0.4241364E+21
  0.3538525E+20  0.1009024E+22 -0.3054605E+21  0.7193175E+22 -0.4355162E+22  0.6592163E+21
 -0.6758520E+21 -0.9804106E+22  0.3335355E+22 -0.2395551E+22  0.6688257E+22 -0.1805188E+22
  0.3227163E+22  0.1604558E+22 -0.3994100E+22  0.1994482E+21 -0.9929411E+21  0.1235825E+22
  0.2404191E+23 -0.9392193E+22 -0.2132294E+22  0.9172866E+21  0.4165002E+21  0.4727869E+20
  0.1790563E+22  0.2819670E+23 -0.8519494E+22 -0.5575967E+22  0.3826969E+21  0.3742789E+21
 -0.1916127E+23 -0.8751632E+21  0.1290314E+23  0.9020175E+21 -0.2149608E+22 -0.5345137E+21
  0.3333884E+20  0.1063023E+22 -0.3142953E+21  0.8473742E+22 -0.5010722E+22  0.7407392E+21
 -0.7135344E+21 -0.1154764E+23  0.3812203E+22 -0.2741575E+22  0.7966470E+22 -0.2115723E+22
  0.3817855E+22  0.1840230E+22 -0.4803257E+22  0.2217507E+21 -0.1157600E+22  0.1510749E+22
  0.2769007E+23 -0.1061757E+23 -0.2586392E+22  0.1017808E+22  0.4958671E+21  0.6039552E+20
  0.1862461E+22  0.3284845E+23 -0.9671956E+22 -0.6366213E+22  0.2868643E+21  0.4476425E+21
 -0.2235043E+23 -0.9278762E+21  0.1531348E+23  0.9994317E+21 -0.2492343E+22 -0.6664290E+21
  0.3131773E+20  0.1116718E+22 -0.3223473E+21  0.9954891E+22 -0.5747079E+22  0.8294645E+21
 -0.7516556E+21 -0.1357646E+23  0.4348218E+22 -0.3125637E+22  0.9458214E+22 -0.2469735E+22
  0.4510115E+22  0.2103846E+22 -0.5758977E+22  0.2453468E+21 -0.1343203E+22  0.1838413E+22
  0.3186293E+23 -0.1198922E+23 -0.3111753E+22  0.1127811E+22  0.5854373E+21  0.7597390E+20
  0.1939500E+22  0.3819628E+23 -0.1096096E+23 -0.7254802E+22  0.1613959E+21  0.5306023E+21
 -0.2603936E+23 -0.9735862E+21  0.1812097E+23  0.1104850E+22 -0.2883256E+22 -0.8227643E+21
  0.2951440E+20  0.1173612E+22 -0.3307150E+21  0.1166688E+23 -0.6575281E+22  0.9264327E+21
 -0.7925096E+21 -0.1593542E+23  0.4952932E+22 -0.3553550E+22  0.1119715E+23 -0.2873096E+22
  0.5320041E+22  0.2399621E+22 -0.6884949E+22  0.2705890E+21 -0.1552738E+22  0.2227545E+22
  0.3663276E+23 -0.1352162E+23 -0.3715760E+22  0.1247750E+22  0.6857670E+21  0.9422488E+20
  0.2026782E+22  0.4433988E+23 -0.1240366E+23 -0.8252240E+22  0.2475615E+19  0.6238551E+21
 -0.3029828E+23 -0.1014599E+22  0.2138152E+23  0.1219242E+22 -0.3327452E+22 -0.1006461E+22
  0.2803395E+20  0.1236945E+22 -0.3402852E+21  0.1364445E+23 -0.7507218E+22  0.1032623E+22
 -0.8381568E+21 -0.1867379E+23  0.5635890E+22 -0.4031847E+22  0.1322050E+23 -0.3331846E+22
  0.6264786E+22  0.2731990E+22 -0.8206673E+22  0.2978461E+21 -0.1789411E+22  0.2687621E+22
  0.4208139E+23 -0.1523019E+23 -0.4405993E+22  0.1378036E+22  0.7973132E+21  0.1153287E+21
  0.2125747E+22  0.5139160E+23 -0.1401546E+23 -0.9369492E+22 -0.1944175E+21  0.7278953E+21
 -0.3520107E+23 -0.1052841E+22  0.2515355E+23  0.1343250E+22 -0.3829744E+22 -0.1220337E+22
  0.2684561E+20  0.1307743E+22 -0.3511857E+21  0.1592618E+23 -0.8553738E+22  0.1148525E+22
 -0.8890936E+21 -0.2184291E+23  0.6404192E+22 -0.4566488E+22  0.1556689E+23 -0.3851069E+22
  0.7361422E+22  0.3104613E+22 -0.9749716E+22  0.3273355E+21 -0.2055927E+22  0.3228213E+22
  0.4830162E+23 -0.1713121E+23 -0.5190348E+22  0.1518988E+22  0.9204344E+21  0.1394348E+21
  0.2238133E+22  0.5947914E+23 -0.1581281E+23 -0.1061816E+23 -0.4341977E+21  0.8431380E+21
 -0.4083007E+23 -0.1091045E+22  0.2950150E+23  0.1477505E+22 -0.4394994E+22 -0.1467205E+22
  0.2592687E+20  0.1387226E+22 -0.3635700E+21  0.1855600E+23 -0.9726470E+22  0.1274577E+22
 -0.9459634E+21 -0.2550008E+23  0.7265252E+22 -0.5164091E+22  0.1827916E+23 -0.4435966E+22
  0.8628566E+22  0.3521445E+22 -0.1154183E+23  0.3592885E+21 -0.2355195E+22  0.3859673E+22
  0.5539859E+23 -0.1924131E+23 -0.6077081E+22  0.1670746E+22  0.1055361E+22  0.1666600E+21
  0.2370421E+22  0.6874888E+23 -0.1781664E+23 -0.1201058E+23 -0.7218626E+21  0.9700882E+21
 -0.4728091E+23 -0.1134776E+22  0.3449979E+23  0.1622996E+22 -0.5028360E+22 -0.1750029E+22
  0.2535667E+20  0.1479636E+22 -0.3783918E+21  0.2158529E+23 -0.1104014E+23  0.1411664E+22
 -0.1011539E+22 -0.2971308E+23  0.8230096E+22 -0.5833660E+22  0.2140816E+23 -0.5093254E+22
  0.1008818E+23  0.3988124E+22 -0.1361558E+23  0.3941525E+21 -0.2691298E+22  0.4594089E+22
  0.6349299E+23 -0.2157820E+23 -0.7074943E+22  0.1833348E+22  0.1202216E+22  0.1970880E+21
  0.2533000E+22  0.7937091E+23 -0.2005258E+23 -0.1356031E+23 -0.1062610E+22  0.1109354E+22
 -0.5466416E+23 -0.1192617E+22  0.4023448E+23  0.1781073E+22 -0.5735388E+22 -0.2071956E+22
  0.2526299E+20  0.1591804E+22 -0.3971755E+21  0.2507463E+23 -0.1251288E+23  0.1561062E+22
 -0.1090391E+22 -0.3456147E+23  0.9313172E+22 -0.6586833E+22  0.2501398E+23 -0.5831235E+22
  0.1176575E+23  0.4512001E+22 -0.1600885E+23  0.4325724E+21 -0.3069586E+22  0.5445540E+22
  0.7271959E+23 -0.2415958E+23 -0.8192641E+22  0.2006631E+22  0.1360918E+22  0.2307472E+21
  0.2737309E+22  0.9153757E+23 -0.2254777E+23 -0.1528127E+23 -0.1462055E+22  0.1261438E+22
 -0.6310091E+23 -0.1275409E+22  0.4679990E+23  0.1953076E+22 -0.6521398E+22 -0.2436029E+22
  0.2575944E+20  0.1731386E+22 -0.4214694E+21  0.2909319E+23 -0.1416425E+23  0.1723994E+22
 -0.1187622E+22 -0.4013348E+23  0.1052970E+23 -0.7436715E+22  0.2916362E+23 -0.6658587E+22
  0.1368863E+23  0.5101119E+22 -0.1876265E+23  0.4752378E+21 -0.3495986E+22  0.6429371E+22
  0.8323269E+23 -0.2700418E+23 -0.9439141E+22  0.2190323E+22  0.1531227E+22  0.2676154E+21
  0.2995394E+22  0.1054709E+24 -0.2533137E+23 -0.1718842E+23 -0.1926374E+22  0.1426742E+22
 -0.7272647E+23 -0.1396149E+22  0.5430134E+23  0.2140330E+22 -0.7391708E+22 -0.2845232E+22
  0.2694970E+20  0.1906596E+22 -0.4527589E+21  0.3372125E+23 -0.1601555E+23  0.1901603E+22
 -0.1308647E+22 -0.4652850E+23  0.1189563E+23 -0.8398049E+22  0.3393274E+23 -0.7584415E+22
  0.1588661E+23  0.5764242E+22 -0.2192187E+23  0.5228694E+21 -0.3977029E+22  0.7562480E+22
  0.9520703E+23 -0.3013102E+23 -0.1082352E+23  0.2383958E+22  0.1712707E+22  0.3076151E+21
  0.3321164E+22  0.1214250E+24 -0.2843490E+23 -0.1929738E+23 -0.2462260E+22  0.1605566E+22
 -0.8369203E+23 -0.1570569E+22  0.6285655E+23  0.2344152E+22 -0.8351552E+22 -0.3302482E+22
  0.2896353E+20  0.2127036E+22 -0.4926631E+21  0.3905154E+23 -0.1809020E+23  0.2095022E+22
 -0.1459740E+22 -0.5385886E+23  0.1342827E+23 -0.9487582E+22  0.3940717E+23 -0.8618483E+22
  0.1839243E+23  0.6511125E+22 -0.2553619E+23  0.5762526E+21 -0.4520048E+22  0.8863661E+22
  0.1088410E+24 -0.3355919E+23 -0.1235496E+23  0.2586845E+22  0.1904716E+22  0.3506146E+21
  0.3731395E+22  0.1396917E+24 -0.3189298E+23 -0.2162441E+23 -0.3076954E+22  0.1798126E+22
 -0.9616793E+23 -0.1817742E+22  0.7259847E+23  0.2565875E+22 -0.9406115E+22 -0.3810674E+22
  0.3198084E+20  0.2404385E+22 -0.5430629E+21  0.4519165E+23 -0.2041429E+23  0.2305422E+22
 -0.1648462E+22 -0.6225267E+23  0.1514705E+23 -0.1072456E+23  0.4568521E+23 -0.9771517E+22
  0.2124261E+23  0.7352826E+22 -0.2966134E+23  0.6362689E+21 -0.5133424E+22  0.1035413E+23
  0.1243592E+24 -0.3730748E+23 -0.1404266E+23  0.2798041E+22  0.2106384E+22  0.3964251E+21
  0.4245766E+22  0.1606052E+24 -0.3574305E+23 -0.2418614E+23 -0.3778284E+22  0.2004522E+22
 -0.1103454E+24 -0.2160244E+22  0.8367683E+23  0.2806769E+22 -0.1056045E+23 -0.4372650E+22
  0.3623884E+20  0.2752496E+22 -0.6060625E+21  0.5226598E+23 -0.2301653E+23  0.2533965E+22
 -0.1883660E+22 -0.7185545E+23  0.1707333E+23 -0.1213080E+23  0.5287913E+23 -0.1105514E+23
  0.2447770E+23  0.8301661E+22 -0.3435970E+23  0.7038814E+21 -0.5826582E+22  0.1205781E+23
  0.1420194E+24 -0.4139525E+23 -0.1589618E+23  0.3016432E+22  0.2316678E+22  0.4448133E+21
  0.4887106E+22  0.1845533E+24 -0.4002643E+23 -0.2700024E+23 -0.4574841E+22  0.2224765E+22
 -0.1264426E+24 -0.2624426E+22  0.9626321E+23  0.3068066E+22 -0.1181975E+23 -0.4991327E+22
  0.4204323E+20  0.3187638E+22 -0.6839798E+21  0.6042016E+23 -0.2592903E+23  0.2781830E+22
 -0.2175543E+22 -0.8283497E+23  0.1923093E+23 -0.1373121E+23  0.6111889E+23 -0.1248224E+23
  0.2814357E+23  0.9371466E+22 -0.3970240E+23  0.7801460E+21 -0.6610208E+22  0.1400214E+23
  0.1621099E+24 -0.4583957E+23 -0.1792436E+23  0.3240496E+22  0.2534223E+22  0.4954707E+21
  0.5681844E+22  0.2119755E+24 -0.4478616E+23 -0.3008358E+23 -0.5475750E+22  0.2458620E+22
 -0.1447015E+24 -0.3240896E+22  0.1105489E+24  0.3350723E+22 -0.1318862E+23 -0.5669388E+22
  0.4978622E+20  0.3728879E+22 -0.7793579E+21  0.6982122E+23 -0.2918610E+23  0.3050034E+22
 -0.2535846E+22 -0.9538000E+23  0.2164532E+23 -0.1555344E+23  0.7055166E+23 -0.1406629E+23
  0.3229065E+23  0.1057721E+23 -0.4576838E+23  0.8661750E+21 -0.7496007E+22  0.1621789E+23
  0.1849605E+24 -0.5065746E+23 -0.2013623E+23  0.3468550E+22  0.2757482E+22  0.5480464E+21
  0.6660146E+22  0.2433803E+24 -0.5006922E+23 -0.3345372E+23 -0.6490879E+22  0.2705727E+22
 -0.1653977E+24 -0.4044581E+22  0.1267530E+24  0.3655562E+22 -0.1467173E+23 -0.6409575E+22
  0.5995545E+20  0.4398299E+22 -0.8949313E+21  0.8066421E+23 -0.3282584E+23  0.3339571E+22
 -0.2977861E+22 -0.1097077E+24  0.2434467E+23 -0.1762871E+23  0.8134780E+23 -0.1582216E+23
  0.3697601E+23  0.1193549E+23 -0.5264784E+23  0.9631641E+21 -0.8497099E+22  0.1874050E+23
  0.2109448E+24 -0.5586360E+23 -0.2254006E+23  0.3698528E+22  0.2984592E+22  0.6021173E+21
  0.7856797E+22  0.2793515E+24 -0.5592519E+23 -0.3712747E+23 -0.7630703E+22  0.2965457E+22
 -0.1888413E+24 -0.5075644E+22  0.1451238E+24  0.3983065E+22 -0.1627322E+23 -0.7214419E+22
  0.7315806E+20  0.5221701E+22 -0.1033670E+22  0.9317552E+23 -0.3688943E+23  0.3651254E+22
 -0.3516768E+22 -0.1260659E+24  0.2735943E+23 -0.1999189E+23  0.9370283E+23 -0.1776568E+23
  0.4226348E+23  0.1346435E+23 -0.6044265E+23  0.1072373E+22 -0.9627947E+22  0.2161034E+23
  0.2404862E+24 -0.6147082E+23 -0.2514354E+23  0.3928149E+22  0.3213478E+22  0.6572079E+21
  0.9310539E+22  0.3205587E+24 -0.6240625E+23 -0.4112119E+23 -0.8906241E+22  0.3236935E+22
 -0.2153817E+24 -0.6378958E+22  0.1659430E+24  0.4333352E+22 -0.1799691E+23 -0.8086315E+22
  0.9011551E+20  0.6228328E+22 -0.1198622E+22  0.1076176E+24 -0.4142135E+23  0.3985705E+22
 -0.4169303E+22 -0.1447369E+24  0.3072218E+23 -0.2268150E+23  0.1078413E+24 -0.1991370E+23
  0.4822447E+23  0.1518321E+23 -0.6926806E+23  0.1195088E+22 -0.1090434E+23  0.2487360E+23
  0.2740627E+24 -0.6748817E+23 -0.2795302E+23  0.4154754E+22  0.3441727E+22  0.7127671E+21
  0.1106512E+23  0.3677691E+24 -0.6956628E+23 -0.4544947E+23 -0.1032888E+23  0.3518928E+22
 -0.2454109E+24 -0.8005051E+22  0.1895295E+24  0.4706022E+22 -0.1984575E+23 -0.9027278E+22
  0.1116868E+21  0.7451730E+22 -0.1392957E+22  0.1242946E+24 -0.4646894E+23  0.4343234E+22
 -0.4954158E+22 -0.1660420E+24  0.3446752E+23 -0.2573993E+23  0.1240206E+24 -0.2228382E+23
  0.5493863E+23  0.1711277E+23 -0.7925414E+23  0.1332608E+22 -0.1234339E+23  0.2858288E+23
  0.3122230E+24 -0.7392310E+23 -0.3097434E+23  0.4375577E+22  0.3666800E+22  0.7682084E+21
  0.1316908E+23  0.4218722E+24 -0.7746268E+23 -0.5012657E+23 -0.1191057E+23  0.3809972E+22
 -0.2793773E+24 -0.1000983E+23  0.2162504E+24  0.5100250E+22 -0.2182256E+23 -0.1003925E+23
  0.1388629E+21  0.8929835E+22 -0.1619852E+22  0.1435624E+24 -0.5208379E+23  0.4723941E+22
 -0.5891850E+22 -0.1903517E+24  0.3863286E+23 -0.2921421E+23  0.1425399E+24 -0.2489512E+23
  0.6249671E+23  0.1927535E+23 -0.9055043E+23  0.1486235E+22 -0.1396387E+23  0.3279924E+23
  0.3555780E+24 -0.8077596E+23 -0.3421051E+23  0.4587429E+22  0.3885767E+22  0.8228567E+21
  0.1567590E+23  0.4838746E+24 -0.8615153E+23 -0.5516265E+23 -0.1366289E+23  0.4108085E+22
 -0.3177764E+24 -0.1245469E+23  0.2465159E+24  0.5514391E+22 -0.2392846E+23 -0.1112339E+23
  0.1727706E+21  0.1070521E+23 -0.1882401E+22  0.1658292E+24 -0.5831870E+23  0.5127370E+22
 -0.7004694E+22 -0.2180826E+24  0.4325635E+23 -0.3315457E+23  0.1637384E+24 -0.2776658E+23
  0.7099838E+23  0.2169388E+23 -0.1033235E+24  0.1657165E+22 -0.1578549E+23  0.3759154E+23
  0.4048263E+24 -0.8804379E+23 -0.3766326E+23  0.4787059E+22  0.4095604E+22  0.8760060E+21
  0.1864410E+23  0.5549399E+24 -0.9569098E+23 -0.6056612E+23 -0.1559751E+23  0.4410990E+22
 -0.3611736E+24 -0.1540645E+23  0.2807974E+24  0.5946206E+22 -0.2616402E+23 -0.1228053E+23
  0.2146615E+21  0.1282544E+23 -0.2183532E+22  0.1915714E+24 -0.6523008E+23  0.5552712E+22
 -0.8316846E+22 -0.2497137E+24  0.4837852E+23 -0.3761585E+23  0.1880096E+24 -0.3091835E+23
  0.8055700E+23  0.2439255E+23 -0.1177648E+24  0.1846508E+22 -0.1782950E+23  0.4303952E+23
  0.4607567E+24 -0.9571725E+23 -0.4133164E+23  0.4971057E+22  0.4293102E+22  0.9269016E+21
  0.2213712E+23  0.6363998E+24 -0.1061384E+24 -0.6634144E+23 -0.1772546E+23  0.4715975E+22
 -0.4102043E+24 -0.1893704E+23  0.3196303E+24  0.6392636E+22 -0.2852843E+23 -0.1351082E+23
  0.2658953E+21  0.1534320E+23 -0.2525864E+22  0.2213406E+24 -0.7287612E+23  0.5998593E+22
 -0.9854162E+22 -0.2857903E+24  0.5404102E+23 -0.4265658E+23  0.2158055E+24 -0.3437080E+23
  0.9129959E+23  0.2739618E+23 -0.1340909E+24  0.2055186E+22 -0.2011827E+23  0.4923455E+23
  0.5242624E+24 -0.1037803E+24 -0.4521186E+23  0.5135957E+22  0.4474955E+22  0.9747561E+21
  0.2622300E+23  0.7297798E+24 -0.1175494E+24 -0.7248865E+23 -0.2005682E+23  0.5019915E+22
 -0.4655857E+24 -0.2312299E+23  0.3636239E+24  0.6849783E+22 -0.3101941E+23 -0.1481362E+23
  0.3279111E+21  0.1831629E+23 -0.2911565E+22  0.2557754E+24 -0.8131632E+23  0.6463039E+22
 -0.1164403E+23 -0.3269338E+24  0.6028636E+23 -0.4833876E+23  0.2476460E+24 -0.3814447E+23
  0.1033691E+24  0.3072992E+23 -0.1525487E+24  0.2283875E+22 -0.2267511E+23  0.5628159E+23
  0.5963497E+24 -0.1122093E+24 -0.4929662E+23  0.5278327E+22  0.4637830E+22  0.1018763E+22
  0.3097337E+23  0.8368207E+24 -0.1299763E+24 -0.7900231E+23 -0.2260015E+23  0.5319266E+22
 -0.5281233E+24 -0.2804420E+23  0.4134699E+24  0.7312852E+22 -0.3363293E+23 -0.1618732E+23
  0.4021757E+21  0.2180718E+23 -0.3342127E+22  0.2956128E+24 -0.9061011E+23  0.6943367E+22
 -0.1371490E+23 -0.3738503E+24  0.6715682E+23 -0.5472682E+23  0.2841274E+24 -0.4225940E+23
  0.1169256E+24  0.3441862E+23 -0.1734176E+24  0.2532895E+22 -0.2552389E+23  0.6430081E+23
  0.6781730E+24 -0.1209746E+24 -0.5357608E+23  0.5394960E+22  0.4778536E+22  0.1058136E+22
  0.3646418E+23  0.9595365E+24 -0.1434702E+24 -0.8587266E+23 -0.2536259E+23  0.5610221E+22
 -0.5987407E+24 -0.3378421E+23  0.4699671E+24  0.7776332E+22 -0.3636378E+23 -0.1762964E+23
  0.4901538E+21  0.2588374E+23 -0.3818348E+22  0.3417130E+24 -0.1008185E+24  0.7436328E+22
 -0.1609662E+23 -0.4273541E+24  0.7469598E+23 -0.6188871E+23  0.3259432E+24 -0.4673606E+23
  0.1321530E+24  0.3848746E+23 -0.1970205E+24  0.2802214E+22 -0.2868954E+23  0.7343206E+23
  0.7710147E+24 -0.1300354E+24 -0.5803486E+23  0.5482776E+22  0.4893931E+22  0.1092082E+22
  0.4277189E+23  0.1100196E+25 -0.1580714E+24 -0.9308086E+23 -0.2834802E+23  0.5888494E+22
 -0.6784606E+24 -0.4042622E+23  0.5340101E+24  0.8233653E+22 -0.3920379E+23 -0.1913669E+23
  0.5931906E+21  0.3061662E+23 -0.4339840E+22  0.3950575E+24 -0.1119971E+24  0.7937673E+22
 -0.1881874E+23 -0.4883583E+24  0.8294365E+23 -0.6989120E+23  0.3738800E+24 -0.5159240E+23
  0.1492542E+24  0.4295914E+23 -0.2237188E+24  0.3091182E+22 -0.3219596E+23  0.8383362E+23
  0.8763416E+24 -0.1393436E+24 -0.6265424E+23  0.5539121E+22  0.4981203E+22  0.1119870E+22
  0.4997495E+23  0.1261414E+25 -0.1738157E+24 -0.1006021E+24 -0.3155771E+23  0.6149635E+22
 -0.7684537E+24 -0.4805396E+23  0.6066300E+24  0.8677626E+22 -0.4214315E+23 -0.2070357E+23
  0.7124779E+21  0.3608048E+23 -0.4905138E+22  0.4567864E+24 -0.1242002E+24  0.8442502E+22
 -0.2191123E+23 -0.5579136E+24  0.9193902E+23 -0.7880197E+23  0.4288497E+24 -0.5684564E+23
  0.1684620E+24  0.4785546E+23 -0.2539291E+24  0.3398608E+22 -0.3606717E+23  0.9568924E+23
  0.9958091E+24 -0.1488430E+24 -0.6741110E+23  0.5561872E+22  0.5037950E+22  0.1140845E+22
  0.5814995E+23  0.1446167E+25 -0.1907286E+24 -0.1084037E+24 -0.3498915E+23  0.6389048E+22
 -0.8700412E+24 -0.5674755E+23  0.6890007E+24  0.9100436E+22 -0.4516985E+23 -0.2232412E+23
  0.8489120E+21  0.4235113E+23 -0.5511301E+22  0.5282109E+24 -0.1374759E+24  0.8945106E+22
 -0.2540289E+23 -0.6372141E+24  0.1017174E+24 -0.8868606E+23  0.4918987E+24 -0.6251062E+23
  0.1900393E+24  0.5319533E+23 -0.2881262E+24  0.3722575E+22 -0.4032578E+23  0.1092099E+24
  0.1131291E+25 -0.1584680E+24 -0.7227754E+23  0.5549438E+22  0.5062217E+22  0.1154443E+22
  0.6737087E+23  0.1657854E+25 -0.2088233E+24 -0.1164443E+24 -0.3863547E+23  0.6602054E+22
 -0.9847204E+24 -0.6658220E+23  0.7824618E+24  0.9493774E+22 -0.4826922E+23 -0.2399065E+23
  0.1003021E+22  0.4950495E+23 -0.6153864E+22  0.6108396E+24 -0.1518646E+24  0.9438993E+22
 -0.2932114E+23 -0.7276209E+24  0.1123094E+24 -0.9960428E+23  0.5642295E+24 -0.6859913E+23
  0.2142849E+24  0.5899432E+23 -0.3268523E+24  0.4060400E+22 -0.4499251E+23  0.1246383E+24
  0.1284899E+25 -0.1681448E+24 -0.7722102E+23  0.5500956E+22  0.5052661E+22  0.1160225E+22
  0.7770494E+23  0.1900332E+25 -0.2280982E+24 -0.1246736E+24 -0.4248479E+23  0.6784061E+22
 -0.1114182E+25 -0.7762377E+23  0.8885371E+24  0.9849090E+22 -0.5142412E+23 -0.2569399E+23
  0.1174812E+22  0.5761554E+23 -0.6826575E+22  0.7064004E+24 -0.1673956E+24  0.9916933E+22
 -0.3369037E+23 -0.8306791E+24  0.1237387E+24 -0.1116098E+24  0.6472191E+24 -0.7511887E+23
  0.2415368E+24  0.6526324E+23 -0.3707251E+24  0.4408533E+22 -0.5008497E+23  0.1422528E+24
  0.1459057E+25 -0.1777961E+24 -0.8220645E+23  0.5416417E+22  0.5008709E+22  0.1157923E+22
  0.8921324E+23  0.2178042E+25 -0.2485405E+24 -0.1330359E+24 -0.4652090E+23  0.6930856E+22
 -0.1260373E+25 -0.8992891E+23  0.1008989E+25  0.1015808E+23 -0.5461606E+23 -0.2742408E+23
  0.1363724E+22  0.6675378E+23 -0.7521601E+22  0.8168933E+24 -0.1840898E+24  0.1037132E+23
 -0.3853242E+23 -0.9481710E+24  0.1360241E+24 -0.1247493E+24  0.7424647E+24 -0.8207471E+23
  0.2721863E+24  0.7200929E+23 -0.4204606E+24  0.4762674E+22 -0.5561829E+23  0.1623770E+24
  0.1656461E+25 -0.1873330E+24 -0.8719234E+23  0.5296482E+22  0.4930393E+22  0.1147402E+22
  0.1019421E+24  0.2495962E+25 -0.2701114E+24 -0.1414631E+24 -0.5072056E+23  0.7038412E+22
 -0.1425465E+25 -0.1035362E+24  0.1145796E+25  0.1041246E+23 -0.5782256E+23 -0.2916865E+23
  0.1568433E+22  0.7698077E+23 -0.8229054E+22  0.9445796E+24 -0.2019464E+24  0.1079379E+23
 -0.4386307E+23 -0.1082095E+25  0.1491705E+24 -0.1390525E+24  0.8517726E+24 -0.8946342E+23
  0.3066706E+24  0.7923106E+23 -0.4768641E+24  0.5117512E+22 -0.6160104E+23  0.1853776E+24
