  0.8766761E+17 -0.1389142E+18  0.3916768E+17  0.5502934E+17 -0.3103169E+17  0.4374784E+16
  0.1537609E+18 -0.9931602E+17 -0.3275412E+17 -0.1783049E+17  0.5819115E+17 -0.1498983E+17
 -0.2086110E+18  0.2291051E+18 -0.1045209E+17 -0.5056891E+17 -0.1438184E+17  0.8075227E+16
  0.6742062E+17  0.1973616E+17 -0.5884570E+17  0.1444350E+16 -0.8613003E+16  0.1284034E+17
 -0.1829422E+18  0.2919704E+17  0.1115383E+18  0.8192618E+16 -0.1978732E+17 -0.1383454E+17
  0.1241010E+18 -0.7594059E+17 -0.4300946E+17  0.1161750E+17  0.1315930E+17  0.3726429E+16
  0.9212939E+17 -0.1443005E+18  0.4067462E+17  0.5650378E+17 -0.3185394E+17  0.4489406E+16
  0.1611440E+18 -0.1026355E+18 -0.3336318E+17 -0.1845303E+17  0.5918744E+17 -0.1521727E+17
 -0.2168432E+18  0.2351299E+18 -0.1088720E+17 -0.5114789E+17 -0.1454351E+17  0.8163308E+16
  0.7046446E+17  0.2060697E+17 -0.6028753E+17  0.1506600E+16 -0.8815390E+16  0.1289511E+17
 -0.1896408E+18  0.2938841E+17  0.1134671E+18  0.8351953E+16 -0.1970537E+17 -0.1383516E+17
  0.1275949E+18 -0.7686093E+17 -0.4351995E+17  0.1157492E+17  0.1310783E+17  0.3710936E+16
  0.1029772E+18 -0.1593341E+18  0.4487070E+17  0.6163345E+17 -0.3471367E+17  0.4887925E+16
  0.1794186E+18 -0.1124841E+18 -0.3618616E+17 -0.2036284E+17  0.6397047E+17 -0.1640007E+17
 -0.2395247E+18  0.2562457E+18 -0.1195780E+17 -0.5488212E+17 -0.1566536E+17  0.8764084E+16
  0.7815081E+17  0.2292962E+17 -0.6557679E+17  0.1681900E+16 -0.9620187E+16  0.1375646E+17
 -0.2086634E+18  0.3118898E+17  0.1225891E+18  0.9066148E+16 -0.2078746E+17 -0.1470272E+17
  0.1392834E+18 -0.8250349E+17 -0.4678363E+17  0.1221759E+17  0.1385597E+17  0.3928516E+16
  0.1155095E+18 -0.1764754E+18  0.4962486E+17  0.6740479E+17 -0.3790843E+17  0.5329921E+16
  0.2001988E+18 -0.1232856E+18 -0.3946646E+17 -0.2264679E+17  0.6936775E+17 -0.1771544E+17
 -0.2652566E+18  0.2797836E+18 -0.1305778E+17 -0.5893807E+17 -0.1697832E+17  0.9434729E+16
  0.8674512E+17  0.2569116E+17 -0.7146841E+17  0.1902227E+16 -0.1058334E+17  0.1472052E+17
 -0.2298686E+18  0.3282112E+17  0.1327552E+18  0.9901062E+16 -0.2190668E+17 -0.1567944E+17
  0.1522841E+18 -0.8858859E+17 -0.5043085E+17  0.1288372E+17  0.1466863E+17  0.4175208E+16
  0.1300376E+18 -0.1960814E+18  0.5502754E+17  0.7391690E+17 -0.4148753E+17  0.5821453E+16
  0.2238864E+18 -0.1351296E+18 -0.4329298E+17 -0.2538340E+17  0.7547853E+17 -0.1918290E+17
 -0.2945262E+18  0.3060767E+18 -0.1417628E+17 -0.6334708E+17 -0.1851765E+17  0.1018573E+17
  0.9636664E+17  0.2898286E+17 -0.7804803E+17  0.2179193E+16 -0.1173671E+17  0.1580291E+17
 -0.2535438E+18  0.3420251E+17  0.1441154E+18  0.1087684E+17 -0.2305831E+17 -0.1678205E+17
  0.1667705E+18 -0.9515121E+17 -0.5451753E+17  0.1357217E+17  0.1555254E+17  0.4455466E+16
  0.1469802E+18 -0.2186271E+18  0.6119755E+17  0.8129975E+17 -0.4551444E+17  0.6370145E+16
  0.2510474E+18 -0.1481841E+18 -0.4777045E+17 -0.2865397E+17  0.8241921E+17 -0.2082543E+17
 -0.3280117E+18  0.3356061E+18 -0.1530847E+17 -0.6816583E+17 -0.2032050E+17  0.1102912E+17
  0.1071995E+18  0.3290308E+17 -0.8543104E+17  0.2524762E+16 -0.1311081E+17  0.1702075E+17
 -0.2801278E+18  0.3528390E+17  0.1568660E+18  0.1201247E+17 -0.2424625E+17 -0.1802832E+17
  0.1830037E+18 -0.1022709E+18 -0.5911476E+17  0.1428842E+17  0.1651803E+17  0.4773886E+16
  0.1668285E+18 -0.2446619E+18  0.6827138E+17  0.8970208E+17 -0.5006161E+17  0.6984689E+16
  0.2823060E+18 -0.1625942E+18 -0.5302887E+17 -0.3256716E+17  0.9032928E+17 -0.2266997E+17
 -0.3664679E+18  0.3688854E+18 -0.1644065E+17 -0.7344771E+17 -0.2243391E+17  0.1197908E+17
  0.1194290E+18  0.3757799E+17 -0.9374158E+17  0.2955951E+16 -0.1474776E+17  0.1839478E+17
 -0.3100672E+18  0.3596762E+17  0.1712223E+18  0.1333293E+17 -0.2546727E+17 -0.1944004E+17
  0.2012527E+18 -0.1100140E+18 -0.6430144E+17  0.1503467E+17  0.1757506E+17  0.5136174E+16
  0.1901870E+18 -0.2748522E+18  0.7641307E+17  0.9930195E+17 -0.5521488E+17  0.7675285E+16
  0.3184076E+18 -0.1785142E+18 -0.5922865E+17 -0.3725794E+17  0.9937584E+17 -0.2474823E+17
 -0.4107998E+18  0.4065170E+18 -0.1755243E+17 -0.7925265E+17 -0.2491494E+17  0.1305236E+17
  0.1332681E+18  0.4316214E+17 -0.1031240E+18  0.3494781E+16 -0.1669963E+17  0.1994958E+17
 -0.3438768E+18  0.3612520E+17  0.1874357E+18  0.1486774E+17 -0.2671488E+17 -0.2104304E+17
  0.2218297E+18 -0.1184527E+18 -0.7017002E+17  0.1581284E+17  0.1873469E+17  0.5549111E+16
  0.2177942E+18 -0.3100011E+18  0.8581844E+17  0.1103113E+18 -0.6107556E+17  0.8453857E+16
  0.3602253E+18 -0.1960899E+18 -0.6656978E+17 -0.4289780E+17  0.1097607E+18 -0.2709783E+17
 -0.4620750E+18  0.4491912E+18 -0.1861225E+17 -0.8564406E+17 -0.2783423E+17  0.1426887E+17
  0.1489505E+18  0.4984780E+17 -0.1137439E+18  0.4170518E+16 -0.1903277E+17  0.2171471E+17
 -0.3821293E+18  0.3557781E+17  0.2057977E+18  0.1665261E+17 -0.2797624E+17 -0.2286859E+17
  0.2450860E+18 -0.1276575E+18 -0.7682835E+17  0.1662319E+17  0.2000873E+17  0.6020943E+16
  0.2504093E+18 -0.3509260E+18  0.9668570E+17  0.1229478E+18 -0.6774815E+17  0.9332846E+16
  0.4084635E+18 -0.2152224E+18 -0.7531067E+17 -0.4974302E+17  0.1217304E+18 -0.2976271E+17
 -0.5212220E+18  0.4974229E+18 -0.1954599E+17 -0.9263323E+17 -0.3129032E+17  0.1565268E+17
  0.1665697E+18  0.5789884E+17 -0.1257371E+18  0.5031339E+16 -0.2185281E+17  0.2372854E+17
 -0.4251044E+18  0.3393916E+17  0.2265747E+18  0.1873908E+17 -0.2920234E+17 -0.2495842E+17
  0.2712284E+18 -0.1375859E+18 -0.8438187E+17  0.1744829E+17  0.2140218E+17  0.6563012E+16
  0.2890262E+18 -0.3986932E+18  0.1092696E+18  0.1374929E+18 -0.7536524E+17  0.1032765E+17
  0.4640669E+18 -0.2358502E+18 -0.8576946E+17 -0.5809161E+17  0.1355819E+18 -0.3279537E+17
 -0.5894863E+18  0.5519436E+18 -0.2027086E+17 -0.1002603E+18 -0.3539651E+17  0.1723206E+17
  0.1862790E+18  0.6761689E+17 -0.1392816E+18  0.6136015E+16 -0.2527871E+17  0.2603535E+17
 -0.4732462E+18  0.3080886E+17  0.2501084E+18  0.2118030E+17 -0.3034604E+17 -0.2736013E+17
  0.3005732E+18 -0.1482395E+18 -0.9296331E+17  0.1827754E+17  0.2292426E+17  0.7188078E+16
  0.3351241E+18 -0.4548683E+18  0.1239378E+18  0.1543497E+18 -0.8411124E+17  0.1145888E+17
  0.5286572E+18 -0.2582105E+18 -0.9833032E+17 -0.6824988E+17  0.1516712E+18 -0.3625894E+17
 -0.6689063E+18  0.6140736E+18 -0.2072351E+17 -0.1086637E+18 -0.4027114E+17  0.1903983E+17
  0.2084888E+18  0.7932138E+17 -0.1546626E+18  0.7544630E+16 -0.2942137E+17  0.2868323E+17
 -0.5275988E+18  0.2592632E+17  0.2769080E+18  0.2402429E+17 -0.3139372E+17 -0.3012354E+17
  0.3337836E+18 -0.1597953E+18 -0.1027601E+18  0.1912507E+17  0.2459764E+17  0.7909043E+16
  0.3906085E+18 -0.5214290E+18  0.1411465E+18  0.1740158E+18 -0.9420926E+17  0.1275083E+17
  0.6042851E+18 -0.2825870E+18 -0.1134749E+18 -0.8059386E+17  0.1704283E+18 -0.4022808E+17
 -0.7620607E+18  0.6854526E+18 -0.2081880E+17 -0.1180128E+18 -0.4605840E+17  0.2111490E+17
  0.2337126E+18  0.9340039E+17 -0.1722270E+18  0.9331581E+16 -0.3441420E+17  0.3172928E+17
 -0.5894675E+18  0.1897859E+17  0.3075929E+18  0.2732830E+17 -0.3232909E+17 -0.3330810E+17
  0.3716872E+18 -0.1724740E+18 -0.1140010E+18  0.2000828E+17  0.2644994E+17  0.8741368E+16
  0.4574809E+18 -0.6004199E+18  0.1613581E+18  0.1970050E+18 -0.1058871E+18  0.1422815E+17
  0.6926426E+18 -0.3087204E+18 -0.1318245E+18 -0.9568294E+17  0.1923789E+18 -0.4478985E+17
 -0.8712670E+18  0.7673664E+18 -0.2037162E+17 -0.1283705E+18 -0.5296344E+17  0.2350471E+17
  0.2621715E+18  0.1103795E+18 -0.1922641E+18  0.1161801E+17 -0.4047354E+17  0.3524932E+17
 -0.6595649E+18  0.9242696E+16  0.3427426E+18  0.3117400E+17 -0.3306066E+17 -0.3699611E+17
  0.4148295E+18 -0.1862780E+18 -0.1269157E+18  0.2091189E+17  0.2849557E+17  0.9707367E+16
  0.5381889E+18 -0.6943122E+18  0.1851232E+18  0.2239313E+18 -0.1194128E+18  0.1591941E+17
  0.7956756E+18 -0.3361861E+18 -0.1541506E+18 -0.1142120E+18  0.2181580E+18 -0.5004768E+17
 -0.9992587E+18  0.8612912E+18 -0.1913867E+17 -0.1397969E+18 -0.6123813E+17  0.2626605E+17
  0.2940880E+18  0.1308859E+18 -0.2151093E+18  0.1456292E+17 -0.4786794E+17  0.3933517E+17
 -0.7386679E+18 -0.4168602E+16  0.3830414E+18  0.3565041E+17 -0.3346889E+17 -0.4128782E+17
  0.4638324E+18 -0.2011967E+18 -0.1417790E+18  0.2181828E+17  0.3074975E+17  0.1083435E+17
  0.6360164E+18 -0.8063823E+18  0.2131637E+18  0.2555958E+18 -0.1351313E+18  0.1786069E+17
  0.9161537E+18 -0.3646804E+18 -0.1814022E+18 -0.1369919E+18  0.2485352E+18 -0.5612641E+17
 -0.1149830E+19  0.9693725E+18 -0.1684712E+17 -0.1524345E+18 -0.7117402E+17  0.2946646E+17
  0.3299198E+18  0.1556403E+18 -0.2412250E+18  0.1835592E+17 -0.5689920E+17  0.4409367E+17
 -0.8281395E+18 -0.2215319E+17  0.4293958E+18  0.4085022E+17 -0.3344105E+17 -0.4629851E+17
  0.5196832E+18 -0.2173580E+18 -0.1589455E+18  0.2272755E+17  0.3323956E+17  0.1215340E+17
  0.7553163E+18 -0.9409116E+18  0.2464106E+18  0.2930278E+18 -0.1534791E+18  0.2009694E+17
  0.1057811E+19 -0.3939575E+18 -0.2147647E+18 -0.1650015E+18  0.2844524E+18 -0.6317739E+17
 -0.1328043E+19  0.1094508E+19 -0.1317168E+17 -0.1665054E+18 -0.8311878E+17  0.3318712E+17
  0.3703626E+18  0.1855014E+18 -0.2712129E+18  0.2322775E+17 -0.6792040E+17  0.4965162E+17
 -0.9299536E+18 -0.4569807E+17  0.4829662E+18  0.4687892E+17 -0.3286084E+17 -0.5216406E+17
  0.5837614E+18 -0.2350129E+18 -0.1788638E+18  0.2365310E+17  0.3600383E+17  0.1370091E+17
  0.9013425E+18 -0.1103017E+19  0.2859568E+18  0.3374538E+18 -0.1749696E+18  0.2268041E+17
  0.1224660E+19 -0.4232519E+18 -0.2557410E+18 -0.1995239E+18  0.3270741E+18 -0.7138378E+17
 -0.1539622E+19  0.1239838E+19 -0.7654319E+16 -0.1822055E+18 -0.9751633E+17  0.3752719E+17
  0.4159886E+18  0.2215279E+18 -0.3057136E+18  0.2949277E+17 -0.8140139E+17  0.5616790E+17
 -0.1045947E+19 -0.7620144E+17  0.5450547E+18  0.5386567E+17 -0.3154231E+17 -0.5905608E+17
  0.6574734E+18 -0.2543276E+18 -0.2020504E+18  0.2459510E+17  0.3907913E+17  0.1552320E+17
  0.1080590E+19 -0.1298961E+19  0.3331152E+18  0.3903651E+18 -0.2002163E+18  0.2567248E+17
  0.1421254E+19 -0.4512736E+18 -0.3062275E+18 -0.2421958E+18  0.3778340E+18 -0.8096650E+17
 -0.1791331E+19  0.1408971E+19  0.3173377E+15 -0.1997297E+18 -0.1149231E+18  0.4260703E+17
  0.4673283E+18  0.2649977E+18 -0.3454479E+18  0.3756663E+17 -0.9794281E+17  0.6383854E+17
 -0.1178030E+19 -0.1154662E+18  0.6171833E+18  0.6195956E+17 -0.2922925E+17 -0.6718756E+17
  0.7423870E+18 -0.2754371E+18 -0.2291198E+18  0.2554785E+17  0.4250349E+17  0.1767807E+17
  0.1301365E+19 -0.1536665E+19  0.3895136E+18  0.4536272E+18 -0.2299707E+18  0.2914648E+17
  0.1653182E+19 -0.4762926E+18 -0.3686155E+18 -0.2950572E+18  0.4384944E+18 -0.9219149E+17
 -0.2091662E+19  0.1606423E+19  0.1152818E+17 -0.2193330E+18 -0.1360238E+18  0.4857190E+17
  0.5250274E+18  0.3174297E+18 -0.3912810E+18  0.4797922E+17 -0.1182836E+18  0.7290136E+17
 -0.1328565E+19 -0.1656592E+18  0.7012121E+18  0.7133144E+17 -0.2560825E+17 -0.7681745E+17
  0.8404733E+18 -0.2985495E+18 -0.2608279E+18  0.2651238E+17  0.4632511E+17  0.2023597E+17
  0.1574638E+19 -0.1826435E+19  0.4572233E+18  0.5296241E+18 -0.2651685E+18  0.3319068E+17
  0.1927828E+19 -0.4962261E+18 -0.4459443E+18 -0.3606301E+18  0.5112289E+18 -0.1053792E+18
 -0.2451837E+19  0.1838183E+19  0.2697778E+17 -0.2413945E+18 -0.1616604E+18  0.5559729E+17
  0.5900596E+18  0.3806502E+18 -0.4443187E+18  0.6138980E+17 -0.1433160E+18  0.8364372E+17
 -0.1500891E+19 -0.2293208E+18  0.7995099E+18  0.8218481E+17 -0.2031873E+17 -0.8825966E+17
  0.9544269E+18 -0.3240520E+18 -0.2981377E+18  0.2750596E+17  0.5061264E+17  0.2328258E+17
  0.1914308E+19 -0.2181139E+19  0.5387561E+18  0.6212905E+18 -0.3069259E+18  0.3790639E+17
  0.2253905E+19 -0.5079997E+18 -0.5420750E+18 -0.4421026E+18  0.5987062E+18 -0.1209108E+18
 -0.2885616E+19  0.2111429E+19  0.4800187E+17 -0.2663384E+18 -0.1928881E+18  0.6389460E+17
  0.6634363E+18  0.4568518E+18 -0.5058344E+18  0.7864867E+17 -0.1741624E+18  0.9641786E+17
 -0.1698761E+19 -0.3096717E+18  0.9149120E+18  0.9476153E+17 -0.1288653E+17 -0.1019029E+18
  0.1087440E+19 -0.3523620E+18 -0.3422240E+18  0.2854386E+17  0.5544524E+17  0.2692500E+17
  0.2338001E+19 -0.2616842E+19  0.6371527E+18  0.7322347E+18 -0.3565712E+18  0.4340924E+17
  0.2641812E+19 -0.5073176E+18 -0.6618920E+18 -0.5434733E+18  0.7041947E+18 -0.1392395E+18
 -0.3410000E+19  0.2434854E+19  0.7636665E+17 -0.2946504E+18 -0.2310268E+18  0.7371858E+17
  0.7462753E+18  0.5486592E+18 -0.5773257E+18  0.1008431E+18 -0.2122240E+18  0.1116562E+18
 -0.1926556E+19 -0.4107368E+18  0.1050859E+19  0.1093465E+18 -0.2700431E+16 -0.1182299E+18
  0.1243381E+19 -0.3839582E+18 -0.3945372E+18  0.2964175E+17  0.6091690E+17  0.3129765E+17
  0.2868517E+19 -0.3153954E+19  0.7561667E+18  0.8669486E+18 -0.4157052E+18  0.4983307E+17
  0.3104840E+19 -0.4887139E+18 -0.8115776E+18 -0.6697001E+18  0.8317060E+18 -0.1609081E+18
 -0.4046855E+19  0.2819503E+19  0.1143727E+18 -0.3269554E+18 -0.2777234E+18  0.8537846E+17
  0.8401582E+18  0.6592714E+18 -0.6606929E+18  0.1293324E+18 -0.2592226E+18  0.1298907E+18
 -0.2190128E+19 -0.5374316E+18  0.1211715E+19  0.1262832E+18  0.1098899E+17 -0.1378411E+18
  0.1427308E+19 -0.4195182E+18 -0.4569287E+18  0.3082647E+17  0.6715083E+17  0.3656950E+17
  0.3534709E+19 -0.3817836E+19  0.9003117E+18  0.1030910E+19 -0.4862129E+18  0.5732870E+17
  0.3659225E+19 -0.4449417E+18 -0.9989069E+18 -0.8269352E+18  0.9861350E+18 -0.1865620E+18
 -0.4823435E+19  0.3278854E+19  0.1650387E+18 -0.3639720E+18 -0.3350393E+18  0.9924846E+17
  0.9470317E+18  0.7925803E+18 -0.7582621E+18  0.1658296E+18 -0.3172986E+18  0.1517799E+18
 -0.2496674E+19 -0.6958949E+18  0.1402894E+19  0.1459784E+18  0.2914092E+17 -0.1614897E+18
  0.1645505E+19 -0.4598405E+18 -0.5317253E+18  0.3212589E+17  0.7429598E+17  0.4295517E+17
  0.4373639E+19 -0.4640338E+19  0.1075069E+19  0.1230825E+19 -0.5703129E+18  0.6606481E+17
  0.4325934E+19 -0.3669837E+18 -0.1233662E+19 -0.1022719E+19  0.1173434E+19 -0.2169654E+18
 -0.5774749E+19  0.3829880E+19  0.2323077E+18 -0.4065869E+18 -0.4055464E+18  0.1157803E+18
  0.1069688E+19  0.9534254E+18 -0.8730396E+18  0.2124499E+18 -0.3890753E+18  0.1781357E+18
 -0.2855881E+19 -0.8937018E+18  0.1631317E+19  0.1689209E+18  0.5294536E+17 -0.1901188E+18
  0.1906178E+19 -0.5059842E+18 -0.6219153E+18  0.3357766E+17  0.8254196E+17  0.5072699E+17
  0.5431660E+19 -0.5660412E+19  0.1286886E+19  0.1474700E+19 -0.6705412E+18  0.7622324E+17
  0.5130673E+19 -0.2430732E+18 -0.1528090E+19 -0.1266326E+19  0.1400812E+19 -0.2530193E+18
 -0.6944170E+19  0.4492956E+19  0.3213789E+18 -0.4557405E+18 -0.4924756E+18  0.1355195E+18
  0.1211591E+19  0.1147815E+19 -0.1008761E+19  0.2718490E+18 -0.4778305E+18  0.2099713E+18
 -0.3279685E+19 -0.1140435E+19  0.1905620E+19  0.1956725E+18  0.8396323E+17 -0.2249253E+18
  0.2219464E+19 -0.5591006E+18 -0.7312776E+18  0.3521046E+17  0.9210731E+17  0.6023604E+17
  0.6767593E+19 -0.6926085E+19  0.1543396E+19  0.1772072E+19 -0.7897707E+18  0.8799553E+17
  0.6107014E+19 -0.5893868E+17 -0.1897481E+19 -0.1568942E+19  0.1676921E+19 -0.2957732E+18
 -0.8387126E+19  0.5293319E+19  0.4390579E+18 -0.5125006E+18 -0.5998497E+18  0.1591186E+18
  0.1377728E+19  0.1383401E+19 -0.1170335E+19  0.3472742E+18 -0.5875769E+18  0.2485404E+18
 -0.3784233E+19 -0.1448014E+19  0.2236902E+19  0.2268767E+18  0.1241676E+18 -0.2674170E+18
  0.2598556E+19 -0.6206114E+18 -0.8646824E+18  0.3705504E+17  0.1032557E+18  0.7193184E+17
  0.8454074E+19 -0.8494908E+19  0.1853343E+19  0.2133985E+19 -0.9311474E+18  0.1015747E+18
  0.7297063E+19  0.2032395E+18 -0.2360794E+19 -0.1944042E+19  0.2012088E+19 -0.3464457E+18
 -0.1017221E+20  0.6260854E+19  0.5942721E+18 -0.5778684E+18 -0.7326903E+18  0.1873575E+18
  0.1574599E+19  0.1669917E+19 -0.1364041E+19  0.4427512E+18 -0.7233063E+18  0.2954097E+18
 -0.4390029E+19 -0.1831504E+19  0.2639165E+19  0.2632165E+18  0.1761599E+18 -0.3195146E+18
  0.3059883E+19 -0.6919674E+18 -0.1028326E+19  0.3912069E+17  0.1162737E+18  0.8639662E+17
  0.1058020E+20 -0.1043509E+20  0.2226610E+19  0.2572994E+19 -0.1098036E+19  0.1171479E+18
  0.8754423E+19  0.5651947E+18 -0.2941445E+19 -0.2407706E+19  0.2418577E+19 -0.4064467E+18
 -0.1238434E+20  0.7430670E+19  0.7986901E+18 -0.6526373E+18 -0.8972470E+18  0.2211664E+18
  0.1810928E+19  0.2019922E+19 -0.1598038E+19  0.5632589E+18 -0.8912313E+18  0.3525436E+18
 -0.5123615E+19 -0.2309935E+19  0.3130211E+19  0.3053560E+18  0.2433812E+18 -0.3836705E+18
  0.3624031E+19 -0.7745481E+18 -0.1230121E+19  0.4138519E+17  0.1314542E+18  0.1043864E+18
  0.1325522E+20 -0.1282689E+20  0.2674278E+19  0.3103101E+19 -0.1293931E+19  0.1348858E+18
  0.1054907E+20  0.1052605E+19 -0.3668280E+19 -0.2978876E+19  0.2910820E+19 -0.4773909E+18
 -0.1512938E+20  0.8843903E+19  0.1067499E+19 -0.7372121E+18 -0.1101241E+19  0.2616429E+18
  0.2098849E+19  0.2449881E+19 -0.1883136E+19  0.7149059E+18 -0.1099045E+19  0.4223981E+18
 -0.6020301E+19 -0.2907301E+19  0.3732863E+19  0.3538498E+18  0.3303602E+18 -0.4630062E+18
  0.4317131E+19 -0.8695451E+18 -0.1480210E+19  0.4378537E+17  0.1490700E+18  0.1268795E+18
  0.1660701E+20 -0.1576020E+20  0.3208059E+19  0.3739143E+19 -0.1522238E+19  0.1549292E+18
  0.1276645E+20  0.1697623E+19 -0.4576402E+19 -0.3679953E+19  0.3505696E+19 -0.5611233E+18
 -0.1853238E+20  0.1054483E+20  0.1420337E+19 -0.8309216E+18 -0.1354180E+19  0.3100781E+18
  0.2453515E+19  0.2980922E+19 -0.2232986E+19  0.9054251E+18 -0.1356494E+19  0.5080698E+18
 -0.7123276E+19 -0.3654164E+19  0.4475461E+19  0.4088841E+18  0.4433099E+18 -0.5615211E+18
  0.5170241E+19 -0.9770783E+18 -0.1791265E+19  0.4616236E+17  0.1692577E+18  0.1551490E+18
  0.2078779E+20 -0.1933681E+20  0.3840593E+19  0.4496775E+19 -0.1786260E+19  0.1773896E+18
  0.1551587E+20  0.2539205E+19 -0.5708828E+19 -0.4537348E+19  0.4222991E+19 -0.6597621E+18
 -0.2274491E+20  0.1258190E+20  0.1882480E+19 -0.9317055E+18 -0.1667706E+19  0.3679867E+18
  0.2895237E+19  0.3640773E+19 -0.2665418E+19  0.1144572E+19 -0.1675887E+19  0.6134604E+18
 -0.8488327E+19 -0.4589452E+19  0.5393924E+19  0.4700560E+18  0.5906082E+18 -0.6843233E+18
  0.6221571E+19 -0.1095918E+19 -0.2179305E+19  0.4826099E+17  0.1919403E+18  0.1908429E+18
  0.2597247E+20 -0.2366726E+20  0.4584871E+19  0.5391662E+19 -0.2088968E+19  0.2023397E+18
  0.1893021E+20  0.3627194E+19 -0.7117745E+19 -0.5582378E+19  0.5085711E+19 -0.7757177E+18
 -0.2794278E+20  0.1500324E+20  0.2486096E+19 -0.1035123E+19 -0.2055914E+19  0.4371225E+18
  0.3449351E+19  0.4465053E+19 -0.3202815E+19  0.1444960E+19 -0.2072961E+19  0.7434749E+18
 -0.1018314E+20 -0.5762902E+19  0.6532469E+19  0.5358687E+18  0.7837456E+18 -0.8379068E+18
  0.7515642E+19 -0.1222119E+19 -0.2664070E+19  0.4968222E+17  0.2166023E+18  0.2360832E+18
  0.3235827E+20 -0.2886925E+20  0.5454070E+19  0.6439107E+19 -0.2432993E+19  0.2298244E+18
  0.2316554E+20  0.5028168E+19 -0.8866378E+19 -0.6852811E+19  0.6120736E+19 -0.9117586E+18
 -0.3432425E+20  0.1785226E+20  0.3271676E+19 -0.1133346E+19 -0.2535746E+19  0.5195126E+18
  0.4146097E+19  0.5498897E+19 -0.3872590E+19  0.1823274E+19 -0.2568075E+19  0.9042814E+18
 -0.1228650E+20 -0.7238257E+19  0.7944566E+19  0.6030810E+18  0.1038549E+19 -0.1030504E+19
  0.9102421E+19 -0.1347498E+19 -0.3269463E+19  0.4987001E+17  0.2420013E+18  0.2935864E+18
  0.4017134E+20 -0.3507075E+20  0.6462157E+19  0.7654447E+19 -0.2820826E+19  0.2598835E+18
  0.2840487E+20  0.6832730E+19 -0.1103194E+20 -0.8394993E+19  0.7359760E+19 -0.1071087E+19
 -0.4211378E+20  0.2116528E+20  0.4289842E+19 -0.1214383E+19 -0.3127428E+19  0.6174924E+18
  0.5021222E+19  0.6799361E+19 -0.4708041E+19  0.2301796E+19 -0.3187637E+19  0.1103598E+19
 -0.1488918E+20 -0.9097339E+19  0.9694492E+19  0.6659353E+18  0.1376595E+19 -0.1272471E+19
  0.1103754E+20 -0.1458259E+19 -0.4024188E+19  0.4816564E+17  0.2658342E+18  0.3667959E+18
  0.4966407E+20 -0.4240804E+20  0.7623640E+19  0.9053032E+19 -0.3254905E+19  0.2925651E+18
  0.3484605E+20  0.9169281E+19 -0.1370783E+20 -0.1026674E+20  0.8840060E+19 -0.1257378E+19
 -0.5155134E+20  0.2496273E+20  0.5602878E+19 -0.1260755E+19 -0.3854795E+19  0.7337152E+18
  0.6112301E+19  0.8436025E+19 -0.5747211E+19  0.2910790E+19 -0.3966069E+19  0.1350982E+19
 -0.1808511E+20 -0.1144433E+20  0.1185610E+20  0.7148898E+18  0.1827278E+19 -0.1576671E+19
  0.1337758E+20 -0.1532578E+19 -0.4961410E+19  0.4389422E+17  0.2841973E+18  0.4600157E+18
  0.6112652E+20 -0.5103437E+20  0.8954807E+19  0.1065212E+20 -0.3738172E+19  0.3279614E+18
  0.4269506E+20  0.1222011E+20 -0.1700793E+20 -0.1254146E+20  0.1060604E+20 -0.1474871E+19
 -0.6289278E+20  0.2924641E+20  0.7286924E+19 -0.1248966E+19 -0.4745859E+19  0.8711915E+18
  0.7455309E+19  0.1049211E+20 -0.7031944E+19  0.3691476E+19 -0.4948147E+19  0.1658155E+19
 -0.2196437E+20 -0.1441072E+20  0.1451224E+20  0.7352462E+18  0.2430050E+19 -0.1958911E+19
  0.1617752E+20 -0.1539177E+19 -0.6118685E+19  0.3661049E+17  0.2910751E+18  0.5785547E+18
  0.7490273E+20 -0.6113238E+20  0.1047494E+20  0.1247340E+20 -0.4274599E+19  0.3662231E+18
  0.5215305E+20  0.1624295E+20 -0.2107168E+20 -0.1531334E+20  0.1271097E+20 -0.1728401E+19
 -0.7640923E+20  0.3399678E+20  0.9434788E+19 -0.1149075E+19 -0.5833528E+19  0.1033304E+19
  0.9078244E+19  0.1306407E+20 -0.8605431E+19  0.4699970E+19 -0.6191834E+19  0.2039311E+19
 -0.2660100E+20 -0.1815982E+20  0.1775244E+20  0.7053482E+18  0.3237092E+19 -0.2438354E+19
  0.1948651E+20 -0.1436227E+19 -0.7537410E+19  0.2646378E+17  0.2777673E+18  0.7288702E+18
  0.9140827E+20 -0.7292793E+20  0.1220689E+20  0.1454596E+20 -0.4869490E+19  0.4075347E+18
  0.6339239E+20  0.2159699E+20 -0.2606918E+20 -0.1870307E+20  0.1521843E+20 -0.2023300E+19
 -0.9238232E+20  0.3917030E+20  0.1215906E+20 -0.9245901E+18 -0.7156339E+19  0.1223753E+19
  0.1099079E+20  0.1625759E+20 -0.1050733E+20  0.6012060E+19 -0.7771229E+19  0.2511286E+19
 -0.3203395E+20 -0.2288863E+20  0.2166758E+20  0.5944150E+18  0.4316102E+19 -0.3037803E+19
  0.2334169E+20 -0.1171235E+19 -0.9261421E+19  0.1469252E+17  0.2323591E+18  0.9186774E+18
  0.1111703E+21 -0.8671709E+20  0.1417814E+20  0.1691067E+20 -0.5529747E+19  0.4520534E+18
  0.7654247E+20  0.2877199E+20 -0.3220980E+20 -0.2286489E+20  0.1820448E+20 -0.2365190E+19
 -0.1111184E+21  0.4470493E+20  0.1559779E+20 -0.5330127E+18 -0.8759873E+19  0.1446477E+19
  0.1317517E+20  0.2018213E+20 -0.1276878E+20  0.7728897E+19 -0.9779799E+19  0.3093729E+19
 -0.3825337E+20 -0.2882835E+20  0.2634570E+20  0.3603428E+18  0.5753041E+19 -0.3784058E+19
  0.2776662E+20 -0.6829967E+18 -0.1133648E+20  0.4200048E+16  0.1394260E+18  0.1157106E+19
  0.1348699E+21 -0.1028920E+21  0.1641988E+20  0.1962404E+20 -0.6263350E+19  0.4997641E+18
  0.9166861E+20  0.3842198E+20 -0.3975156E+20 -0.2799414E+20  0.2175915E+20 -0.2759479E+19
 -0.1329624E+21  0.5052497E+20  0.1992209E+20  0.7378747E+17 -0.1069843E+20  0.1705414E+19
  0.1557637E+20  0.2494055E+20 -0.1540557E+20  0.9983568E+19 -0.1233353E+20  0.3809160E+19
 -0.4518608E+20 -0.3624122E+20  0.3186625E+20 -0.5262976E+17  0.7654884E+19 -0.4708277E+19
  0.3277049E+20  0.9535203E+17 -0.1380985E+20  0.6936126E+14 -0.2009120E+17  0.1454906E+19
  0.1633906E+21 -0.1219645E+21  0.1896335E+20  0.2276040E+20 -0.7077688E+19  0.5502282E+18
  0.1087544E+21  0.5139913E+20 -0.4901067E+20 -0.3433324E+20  0.2598595E+20 -0.3210361E+19
 -0.1583202E+21  0.5654678E+20  0.2534622E+20  0.9491369E+18 -0.1303657E+20  0.2004012E+19
  0.1809700E+20  0.3061457E+20 -0.1841135E+20  0.1294761E+20 -0.1557318E+20  0.4682792E+19
 -0.5268974E+20 -0.4541375E+20  0.3829546E+20 -0.7158692E+18  0.1015180E+20 -0.5846304E+19
  0.3835177E+20  0.1232059E+19 -0.1673099E+20  0.9895045E+16 -0.2687434E+18  0.1824727E+19
  0.1978738E+21 -0.1445867E+21  0.2183319E+20  0.2641243E+20 -0.7976775E+19  0.6022633E+18
  0.1276969E+21  0.6878848E+20 -0.6037303E+20 -0.4217706E+20  0.3100014E+20 -0.3719418E+19
 -0.1876940E+21  0.6268530E+20  0.3214166E+20  0.2151494E+19 -0.1585107E+20  0.2344519E+19
  0.2060215E+20  0.3725018E+20 -0.2175395E+20  0.1683776E+20 -0.1966636E+20  0.5742535E+19
 -0.6056371E+20 -0.5665197E+20  0.4568732E+20 -0.1717822E+19  0.1339980E+20 -0.7239563E+19
  0.4450947E+20  0.2792943E+19 -0.2015518E+20  0.4381390E+17 -0.6323631E+18  0.2281714E+19
  0.2397556E+21 -0.1715505E+21  0.2503597E+20  0.3068706E+20 -0.8956900E+19  0.6535821E+18
  0.1483091E+21  0.9193479E+20 -0.7430208E+20 -0.5187325E+20  0.3692306E+20 -0.4283715E+19
 -0.2217180E+21  0.6885526E+20  0.4065309E+20  0.3744631E+19 -0.1923211E+20  0.2726968E+19
  0.2293543E+20  0.4484555E+20 -0.2537605E+20  0.2192157E+20 -0.2480883E+20  0.7019093E+19
 -0.6857567E+20 -0.7028015E+20  0.5409060E+20 -0.3164953E+19  0.1758394E+20 -0.8936561E+19
  0.5125935E+20  0.4839695E+19 -0.2414996E+20  0.1142360E+18 -0.1140069E+19  0.2844460E+19
  0.2907708E+21 -0.2037552E+21  0.2854344E+20  0.3569494E+20 -0.1000079E+20  0.7004898E+18
  0.1703446E+21  0.1224465E+21 -0.9133899E+20 -0.6381315E+20  0.4387133E+20 -0.4893508E+19
 -0.2611902E+21  0.7496606E+20  0.5131425E+20  0.5797720E+19 -0.2328290E+20  0.3147853E+19
  0.2494859E+20  0.5334944E+20 -0.2920400E+20  0.2852028E+20 -0.3122455E+20  0.8546313E+19
 -0.7650760E+20 -0.8664801E+20  0.6356474E+20 -0.5182398E+19  0.2292276E+20 -0.1099520E+20
  0.5865475E+20  0.7431996E+19 -0.2880482E+20  0.2354224E+18 -0.1824893E+19  0.3536447E+19
  0.3529106E+21 -0.2421403E+21  0.3227467E+20  0.4153454E+20 -0.1107221E+20  0.7379024E+18
  0.1935629E+21  0.1621677E+21 -0.1120978E+21 -0.7841425E+20  0.5194465E+20 -0.5530550E+19
 -0.3071072E+21  0.8091388E+20  0.6466404E+20  0.8385419E+19 -0.2811903E+20  0.3598987E+19
  0.2654115E+20  0.6268306E+20 -0.3316872E+20  0.3701013E+20 -0.3916780E+20  0.1036282E+20
 -0.8422046E+20 -0.1061562E+21  0.7420998E+20 -0.7915537E+19  0.2967682E+20 -0.1348713E+20
  0.6681215E+20  0.1063525E+20 -0.3424589E+20  0.4232336E+18 -0.2725655E+19  0.4388353E+19
  0.4283155E+21 -0.2875806E+21  0.3608160E+20  0.4827202E+20 -0.1211300E+20  0.7598848E+18
  0.2178471E+21  0.2131046E+21 -0.1372550E+21 -0.9609342E+20  0.6121491E+20 -0.6167715E+19
 -0.3606918E+21  0.8657002E+20  0.8135994E+20  0.1158817E+20 -0.3386765E+20  0.4066821E+19
  0.2769999E+20  0.7279235E+20 -0.3723833E+20  0.4782245E+20 -0.4892900E+20  0.1251529E+20
 -0.9172636E+20 -0.1293013E+21  0.8620985E+20 -0.1153408E+20  0.3816291E+20 -0.1650447E+20
  0.7593618E+20  0.1453421E+20 -0.4065421E+20  0.6954630E+18 -0.3890615E+19  0.5441297E+19
  0.5191020E+21 -0.3407590E+21  0.3974642E+20  0.5592190E+20 -0.1304556E+20  0.7608226E+18
  0.2433621E+21  0.2773189E+21 -0.1675413E+21 -0.1172385E+21  0.7172311E+20 -0.6770806E+19
 -0.4234023E+21  0.9176295E+20  0.1021876E+21  0.1549394E+20 -0.4066748E+20  0.4532694E+19
  0.2852287E+20  0.8372897E+20 -0.4145676E+20  0.6144666E+20 -0.6084821E+20  0.1506390E+20
 -0.9924839E+20 -0.1567374E+21  0.9987970E+20 -0.1624127E+20  0.4877618E+20 -0.2016895E+20
  0.8633635E+20  0.1925164E+20 -0.4828492E+20  0.1073203E+19 -0.5383387E+19  0.6751019E+19
  0.6272058E+21 -0.4020928E+21  0.4300286E+20  0.6444400E+20 -0.1378426E+20  0.7370971E+18
  0.2707300E+21  0.3568553E+21 -0.2037619E+21 -0.1422044E+21  0.8349781E+20 -0.7303387E+19
 -0.4969498E+21  0.9626362E+20  0.1280761E+21  0.2020386E+20 -0.4867543E+20  0.4974633E+19
  0.2921479E+20  0.9574654E+20 -0.4597941E+20  0.7844827E+20 -0.7534486E+20  0.1809106E+20
 -0.1072529E+21 -0.1893548E+21  0.1157179E+21 -0.2229127E+20  0.6202516E+20 -0.2464511E+20
  0.9843621E+20  0.2497011E+20 -0.5748786E+20  0.1583529E+19 -0.7291414E+19  0.8393391E+19
  0.7543214E+21 -0.4717687E+21  0.4557907E+20  0.7376357E+20 -0.1425306E+20  0.6885167E+18
  0.3011233E+21  0.4537920E+21 -0.2468538E+21 -0.1713519E+21  0.9659355E+20 -0.7732792E+19
 -0.5833045E+21  0.9976231E+20  0.1601219E+21  0.2584343E+20 -0.5807947E+20  0.5370016E+19
  0.3005193E+20  0.1093715E+21 -0.5108758E+20  0.9951207E+20 -0.9296447E+20  0.2171192E+20
 -0.1164269E+21 -0.2283584E+21  0.1344391E+21 -0.3001698E+20  0.7857990E+20 -0.3015557E+20
  0.1127650E+21  0.3195334E+20 -0.6872353E+20  0.2263593E+19 -0.9736829E+19  0.1047072E+20
  0.9020181E+21 -0.5499317E+21  0.4724691E+20  0.8381895E+20 -0.1440247E+20  0.6186877E+18
  0.3361392E+21  0.5704849E+21 -0.2979716E+21 -0.2051386E+21  0.1111398E+21 -0.8034299E+19
 -0.6846693E+21  0.1018428E+21  0.1996245E+21  0.3257693E+20 -0.6911721E+20  0.5697688E+19
  0.3131578E+20  0.1253885E+21 -0.5716021E+20  0.1255141E+21 -0.1144349E+21  0.2608342E+20
 -0.1275718E+21 -0.2753114E+21  0.1569638E+21 -0.3986440E+20  0.9932662E+20 -0.3699518E+20
  0.1299231E+21  0.4055853E+20 -0.8256693E+20  0.3165323E+19 -0.1288760E+20  0.1311794E+20
  0.1072099E+22 -0.6370005E+21  0.4784558E+20  0.9462033E+20 -0.1421401E+20  0.5338123E+18
  0.3774276E+21  0.7100090E+21 -0.3585736E+21 -0.2442408E+21  0.1273725E+21 -0.8189126E+19
 -0.8034447E+21  0.1019587E+21  0.2481358E+21  0.4061969E+20 -0.8209345E+20  0.5936939E+19
  0.3321791E+20  0.1447145E+21 -0.6459954E+20  0.1576129E+21 -0.1407146E+21  0.3140701E+20
 -0.1414245E+21 -0.3321268E+21  0.1843488E+21 -0.5242523E+20  0.1254173E+21 -0.4553880E+20
  0.1505279E+21  0.5123336E+20 -0.9969578E+20  0.4359421E+19 -0.1696613E+20  0.1650732E+20
  0.1267076E+22 -0.7339746E+21  0.4724865E+20  0.1062917E+21 -0.1368478E+20  0.4404700E+18
  0.4261025E+21  0.8766498E+21 -0.4304451E+21 -0.2896516E+21  0.1456182E+21 -0.8173672E+19
 -0.9421533E+21  0.9942373E+20  0.3075082E+21  0.5023842E+20 -0.9738641E+20  0.6060936E+19
  0.3582330E+20  0.1681547E+21 -0.7371262E+20  0.1973297E+21 -0.1730036E+21  0.3791910E+20
 -0.1584175E+21 -0.4009716E+21  0.2176450E+21 -0.6845141E+20  0.1582920E+21 -0.5623550E+20
  0.1751381E+21  0.6448764E+20 -0.1208570E+21  0.5936252E+19 -0.2225039E+20  0.2084986E+20
  0.1490565E+22 -0.8425555E+21  0.4526508E+20  0.1190656E+21 -0.1279325E+20  0.3436495E+18
  0.4821406E+21  0.1076208E+22 -0.5155999E+21 -0.3426815E+21  0.1662029E+21 -0.7939959E+19
 -0.1103336E+22  0.9342963E+20  0.3799166E+21  0.6172798E+20 -0.1154268E+21  0.6022978E+19
  0.3898850E+20  0.1960947E+21 -0.8457240E+20  0.2465671E+21 -0.2126806E+21  0.4586283E+20
 -0.1784435E+21 -0.4840684E+21  0.2576902E+21 -0.8882935E+20  0.1996428E+21 -0.6957991E+20
  0.2041761E+21  0.8083351E+20 -0.1468101E+21  0.8000515E+19 -0.2906112E+20  0.2639045E+20
  0.1747392E+22 -0.9649735E+21  0.4150692E+20  0.1332233E+21 -0.1146081E+20  0.2464851E+18
  0.5440426E+21  0.1315900E+22 -0.6160515E+21 -0.4048222E+21  0.1893000E+21 -0.7393473E+19
 -0.1289464E+22  0.8311417E+20  0.4678340E+21  0.7536096E+20 -0.1366477E+21  0.5738269E+19
  0.4234628E+20  0.2282348E+21 -0.9690827E+20  0.3075307E+21 -0.2611544E+21  0.5544295E+20
 -0.2007343E+21 -0.5834390E+21  0.3049004E+21 -0.1144987E+21  0.2513049E+21 -0.8606147E+20
  0.2378854E+21  0.1007025E+21 -0.1782664E+21  0.1065743E+20 -0.3773218E+20  0.3339729E+20
  0.2043279E+22 -0.1103534E+22  0.3528760E+20  0.1489992E+21 -0.9529062E+19  0.1523549E+18
  0.6090545E+21  0.1603762E+22 -0.7335139E+21 -0.4774931E+21  0.2147670E+21 -0.6379335E+19
 -0.1502958E+22  0.6768494E+20  0.5739643E+21  0.9132041E+20 -0.1614180E+21  0.5068271E+19
  0.4538628E+20  0.2635345E+21 -0.1101056E+21  0.3825519E+21 -0.3196630E+21  0.6677815E+20
 -0.2239985E+21 -0.7007223E+21  0.3591835E+21 -0.1463259E+21  0.3151022E+21 -0.1061082E+21
  0.2763794E+21  0.1243738E+21 -0.2158661E+21  0.1399239E+20 -0.4857106E+20  0.4215055E+20
  0.2384382E+22 -0.1260204E+22  0.2561742E+20  0.1665122E+21 -0.6769718E+19  0.6880738E+17
  0.6739804E+21  0.1947927E+22 -0.8692396E+21 -0.5618307E+21  0.2420849E+21 -0.4688935E+19
 -0.1746505E+22  0.4659013E+20  0.7012265E+21  0.1096544E+21 -0.1900161E+21  0.3817333E+19
  0.4762760E+20  0.3004773E+21 -0.1233633E+21  0.4739197E+21 -0.3891429E+21  0.7988284E+20
 -0.2468376E+21 -0.8372810E+21  0.4201070E+21 -0.1849930E+21  0.3927574E+21 -0.1300676E+21
  0.3198188E+21  0.1519690E+21 -0.2602522E+21  0.1805285E+20 -0.6183230E+20  0.5294501E+20
  0.2776796E+22 -0.1436426E+22  0.1130391E+20  0.1857644E+21 -0.2923734E+19  0.1150411E+17
  0.7362325E+21  0.2356066E+22 -0.1024103E+22 -0.6586451E+21  0.2704530E+21 -0.2087533E+19
 -0.2023526E+22  0.1966199E+20  0.8528337E+21  0.1302860E+21 -0.2226744E+21  0.1744260E+19
  0.4880070E+20  0.3375851E+21 -0.1359627E+21  0.5838221E+21 -0.4702697E+21  0.9470075E+20
 -0.2682562E+21 -0.9946259E+21  0.4872968E+21 -0.2309706E+21  0.4859625E+21 -0.1582565E+21
  0.3686495E+21  0.1835368E+21 -0.3122421E+21  0.2284404E+20 -0.7772686E+20  0.6611644E+20
  0.3226742E+22 -0.1633495E+22 -0.8899905E+19  0.2067338E+21  0.2252729E+19  0.6136863E+16
  0.7948478E+21  0.2835809E+22 -0.1199183E+22 -0.7687204E+21  0.2990695E+21  0.1652264E+19
 -0.2339033E+22 -0.1288645E+20  0.1032689E+22  0.1531211E+21 -0.2597418E+21 -0.1419718E+19
  0.4894898E+20  0.3740542E+21 -0.1475632E+21  0.7146038E+21 -0.5638179E+21  0.1112122E+21
 -0.2880886E+21 -0.1175253E+22  0.5610352E+21 -0.2846832E+21  0.5967706E+21 -0.1911195E+21
  0.4238854E+21  0.2192570E+21 -0.3731239E+21  0.2835296E+20 -0.9650016E+20  0.8211030E+20
  0.3740991E+22 -0.1853105E+22 -0.3620867E+20  0.2294846E+21  0.8968010E+19  0.8761502E+17
  0.8508182E+21  0.3395769E+22 -0.1396476E+22 -0.8932415E+21  0.3273999E+21  0.6738248E+19
 -0.2700229E+22 -0.5067833E+20  0.1245897E+22  0.1781927E+21 -0.3018602E+21 -0.5966217E+19
  0.4837565E+20  0.4101149E+21 -0.1583329E+21  0.8692091E+21 -0.6711504E+21  0.1295554E+21
 -0.3070582E+21 -0.1383390E+22  0.6426908E+21 -0.3467969E+21  0.7281414E+21 -0.2294232E+21
  0.4872532E+21  0.2596512E+21 -0.4449252E+21  0.3459124E+20 -0.1185476E+21  0.1015686E+21
  0.4327574E+22 -0.2097854E+22 -0.7185087E+20  0.2542413E+21  0.1741537E+20  0.2982356E+18
  0.9065566E+21  0.4046890E+22 -0.1619402E+22 -0.1034154E+22  0.3552708E+21  0.1338102E+20
 -0.3116691E+22 -0.9348992E+20  0.1499226E+22  0.2057632E+21 -0.3500673E+21 -0.1223107E+20
  0.4747723E+20  0.4468943E+21 -0.1688310E+21  0.1051633E+22 -0.7945874E+21  0.1500926E+21
 -0.3264481E+21 -0.1625315E+22  0.7347533E+21 -0.4184820E+21  0.8843983E+21 -0.2743874E+21
  0.5611551E+21  0.3056935E+21 -0.5305496E+21  0.4163221E+20 -0.1445105E+21  0.1254034E+21
  0.4996155E+22 -0.2371279E+22 -0.1172190E+21  0.2813645E+21  0.2781729E+20  0.6875438E+18
  0.9648045E+21  0.4803093E+22 -0.1872675E+22 -0.1194158E+22  0.3826887E+21  0.2183544E+20
 -0.3599908E+22 -0.1414483E+21  0.1801203E+22  0.2363003E+21 -0.4057414E+21 -0.2063437E+20
  0.4657820E+20  0.4858682E+21 -0.1797228E+21  0.1267051E+22 -0.9373653E+21  0.1733658E+21
 -0.3475880E+21 -0.1909030E+22  0.8404241E+21 -0.5014489E+21  0.1071291E+22 -0.3276596E+21
  0.6484654E+21  0.3587344E+21 -0.6337012E+21  0.4961342E+20 -0.1752834E+21  0.1548183E+21
  0.5758024E+22 -0.2677410E+22 -0.1740075E+21  0.3112407E+21  0.4045567E+20  0.1314626E+19
  0.1027624E+22  0.5680865E+22 -0.2161501E+22 -0.1376313E+22  0.4094777E+21  0.3242565E+20
 -0.4162478E+22 -0.1949450E+21  0.2161744E+22  0.2703195E+21 -0.4704011E+21 -0.3171360E+20
  0.4584958E+20  0.5282465E+21 -0.1914940E+21  0.1521521E+22 -0.1103130E+22  0.1999471E+21
 -0.3714350E+21 -0.2243458E+22  0.9629514E+21 -0.5976792E+21  0.1295569E+22 -0.3911128E+21
  0.7522641E+21  0.4202565E+21 -0.7586293E+21  0.5869465E+20 -0.2119062E+21  0.1912621E+21
  0.6625344E+22 -0.3020061E+22 -0.2442154E+21  0.3441620E+21  0.5566090E+20  0.2250492E+19
  0.1095452E+22  0.6697672E+22 -0.2490218E+22 -0.1583420E+22  0.4349198E+21  0.4552359E+20
 -0.4816784E+22 -0.2541822E+21  0.2591221E+22  0.3081465E+21 -0.5454325E+21 -0.4612105E+20
  0.4528123E+20  0.5743462E+21 -0.2042005E+21  0.1821249E+22 -0.1295038E+22  0.2302160E+21
 -0.3982099E+21 -0.2637216E+22  0.1104765E+22 -0.7088600E+21  0.1564059E+22 -0.4664748E+21
  0.8754793E+21  0.4914720E+21 -0.9096690E+21  0.6897500E+20 -0.2553326E+21  0.2362985E+21
  0.7611558E+22 -0.3403073E+22 -0.3301038E+21  0.3803724E+21  0.7379352E+20  0.3579048E+19
  0.1166545E+22  0.7871770E+22 -0.2861678E+22 -0.1818002E+22  0.4577137E+21  0.6150518E+20
 -0.5574829E+22 -0.3186198E+21  0.3100064E+22  0.3498172E+21 -0.6320516E+21 -0.6460161E+20
  0.4469610E+20  0.6231960E+21 -0.2173515E+21  0.2172299E+22 -0.1515262E+22  0.2642383E+21
 -0.4271984E+21 -0.3098120E+22  0.1267000E+22 -0.8359813E+21  0.1883111E+22 -0.5550825E+21
  0.1020774E+22  0.5730619E+21 -0.1090999E+22  0.8042915E+20 -0.3062431E+21  0.2915139E+21
  0.8732125E+22 -0.3830961E+22 -0.4342336E+21  0.4201803E+21  0.9525358E+20  0.5398424E+19
  0.1237267E+22  0.9223119E+22 -0.3277698E+22 -0.2082721E+22  0.4761750E+21  0.8073226E+20
 -0.6449246E+22 -0.3867550E+21  0.3699249E+22  0.3951693E+21 -0.7315007E+21 -0.8799157E+20
  0.4382755E+20  0.6726465E+21 -0.2300314E+21  0.2580873E+22 -0.1765212E+22  0.3018333E+21
 -0.4569015E+21 -0.3633791E+22  0.1449753E+22 -0.9793744E+21  0.2258863E+22 -0.6579474E+21
  0.1190798E+22  0.6652493E+21 -0.1306853E+22  0.9291179E+20 -0.3650421E+21  0.3585545E+21
  0.1000521E+23 -0.4309288E+22 -0.5595830E+21  0.4640075E+21  0.1205075E+21  0.7824257E+19
  0.1303754E+22  0.1077478E+23 -0.3740491E+22 -0.2380837E+22  0.4885078E+21  0.1035817E+21
 -0.7455419E+22 -0.4564898E+21  0.4401668E+22  0.4440631E+21 -0.8453470E+21 -0.1172606E+21
  0.4247223E+20  0.7203103E+21 -0.2413316E+21  0.3054036E+22 -0.2046439E+22  0.3428178E+21
 -0.4857486E+21 -0.4253390E+22  0.1653238E+22 -0.1139251E+22  0.2698381E+22 -0.7761795E+21
  0.1388859E+22  0.7682654E+21 -0.1562282E+22  0.1062440E+21 -0.4320984E+21  0.4393402E+21
  0.1145186E+23 -0.4844347E+22 -0.7095601E+21  0.5123118E+21  0.1500784E+21  0.1099113E+20
  0.1364495E+22  0.1255380E+23 -0.4254200E+22 -0.2716284E+22  0.4930020E+21  0.1304860E+21
 -0.8613620E+22 -0.5259370E+21  0.5223593E+22  0.4965802E+21 -0.9756610E+21 -0.1535604E+21
  0.4064506E+20  0.7650890E+21 -0.2509266E+21  0.3600445E+22 -0.2361679E+22  0.3872804E+21
 -0.5131585E+21 -0.4969632E+22  0.1879318E+22 -0.1316438E+22  0.3211058E+22 -0.9115300E+21
  0.1619702E+22  0.8829577E+21 -0.1864128E+22  0.1203329E+21 -0.5081015E+21  0.5363600E+21
  0.1309478E+23 -0.5442277E+22 -0.8877640E+21  0.5654615E+21  0.1844803E+21  0.1504654E+20
  0.1421691E+22  0.1459033E+23 -0.4825259E+22 -0.3093309E+22  0.4880982E+21  0.1619312E+21
 -0.9948911E+22 -0.5940428E+21  0.6184825E+22  0.5530598E+21 -0.1124929E+22 -0.1982191E+21
  0.3858797E+20  0.8080677E+21 -0.2593213E+21  0.4230421E+22 -0.2715213E+22  0.4356767E+21
 -0.5400728E+21 -0.5799289E+22  0.2132149E+22 -0.1512733E+22  0.3809137E+22 -0.1066619E+22
  0.1889700E+22  0.1011037E+22 -0.2221383E+22  0.1352325E+21 -0.5942479E+21  0.6528210E+21
  0.1495894E+23 -0.6109356E+22 -0.1097880E+22  0.6237781E+21  0.2241916E+21  0.2014414E+20
  0.1479667E+22  0.1691839E+23 -0.5461753E+22 -0.3516508E+22  0.4722922E+21  0.1984344E+21
 -0.1149005E+23 -0.6605222E+21  0.7308181E+22  0.6140093E+21 -0.1295920E+22 -0.2527114E+21
  0.3659040E+20  0.8516873E+21 -0.2674399E+21  0.4956022E+22 -0.3112498E+22  0.4886806E+21
 -0.5682706E+21 -0.6762315E+22  0.2417342E+22 -0.1730719E+22  0.4507316E+22 -0.1244695E+22
  0.2206395E+22  0.1154786E+22 -0.2644796E+22  0.1510984E+21 -0.6921185E+21  0.7925764E+21
  0.1707223E+23 -0.6852492E+22 -0.1343761E+22  0.6876174E+21  0.2696810E+21  0.2644197E+20
  0.1540816E+22  0.1957600E+23 -0.6171201E+22 -0.3990790E+22  0.4437496E+21  0.2404822E+21
 -0.1326677E+23 -0.7248749E+21  0.8617742E+22  0.6798212E+21 -0.1491409E+22 -0.3186047E+21
  0.3476571E+20  0.8973482E+21 -0.2757475E+21  0.5790431E+22 -0.3558701E+22  0.5467794E+21
 -0.5986813E+21 -0.7879232E+22  0.2739575E+22 -0.1972771E+22  0.5320989E+22 -0.1448810E+22
  0.2577391E+22  0.1316168E+22 -0.3145542E+22  0.1680283E+21 -0.8031499E+21  0.9597336E+21
  0.1946653E+23 -0.7679630E+22 -0.1629611E+22  0.7574117E+21  0.3214443E+21  0.3410510E+20
  0.1603538E+22  0.2260563E+23 -0.6959297E+22 -0.4521400E+22  0.4000597E+21  0.2884841E+21
 -0.1530901E+23 -0.7855883E+21  0.1013806E+23  0.7506083E+21 -0.1714079E+22 -0.3975248E+21
  0.3302249E+20  0.9440866E+21 -0.2838685E+21  0.6747669E+22 -0.4057786E+22  0.6100486E+21
 -0.6305330E+21 -0.9169946E+22  0.3101263E+22 -0.2240393E+22  0.6265183E+22 -0.1681267E+22
  0.3009856E+22  0.1496305E+22 -0.3734457E+22  0.1859665E+21 -0.9282649E+21  0.1158375E+22
  0.2217786E+23 -0.8599453E+22 -0.1959993E+22  0.8336084E+21  0.3799931E+21  0.4330413E+20
  0.1665034E+22  0.2605488E+23 -0.7831437E+22 -0.5113967E+22  0.3384749E+21  0.3428048E+21
 -0.1764938E+23 -0.8407487E+21  0.1189560E+23  0.8263946E+21 -0.1966703E+22 -0.4911816E+21
  0.3125119E+20  0.9901708E+21 -0.2912162E+21  0.7843208E+22 -0.4613485E+22  0.6784292E+21
 -0.6625260E+21 -0.1065583E+23  0.3504159E+22 -0.2534856E+22  0.7355866E+22 -0.1944149E+22
  0.3511393E+22  0.1696079E+22 -0.4423002E+22  0.2048108E+21 -0.1068203E+22  0.1392819E+22
  0.2524716E+23 -0.9621230E+22 -0.2339793E+22  0.9166188E+21  0.4458262E+21  0.5421039E+20
  0.1725772E+22  0.2997866E+23 -0.8795921E+22 -0.5774816E+22  0.2563639E+21  0.4038777E+21
 -0.2032731E+23 -0.8896190E+21  0.1392184E+23  0.9075083E+21 -0.2252506E+22 -0.6014601E+21
  0.2949134E+20  0.1035836E+22 -0.2978900E+21  0.9095520E+22 -0.5231453E+22  0.7522414E+21
 -0.6947376E+21 -0.1236355E+23  0.3952370E+22 -0.2858709E+22  0.8612870E+22 -0.2240496E+22
  0.4091543E+22  0.1917343E+22 -0.5225275E+22  0.2246221E+21 -0.1224311E+22  0.1668288E+22
  0.2871925E+23 -0.1075422E+23 -0.2774007E+22  0.1006757E+22  0.5193777E+21  0.6698570E+20
  0.1789780E+22  0.3443868E+23 -0.9864014E+22 -0.6510699E+22  0.1512480E+21  0.4722106E+21
 -0.2338827E+23 -0.9331605E+21  0.1625303E+23  0.9945943E+21 -0.2575020E+22 -0.7303927E+21
  0.2788473E+20  0.1083549E+22 -0.3046687E+21  0.1052618E+23 -0.5919432E+22  0.8322031E+21
 -0.7287772E+21 -0.1432499E+23  0.4452559E+22 -0.3216023E+22  0.1006016E+23 -0.2574424E+22
  0.4761713E+22  0.2163044E+22 -0.6158103E+22  0.2456448E+21 -0.1398682E+22  0.1990997E+22
  0.3264480E+23 -0.1200843E+23 -0.3267809E+22  0.1104329E+22  0.6010337E+21  0.8177852E+20
  0.1860973E+22  0.3950517E+23 -0.1104790E+23 -0.7328966E+22  0.2045564E+20  0.5482961E+21
 -0.2688198E+23 -0.9730408E+21  0.1892884E+23  0.1088348E+22 -0.2937864E+22 -0.8800650E+21
  0.2652198E+20  0.1135786E+22 -0.3122472E+21  0.1215982E+23 -0.6685887E+22  0.9190329E+21
 -0.7662264E+21 -0.1657523E+23  0.5011633E+22 -0.3611452E+22  0.1172431E+23 -0.2950262E+22
  0.5534117E+22  0.2436366E+22 -0.7239679E+22  0.2681494E+21 -0.1593615E+22  0.2367719E+22
  0.3708058E+23 -0.1339450E+23 -0.3826477E+22  0.1209614E+22  0.6911132E+21  0.9871692E+20
  0.1940703E+22  0.4525650E+23 -0.1235848E+23 -0.8237240E+22 -0.1391532E+21  0.6324908E+21
 -0.3086024E+23 -0.1010658E+22  0.2199044E+23  0.1189237E+22 -0.3344446E+22 -0.1052479E+22
  0.2539287E+20  0.1193478E+22 -0.3207852E+21  0.1402351E+23 -0.7538532E+22  0.1013111E+22
 -0.8075732E+21 -0.1915048E+23  0.5634784E+22 -0.4049239E+22  0.1363265E+23 -0.3371678E+22
  0.6420843E+22  0.2739940E+22 -0.8488161E+22  0.2923009E+21 -0.1811059E+22  0.2805273E+22
  0.4209027E+23 -0.1492366E+23 -0.4455465E+22  0.1322845E+22  0.7898719E+21  0.1179083E+21
  0.2029548E+22  0.5178051E+23 -0.1380661E+23 -0.9243518E+22 -0.3310419E+21  0.7250639E+21
 -0.3537932E+23 -0.1047566E+22  0.2548209E+23  0.1297643E+22 -0.3798127E+22 -0.1249595E+22
  0.2446565E+20  0.1257075E+22 -0.3302802E+21  0.1614751E+23 -0.8485099E+22  0.1114675E+22
 -0.8529766E+21 -0.2208996E+23  0.6326698E+22 -0.4533707E+22  0.1581462E+23 -0.3842121E+22
  0.7434596E+22  0.3076304E+22 -0.9922603E+22  0.3182301E+21 -0.2052899E+22  0.3310807E+22
  0.4774517E+23 -0.1660732E+23 -0.5160432E+22  0.1444141E+22  0.8974827E+21  0.1394385E+21
  0.2130647E+22  0.5917647E+23 -0.1540554E+23 -0.1035619E+23 -0.5587579E+21  0.8263145E+21
 -0.4050340E+23 -0.1086857E+22  0.2945390E+23  0.1414122E+22 -0.4302418E+22 -0.1473441E+22
  0.2377024E+20  0.1328655E+22 -0.3411699E+21  0.1856653E+23 -0.9534970E+22  0.1224188E+22
 -0.9037400E+21 -0.2543903E+23  0.7093965E+22 -0.5070462E+22  0.1830425E+23 -0.4365816E+22
  0.8590007E+22  0.3448887E+22 -0.1156480E+23  0.3461819E+21 -0.2321633E+22  0.3892448E+22
  0.5412663E+23 -0.1845762E+23 -0.5947410E+22  0.1573550E+22  0.1014058E+22  0.1633747E+21
  0.2250390E+22  0.6755885E+23 -0.1717209E+23 -0.1158448E+23 -0.8259174E+21  0.9366382E+21
 -0.4630702E+23 -0.1133744E+22  0.3396398E+23  0.1539529E+22 -0.4861152E+22 -0.1726201E+22
  0.2339078E+20  0.1412403E+22 -0.3544066E+21  0.2132125E+23 -0.1070005E+23  0.1342453E+22
 -0.9626396E+21 -0.2925119E+23  0.7945905E+22 -0.5667011E+22  0.2114193E+23 -0.4948215E+22
  0.9904277E+22  0.3862416E+22 -0.1344035E+23  0.3765610E+21 -0.2620697E+22  0.4559720E+22
  0.6132410E+23 -0.2048653E+23 -0.6822390E+22  0.1710983E+22  0.1139577E+22  0.1897501E+21
  0.2396601E+22  0.7705527E+23 -0.1912456E+23 -0.1293779E+23 -0.1136320E+22  0.1056401E+22
 -0.5287163E+23 -0.1195116E+22  0.3907595E+23  0.1674779E+22 -0.5478063E+22 -0.2010030E+22
  0.2341533E+20  0.1513517E+22 -0.3710975E+21  0.2445763E+23 -0.1199347E+23  0.1470333E+22
 -0.1033135E+22 -0.3358576E+23  0.8892907E+22 -0.6332015E+22  0.2437271E+23 -0.5595250E+22
  0.1139605E+23  0.4322270E+22 -0.1557718E+23  0.4098355E+21 -0.2954041E+22  0.5323084E+22
  0.6943924E+23 -0.2270675E+23 -0.7791554E+22  0.1856287E+22  0.1273926E+22  0.2185663E+21
  0.2577443E+22  0.8781183E+23 -0.2128257E+23 -0.1442621E+23 -0.1494108E+22  0.1185912E+22
 -0.6028752E+23 -0.1279239E+22  0.4486028E+23  0.1820795E+22 -0.6156895E+22 -0.2327053E+22
  0.2391735E+20  0.1637519E+22 -0.3922991E+21  0.2802848E+23 -0.1342952E+23  0.1608650E+22
 -0.1118875E+22 -0.3850896E+23  0.9945836E+22 -0.7075192E+22  0.2804705E+23 -0.6313140E+22
  0.1308549E+23  0.4834298E+22 -0.1800569E+23  0.4464954E+21 -0.3326007E+22  0.6193975E+22
  0.7858588E+23 -0.2513122E+23 -0.8861109E+22  0.2009198E+22  0.1416861E+22  0.2497881E+21
  0.2801642E+22  0.9999360E+23 -0.2366680E+23 -0.1606026E+23 -0.1903762E+22  0.1325394E+22
 -0.6865391E+23 -0.1395852E+22  0.5139434E+23  0.1978460E+22 -0.6901289E+22 -0.2679317E+22
  0.2497013E+20  0.1790406E+22 -0.4190535E+21  0.3209390E+23 -0.1502347E+23  0.1758159E+22
 -0.1223780E+22 -0.4409425E+23  0.1111598E+23 -0.7907280E+22  0.3222107E+23 -0.7108328E+22
  0.1499429E+23  0.5404791E+22 -0.2075876E+23  0.4870480E+21 -0.3741314E+22  0.7184833E+22
  0.8889183E+23 -0.2777303E+23 -0.1003734E+23  0.2169325E+22  0.1568014E+22  0.2833447E+21
  0.3079371E+22  0.1137878E+24 -0.2629965E+23 -0.1785087E+23 -0.2370087E+22  0.1475014E+22
 -0.7808107E+23 -0.1556583E+22  0.5876430E+23  0.2148665E+22 -0.7714850E+22 -0.3068838E+22
  0.2666872E+20  0.1979239E+22 -0.4525220E+21  0.3672266E+23 -0.1679212E+23  0.1919628E+22
 -0.1352434E+22 -0.5042415E+23  0.1241572E+23 -0.8840429E+22  0.3695806E+23 -0.7987760E+22
  0.1714627E+23  0.6040753E+22 -0.2387269E+23  0.5320502E+21 -0.4205259E+22  0.8309463E+22
  0.1005001E+24 -0.3064503E+23 -0.1132649E+23  0.2336111E+22  0.1726866E+22  0.3191272E+21
  0.3422708E+22  0.1294063E+24 -0.2920531E+23 -0.1980919E+23 -0.2898217E+22  0.1634869E+22
 -0.8869154E+23 -0.1775275E+22  0.6706607E+23  0.2332286E+22 -0.8601072E+22 -0.3497584E+22
  0.2914158E+20  0.2212466E+22 -0.4940348E+21  0.4199330E+23 -0.1875387E+23  0.2093833E+22
 -0.1510273E+22 -0.5759141E+23  0.1385869E+23 -0.9888377E+22  0.4232945E+23 -0.8958953E+22
  0.1956761E+23  0.6750002E+22 -0.2738767E+23  0.5821166E+21 -0.4723797E+22  0.9583242E+22
  0.1135740E+24 -0.3376072E+23 -0.1273512E+23  0.2508908E+22  0.1892806E+22  0.3569995E+21
  0.3845684E+22  0.1470929E+24 -0.3241063E+23 -0.2194719E+23 -0.3493750E+22  0.1805024E+22
 -0.1006243E+24 -0.2068080E+22  0.7640873E+23  0.2530218E+22 -0.9563601E+22 -0.3967587E+22
  0.3255430E+20  0.2500004E+22 -0.5450715E+21  0.4799689E+23 -0.2092935E+23  0.2281595E+22
 -0.1703600E+22 -0.6570210E+23  0.1546018E+23 -0.1106680E+23  0.4841726E+23 -0.1003025E+23
  0.2228778E+23  0.7541350E+22 -0.3134917E+23  0.6379276E+21 -0.5303692E+22  0.1102365E+23
  0.1282928E+24 -0.3713224E+23 -0.1426938E+23  0.2686828E+22  0.2065019E+22  0.3967784E+21
  0.4364149E+22  0.1671191E+24 -0.3594321E+23 -0.2427634E+23 -0.4162583E+22  0.1985397E+22
 -0.1140308E+24 -0.2453464E+22  0.8691184E+23  0.2743198E+22 -0.1060570E+23 -0.4480720E+22
  0.3711392E+20  0.2853196E+22 -0.6072139E+21  0.5483608E+23 -0.2334030E+23  0.2483628E+22
 -0.1939499E+22 -0.7487356E+23  0.1723628E+23 -0.1239283E+23  0.5531272E+23 -0.1121030E+23
  0.2533858E+23  0.8424195E+22 -0.3580676E+23  0.7001878E+21 -0.5952249E+22  0.1264991E+23
  0.1448610E+24 -0.4077167E+23 -0.1593549E+23  0.2868835E+22  0.2242553E+22  0.4382477E+21
  0.4996495E+22  0.1897973E+24 -0.3983327E+23 -0.2680853E+23 -0.4911103E+22  0.2175822E+22
 -0.1290829E+24 -0.2952766E+22  0.9871127E+23  0.2971898E+22 -0.1173062E+23 -0.5038874E+22
  0.4308435E+20  0.3285338E+22 -0.6822183E+21  0.6262972E+23 -0.2601080E+23  0.2700643E+22
 -0.2226141E+22 -0.8523985E+23  0.1920481E+23 -0.1388582E+23  0.6312054E+23 -0.1250856E+23
  0.2875582E+23  0.9409013E+22 -0.4081657E+23  0.7696660E+21 -0.6677668E+22  0.1448396E+23
  0.1635069E+24 -0.4469042E+23 -0.1773951E+23  0.3053746E+22  0.2424321E+22  0.4811575E+21
  0.5763322E+22  0.2154805E+24 -0.4411274E+23 -0.2955567E+23 -0.5746075E+22  0.2376023E+22
 -0.1459713E+24 -0.3589943E+22  0.1119591E+24  0.3216850E+22 -0.1294152E+23 -0.5643891E+22
  0.5078667E+20  0.3811530E+22 -0.7719370E+21  0.7151364E+23 -0.2896686E+23  0.2933283E+22
 -0.2572611E+22 -0.9695184E+23  0.2138495E+23 -0.1556714E+23  0.7195926E+23 -0.1393516E+23
  0.3257907E+23  0.1050712E+23 -0.4644130E+23  0.8471665E+21 -0.7488923E+22  0.1655046E+23
  0.1844873E+24 -0.4889848E+23 -0.1968707E+23  0.3240143E+22  0.2609035E+22  0.5252130E+21
  0.6688189E+22  0.2445703E+24 -0.4881533E+23 -0.3252922E+23 -0.6674647E+22  0.2585557E+22
 -0.1649094E+24 -0.4392277E+22  0.1268264E+24  0.3478384E+22 -0.1424119E+23 -0.6297490E+22
  0.6061645E+20  0.4449249E+22 -0.8783784E+21  0.8164377E+23 -0.3223650E+23  0.3182093E+22
 -0.2989216E+22 -0.1101801E+24  0.2379742E+23 -0.1746051E+23  0.8196365E+23 -0.1550087E+23
  0.3685227E+23  0.1173080E+23 -0.5275115E+23  0.9335358E+21 -0.8395861E+22  0.1887729E+23
  0.2080889E+24 -0.5340422E+23 -0.2178323E+23  0.3426433E+22  0.2795239E+22  0.5700798E+21
  0.7797224E+22  0.2775206E+24 -0.5397602E+23 -0.3574002E+23 -0.7704249E+22  0.2803806E+22
 -0.1861341E+24 -0.5390085E+22  0.1435041E+24  0.3756580E+22 -0.1563209E+23 -0.7001237E+22
  0.7304173E+20  0.5218182E+22 -0.1003612E+22  0.9319816E+23 -0.3584956E+23  0.3447469E+22
 -0.3487281E+22 -0.1251161E+24  0.2646412E+23 -0.1959184E+23  0.9328614E+23 -0.1721698E+23
  0.4162390E+23  0.1309311E+23 -0.5982439E+23  0.1029634E+22 -0.9409107E+22  0.2149581E+23
  0.2346383E+24 -0.5821553E+23 -0.2403298E+23  0.3610927E+22  0.2981381E+22  0.6153983E+21
  0.9119623E+22  0.3148536E+24 -0.5963249E+23 -0.3919911E+23 -0.8842781E+22  0.3030029E+22
 -0.2099142E+24 -0.6617126E+22  0.1622105E+24  0.4051318E+22 -0.1711671E+23 -0.7756704E+22
  0.8861246E+20  0.6140648E+22 -0.1149783E+22  0.1063834E+24 -0.3983873E+23  0.3729730E+22
 -0.4079338E+22 -0.1419792E+24  0.2940893E+23 -0.2198993E+23  0.1061023E+24 -0.1909580E+23
  0.4694881E+23  0.1460829E+23 -0.6775033E+23  0.1136355E+22 -0.1054038E+23  0.2444208E+23
  0.2644943E+24 -0.6333592E+23 -0.2643962E+23  0.3791611E+22  0.3165621E+22  0.6607453E+21
  0.1068755E+23  0.3571516E+24 -0.6582160E+23 -0.4291504E+23 -0.1009804E+23  0.3263160E+22
 -0.2365429E+24 -0.8110581E+22  0.1831858E+24  0.4362000E+22 -0.1869641E+23 -0.8564972E+22
  0.1079643E+21  0.7241654E+22 -0.1319051E+22  0.1214326E+24 -0.4423734E+23  0.4028864E+22
 -0.4779053E+22 -0.1610124E+24  0.3265614E+23 -0.2468547E+23  0.1206083E+24 -0.2114951E+23
  0.5288634E+23  0.1629092E+23 -0.7662680E+23  0.1254549E+22 -0.1180192E+23  0.2775606E+23
  0.2980640E+24 -0.6876793E+23 -0.2900608E+23  0.3966454E+22  0.3346074E+22  0.7056815E+21
  0.1253616E+23  0.4050819E+24 -0.7258233E+23 -0.4689612E+23 -0.1147806E+23  0.3501994E+22
 -0.2663519E+24 -0.9910909E+22  0.2067035E+24  0.4687749E+22 -0.2037252E+23 -0.9427070E+22
  0.1318133E+21  0.8549001E+22 -0.1513529E+22  0.1386154E+24 -0.4908137E+23  0.4344722E+22
 -0.5601195E+22 -0.1824926E+24  0.3623177E+23 -0.2771206E+23  0.1370291E+24 -0.2339125E+23
  0.5950345E+23  0.1815658E+23 -0.8656521E+23  0.1385052E+22 -0.1320704E+23  0.3148362E+23
  0.3358026E+24 -0.7451023E+23 -0.3173380E+23  0.4133212E+22  0.3520659E+22  0.7497219E+21
  0.1470411E+23  0.4593999E+24 -0.7995375E+23 -0.5114841E+23 -0.1299077E+23  0.3745040E+22
 -0.2997105E+24 -0.1206234E+23  0.2330707E+24  0.5027212E+22 -0.2214546E+23 -0.1034361E+23
  0.1609657E+21  0.1009381E+23 -0.1735294E+22  0.1582401E+24 -0.5440824E+23  0.4676843E+22
 -0.6561853E+22 -0.2067318E+24  0.4016289E+23 -0.3110582E+23  0.1556203E+24 -0.2583439E+23
  0.6687437E+23  0.2022149E+23 -0.9769037E+23  0.1528645E+22 -0.1476982E+23  0.3567663E+23
  0.3782202E+24 -0.8055840E+23 -0.3462290E+23  0.4289602E+22  0.3687225E+22  0.7923596E+21
  0.1723284E+23  0.5209617E+24 -0.8797490E+23 -0.5567615E+23 -0.1464381E+23  0.3990582E+22
 -0.3370306E+24 -0.1461208E+23  0.2626330E+24  0.5378587E+22 -0.2401507E+23 -0.1131486E+23
  0.1962949E+21  0.1191009E+23 -0.1986230E+22  0.1806597E+24 -0.6025676E+23  0.5024470E+22
 -0.7678060E+22 -0.2340818E+24  0.4447737E+23 -0.3490522E+23  0.1766726E+24 -0.2849267E+23
  0.7508169E+23  0.2250229E+23 -0.1101425E+24  0.1686007E+22 -0.1650509E+23  0.4039394E+23
  0.4258854E+24 -0.8690322E+23 -0.3767149E+23  0.4433217E+22  0.3843492E+22  0.8330535E+21
  0.2016691E+23  0.5907336E+24 -0.9668356E+23 -0.6048043E+23 -0.1644424E+23  0.4236602E+22
 -0.3787702E+24 -0.1761048E+23  0.2957777E+24  0.5739513E+22 -0.2598002E+23 -0.1234055E+23
  0.2387404E+21  0.1403519E+23 -0.2268006E+22  0.2062770E+24 -0.6666634E+23  0.5386448E+22
 -0.8967933E+22 -0.2649376E+24  0.4920350E+23 -0.3915082E+23  0.2005150E+24 -0.3137973E+23
  0.8421682E+23  0.2501583E+23 -0.1240787E+24  0.1857680E+22 -0.1842822E+23  0.4570207E+23
  0.4794461E+24 -0.9353327E+23 -0.4087669E+23  0.4561760E+22  0.3987237E+22  0.8712678E+21
  0.2355406E+23  0.6698254E+24 -0.1061186E+24 -0.6556092E+23 -0.1839880E+23  0.4480933E+22
 -0.4254502E+24 -0.2111098E+23  0.3329489E+24  0.6107237E+22 -0.2803871E+23 -0.1342016E+23
  0.2892888E+21  0.1650991E+23 -0.2582013E+22  0.2355579E+24 -0.7367861E+23  0.5761363E+22
 -0.1045068E+23 -0.2997517E+24  0.5437115E+23 -0.4388614E+23  0.2275270E+24 -0.3450996E+23
  0.9438383E+23  0.2777969E+23 -0.1396788E+24  0.2044076E+22 -0.2055561E+23  0.5167775E+23
  0.5396116E+24 -0.1004294E+24 -0.4423221E+23  0.4672839E+22  0.4116123E+22  0.9064336E+21
  0.2744354E+23  0.7594701E+24 -0.1163132E+24 -0.7091177E+23 -0.2051261E+23  0.4721025E+22
 -0.4776382E+24 -0.2516837E+23  0.3746353E+24  0.6478268E+22 -0.3018757E+23 -0.1455218E+23
  0.3489306E+21  0.1937749E+23 -0.2929124E+22  0.2690270E+24 -0.8133289E+23  0.6147188E+22
 -0.1214585E+23 -0.3390236E+24  0.6000842E+23 -0.4915486E+23  0.2581325E+24 -0.3789644E+23
  0.1056956E+24  0.3081037E+23 -0.1571406E+24  0.2245314E+22 -0.2290333E+23  0.5840638E+23
