  0.1068054E+18 -0.1692478E+18  0.4772147E+17  0.6704911E+17 -0.3781062E+17  0.5330581E+16
  0.1873301E+18 -0.1210078E+18 -0.3990627E+17 -0.2172330E+17  0.7090240E+17 -0.1826473E+17
 -0.2541607E+18  0.2791457E+18 -0.1273748E+17 -0.6161820E+17 -0.1752210E+17  0.9839378E+16
  0.8214141E+17  0.2404420E+17 -0.7169801E+17  0.1759537E+16 -0.1049362E+17  0.1564559E+17
 -0.2228912E+18  0.3557942E+17  0.1359009E+18  0.9981867E+16 -0.2411217E+17 -0.1685685E+17
  0.1512041E+18 -0.9253251E+17 -0.5240373E+17  0.1415680E+17  0.1603478E+17  0.4540470E+16
  0.1134829E+18 -0.1773060E+18  0.4997193E+17  0.6925587E+17 -0.3903816E+17  0.5501258E+16
  0.1983565E+18 -0.1259470E+18 -0.4083237E+17 -0.2266219E+17  0.7240278E+17 -0.1860586E+17
 -0.2664691E+18  0.2881539E+18 -0.1337529E+17 -0.6248665E+17 -0.1777270E+17  0.9972613E+16
  0.8667671E+17  0.2535274E+17 -0.7385331E+17  0.1853904E+16 -0.1080096E+17  0.1573177E+17
 -0.2328804E+18  0.3584683E+17  0.1387983E+18  0.1022357E+17 -0.2399234E+17 -0.1686424E+17
  0.1564240E+18 -0.9390974E+17 -0.5317771E+17  0.1409477E+17  0.1596272E+17  0.4519558E+16
  0.1300395E+18 -0.2001549E+18  0.5633642E+17  0.7701890E+17 -0.4335611E+17  0.6101594E+16
  0.2261152E+18 -0.1407442E+18 -0.4514647E+17 -0.2560623E+17  0.7964587E+17 -0.2038888E+17
 -0.3008935E+18  0.3200256E+18 -0.1495271E+17 -0.6807829E+17 -0.1949095E+17  0.1087930E+17
  0.9829340E+17  0.2892739E+17 -0.8183400E+17  0.2128306E+16 -0.1204172E+17  0.1703269E+17
 -0.2615998E+18  0.3841419E+17  0.1525630E+18  0.1131689E+17 -0.2558951E+17 -0.1817695E+17
  0.1740566E+18 -0.1023423E+18 -0.5810649E+17  0.1504388E+17  0.1708282E+17  0.4849522E+16
  0.1497780E+18 -0.2269638E+18  0.6374713E+17  0.8598148E+17 -0.4829910E+17  0.6782865E+16
  0.2585548E+18 -0.1572641E+18 -0.5033240E+17 -0.2927195E+17  0.8804502E+17 -0.2241994E+17
 -0.3410180E+18  0.3563802E+18 -0.1657100E+17 -0.7425292E+17 -0.2157358E+17  0.1191698E+17
  0.1115827E+18  0.3334631E+17 -0.9093403E+17  0.2491372E+16 -0.1358774E+17  0.1852661E+17
 -0.2943417E+18  0.4060641E+17  0.1682711E+18  0.1263951E+17 -0.2724508E+17 -0.1969508E+17
  0.1941094E+18 -0.1115666E+18 -0.6375041E+17  0.1603106E+17  0.1832065E+17  0.5234310E+16
  0.1734980E+18 -0.2586443E+18  0.7243308E+17  0.9639434E+17 -0.5399027E+17  0.7559958E+16
  0.2967522E+18 -0.1758156E+18 -0.5659611E+17 -0.3382387E+17  0.9783070E+17 -0.2474466E+17
 -0.3881355E+18  0.3981317E+18 -0.1821780E+17 -0.8111447E+17 -0.2409606E+17  0.1310967E+17
  0.1268918E+18  0.3880737E+17 -0.1013768E+18  0.2967120E+16 -0.1550206E+17  0.2024807E+17
 -0.3319348E+18  0.4230773E+17  0.1863045E+18  0.1423115E+17 -0.2896319E+17 -0.2145478E+17
  0.2170762E+18 -0.1217247E+18 -0.7024870E+17  0.1706417E+17  0.1969585E+17  0.5683350E+16
  0.2022053E+18 -0.2963256E+18  0.8267531E+17  0.1085640E+18 -0.6057906E+17  0.8450825E+16
  0.3420041E+18 -0.1967191E+18 -0.6420093E+17 -0.3947908E+17  0.1092878E+18 -0.2741834E+17
 -0.4438106E+18  0.4463552E+18 -0.1986859E+17 -0.8877801E+17 -0.2715341E+17  0.1448649E+17
  0.1446139E+18  0.4556477E+17 -0.1134218E+18  0.3589122E+16 -0.1786840E+17  0.2223940E+17
 -0.3753241E+18  0.4333479E+17  0.2071113E+18  0.1614197E+17 -0.3074053E+17 -0.2350039E+17
  0.2435246E+18 -0.1329639E+18 -0.7776515E+17  0.1814951E+17  0.2122981E+17  0.6208221E+16
  0.2371832E+18 -0.3414232E+18  0.9482246E+17  0.1228690E+18 -0.6824807E+17  0.9477168E+16
  0.3958959E+18 -0.2203054E+18 -0.7348709E+17 -0.4652369E+17  0.1227713E+18 -0.3050843E+17
 -0.5099670E+18  0.5023327E+18 -0.2148065E+17 -0.9737154E+17 -0.3086670E+17  0.1608301E+17
  0.1652031E+18  0.5394636E+17 -0.1273766E+18  0.4403988E+16 -0.2079714E+17  0.2455280E+17
 -0.4256074E+18  0.4341663E+17  0.2312267E+18  0.1843461E+17 -0.3256373E+17 -0.2588681E+17
  0.2741198E+18 -0.1454391E+18 -0.8649644E+17  0.1929132E+17  0.2294611E+17  0.6823326E+16
  0.2800089E+18 -0.3956488E+18  0.1092916E+18  0.1397616E+18 -0.7721380E+17  0.1066454E+17
  0.4602191E+18 -0.2467897E+18 -0.8490189E+17 -0.5535513E+17  0.1387274E+18 -0.3409733E+17
 -0.5888200E+18  0.5674624E+18 -0.2297048E+17 -0.1070090E+18 -0.3539694E+17  0.1794318E+17
  0.1891026E+18  0.6438914E+17 -0.1435814E+18  0.5481102E+16 -0.2444462E+17  0.2725453E+17
 -0.4838885E+18  0.4209137E+17  0.2592603E+18  0.2119144E+17 -0.3439120E+17 -0.2868454E+17
  0.3095517E+18 -0.1592550E+18 -0.9667074E+17  0.2048298E+17  0.2486709E+17  0.7547392E+16
  0.3324418E+18 -0.4608957E+18  0.1265397E+18  0.1597459E+18 -0.8771702E+17  0.1204143E+17
  0.5365714E+18 -0.2759226E+18 -0.9904658E+17 -0.6656593E+17  0.1577236E+18 -0.3828565E+17
 -0.6824995E+18  0.6429283E+18 -0.2416466E+17 -0.1177197E+18 -0.4097001E+17  0.2012194E+17
  0.2165107E+18  0.7749557E+17 -0.1623441E+18  0.6934488E+16 -0.2905388E+17  0.3043224E+17
 -0.5507877E+18  0.3847687E+17  0.2918198E+18  0.2452684E+17 -0.3611090E+17 -0.3198879E+17
  0.3502910E+18 -0.1743207E+18 -0.1085289E+18  0.2168747E+17  0.2700445E+17  0.8406240E+16
  0.3971966E+18 -0.5400540E+18  0.1472498E+18  0.1835730E+18 -0.1001051E+18  0.1364721E+17
  0.6278010E+18 -0.3079453E+18 -0.1166804E+18 -0.8080074E+17  0.1804661E+18 -0.4319854E+17
 -0.7946396E+18  0.7310225E+18 -0.2491192E+17 -0.1297127E+18 -0.4783312E+17  0.2268517E+17
  0.2480724E+18  0.9392909E+17 -0.1841774E+18  0.8891229E+16 -0.3486808E+17  0.3418490E+17
 -0.6279957E+18  0.3189733E+17  0.3298412E+18  0.2854689E+17 -0.3766460E+17 -0.3590355E+17
  0.3974430E+18 -0.1908602E+18 -0.1224215E+18  0.2291374E+17  0.2939464E+17  0.9427150E+16
  0.4781629E+18 -0.6371772E+18  0.1723599E+18  0.2122680E+18 -0.1148393E+18  0.1553234E+17
  0.7381159E+18 -0.3434578E+18 -0.1387889E+18 -0.9882960E+17  0.2078415E+18 -0.4899060E+17
 -0.9305302E+18  0.8351282E+18 -0.2504247E+17 -0.1433414E+18 -0.5628187E+17  0.2571330E+17
  0.2848480E+18  0.1144857E+18 -0.2097978E+18  0.1150349E+17 -0.4216082E+17  0.3863035E+17
 -0.7182062E+18  0.2171861E+17  0.3746034E+18  0.3336906E+17 -0.3902097E+17 -0.4055121E+17
  0.4527152E+18 -0.2093349E+18 -0.1388200E+18  0.2419906E+17  0.3209510E+17  0.1064190E+17
  0.5796913E+18 -0.7567113E+18  0.2028759E+18  0.2469469E+18 -0.1324140E+18  0.1775024E+17
  0.8712582E+18 -0.3819836E+18 -0.1667028E+18 -0.1218388E+18  0.2409767E+18 -0.5584876E+17
 -0.1095265E+19  0.9581065E+18 -0.2416896E+17 -0.1587614E+18 -0.6675212E+17  0.2930797E+17
  0.3273686E+18  0.1402821E+18 -0.2398445E+18  0.1502823E+17 -0.5138842E+17  0.4393016E+17
 -0.8230749E+18  0.6444188E+16  0.4273745E+18  0.3916490E+17 -0.3999411E+17 -0.4610679E+17
  0.5173468E+18 -0.2297916E+18 -0.1582247E+18  0.2551681E+17  0.3513959E+17  0.1209782E+17
  0.7073546E+18 -0.9042673E+18  0.2400440E+18  0.2889991E+18 -0.1534336E+18  0.2036501E+17
  0.1031695E+19 -0.4226328E+18 -0.2021508E+18 -0.1513701E+18  0.2812884E+18 -0.6400329E+17
 -0.1295099E+19  0.1103366E+19 -0.2175402E+17 -0.1761303E+18 -0.7980123E+17  0.3359523E+17
  0.3761883E+18  0.1727009E+18 -0.2750823E+18  0.1982092E+17 -0.6314252E+17  0.5028750E+17
 -0.9444675E+18 -0.1584328E+17  0.4897044E+18  0.4612621E+17 -0.4032758E+17 -0.5279166E+17
  0.5928008E+18 -0.2522553E+18 -0.1812549E+18  0.2683563E+17  0.3856481E+17  0.1385513E+17
  0.8691906E+18 -0.1087812E+19  0.2856094E+18  0.3403552E+18 -0.1787233E+18  0.2346227E+17
  0.1226357E+19 -0.4649148E+18 -0.2473668E+18 -0.1892875E+18  0.3305727E+18 -0.7374474E+17
 -0.1539426E+19  0.1276289E+19 -0.1718062E+17 -0.1958478E+18 -0.9609711E+17  0.3873139E+17
  0.4325721E+18  0.2133954E+18 -0.3166470E+18  0.2631793E+17 -0.7810376E+17  0.5794717E+17
 -0.1086002E+19 -0.4708078E+17  0.5637878E+18  0.5446008E+17 -0.3978986E+17 -0.6086872E+17
  0.6816208E+18 -0.2771557E+18 -0.2087611E+18  0.2817377E+17  0.4244246E+17  0.1598439E+17
  0.1075709E+19 -0.1317614E+19  0.3417792E+18  0.4034795E+18 -0.2093192E+18  0.2714792E+17
  0.1463604E+19 -0.5076134E+18 -0.3053080E+18 -0.2380896E+18  0.3911408E+18 -0.8543928E+17
 -0.1839956E+19  0.1483393E+19 -0.9576631E+16 -0.2183538E+18 -0.1165115E+18  0.4491405E+17
  0.4978431E+18  0.2644697E+18 -0.3658773E+18  0.3512363E+17 -0.9718270E+17  0.6722311E+17
 -0.1251717E+19 -0.8992840E+17  0.6522951E+18  0.6442430E+17 -0.3803962E+17 -0.7067620E+17
  0.7867924E+18 -0.3049159E+18 -0.2417931E+18  0.2954201E+17  0.4685262E+17  0.1857667E+17
  0.1340380E+19 -0.1606682E+19  0.4112872E+18  0.4814726E+18 -0.2465001E+18  0.3155022E+17
  0.1752978E+19 -0.5481381E+18 -0.3798998E+18 -0.3011604E+18  0.4659702E+18 -0.9954700E+17
 -0.2210796E+19  0.1732238E+19  0.2316529E+16 -0.2440648E+18 -0.1421975E+18  0.5239372E+17
  0.5731459E+18  0.3285827E+18 -0.4242868E+18  0.4709385E+17 -0.1216211E+18  0.7852246E+17
 -0.1445664E+19 -0.1481090E+18  0.7584072E+18  0.7633110E+17 -0.3455175E+17 -0.8265610E+17
  0.9116108E+18 -0.3358336E+18 -0.2816325E+18  0.3092992E+17  0.5187611E+17  0.2175184E+17
  0.1681400E+19 -0.1972343E+19  0.4976886E+18  0.5784073E+18 -0.2919034E+18  0.3682853E+17
  0.2106805E+19 -0.5828081E+18 -0.4763454E+18 -0.3829207E+18  0.5588874E+18 -0.1166447E+18
 -0.2670609E+19  0.2032769E+19  0.2020073E+17 -0.2735568E+18 -0.1746392E+18  0.6148534E+17
  0.6599601E+18  0.4090259E+18 -0.4937779E+18  0.6337587E+17 -0.1530153E+18  0.9236034E+17
 -0.1673145E+19 -0.2262795E+18  0.8861967E+18  0.9055085E+17 -0.2865651E+17 -0.9736933E+17
  0.1060449E+19 -0.3704038E+18 -0.3299318E+18  0.3234455E+17  0.5762089E+17  0.2566249E+17
  0.2123730E+19 -0.2437963E+19  0.6056395E+18  0.6996725E+18 -0.3476257E+18  0.4317865E+17
  0.2541420E+19 -0.6065304E+18 -0.6015954E+18 -0.4891452E+18  0.6748160E+18 -0.1374516E+18
 -0.3244602E+19  0.2398331E+19  0.4640393E+17 -0.3076484E+18 -0.2157575E+18  0.7258434E+17
  0.7603150E+18  0.5099025E+18 -0.5767824E+18  0.8549107E+17 -0.1934085E+18  0.1093882E+18
 -0.1941371E+19 -0.3302830E+18  0.1040954E+19  0.1075394E+18 -0.1951087E+17 -0.1155297E+18
  0.1239263E+19 -0.4094389E+18 -0.3888573E+18  0.3381853E+17  0.6423708E+17  0.3050401E+17
  0.2700949E+19 -0.3034381E+19  0.7410708E+18  0.8522437E+18 -0.4162779E+18  0.5083268E+17
  0.3077390E+19 -0.6116437E+18 -0.7649320E+18 -0.6274482E+18  0.8200677E+18 -0.1628562E+18
 -0.3965687E+19  0.2845962E+19  0.8419933E+17 -0.3473351E+18 -0.2680705E+18  0.8618648E+17
  0.8765740E+18  0.6363416E+18 -0.6762808E+18  0.1154867E+18 -0.2454702E+18  0.1304384E+18
 -0.2259199E+19 -0.4677651E+18  0.1229391E+19  0.1278594E+18 -0.5977063E+16 -0.1380608E+18
  0.1455661E+19 -0.4539384E+18 -0.4612090E+18  0.3538943E+17  0.7191250E+17  0.3653215E+17
  0.3458013E+19 -0.3802067E+19  0.9114811E+18  0.1045088E+19 -0.5010844E+18  0.6006324E+17
  0.3740751E+19 -0.5870733E+18 -0.9786765E+18 -0.8077962E+18  0.1002708E+19 -0.1939565E+18
 -0.4876880E+19  0.3397422E+19  0.1381509E+18 -0.3938222E+18 -0.3348788E+18  0.1029152E+18
  0.1011652E+19  0.7947689E+18 -0.7960046E+18  0.1560956E+18 -0.3126766E+18  0.1565814E+18
 -0.2637815E+19 -0.6486826E+18  0.1460132E+19  0.1522015E+18  0.1347110E+17 -0.1661672E+18
  0.1719482E+19 -0.5051524E+18 -0.5506480E+18  0.3710114E+17  0.8088517E+17  0.4408497E+17
  0.4455549E+19 -0.4794382E+19  0.1126395E+19  0.1289746E+19 -0.6060271E+18  0.7119015E+17
  0.4565876E+19 -0.5178057E+18 -0.1259140E+19 -0.1043091E+19  0.1233028E+19 -0.2321128E+18
 -0.6035638E+19  0.4081208E+19  0.2145617E+18 -0.4486531E+18 -0.4205050E+18  0.1235580E+18
  0.1169734E+19  0.9933755E+18 -0.9408764E+18  0.2109016E+18 -0.3995112E+18  0.1891987E+18
 -0.3092546E+19 -0.8858749E+18  0.1744592E+19  0.1814256E+18  0.4082992E+17 -0.2014280E+18
  0.2044021E+19 -0.5648085E+18 -0.6620693E+18  0.3901730E+17  0.9147227E+17  0.5361196E+17
  0.5774936E+19 -0.6081083E+19  0.1397754E+19  0.1600865E+19 -0.7359269E+18  0.8457745E+17
  0.5598554E+19 -0.3837947E+18 -0.1627845E+19 -0.1349900E+19  0.1524074E+19 -0.2789945E+18
 -0.7518669E+19  0.4934348E+19  0.3221753E+18 -0.5137230E+18 -0.5306161E+18  0.1491048E+18
  0.1356890E+19  0.1242786E+19 -0.1117482E+19  0.2845695E+18 -0.5117555E+18  0.2300788E+18
 -0.3644514E+19 -0.1196061E+19  0.2097964E+19  0.2165937E+18  0.7874519E+17 -0.2459250E+18
  0.2447230E+19 -0.6351685E+18 -0.8020506E+18  0.4121386E+17  0.1040845E+18  0.6571565E+17
  0.7523666E+19 -0.7751606E+19  0.1740159E+19  0.1996613E+19 -0.8964395E+18  0.1006209E+18
  0.6899042E+19 -0.1582552E+18 -0.2113003E+19 -0.1749327E+19  0.1892224E+19 -0.3366268E+18
 -0.9426837E+19  0.6003745E+19  0.4731641E+18 -0.5911462E+18 -0.6726437E+18  0.1807931E+18
  0.1581569E+19  0.1556926E+19 -0.1334592E+19  0.3831669E+18 -0.6568990E+18  0.2815459E+18
 -0.4322105E+19 -0.1601252E+19  0.2540358E+19  0.2589656E+18  0.1308181E+18 -0.3024213E+18
  0.2952858E+19 -0.7189013E+18 -0.9793976E+18  0.4375584E+17  0.1192218E+18  0.8121114E+17
  0.9842445E+19 -0.9919058E+19  0.2171143E+19  0.2499067E+19 -0.1094022E+19  0.1197330E+18
  0.8547890E+19  0.1935629E+18 -0.2751383E+19 -0.2267905E+19  0.2357876E+19 -0.4074483E+18
 -0.1189268E+20  0.7348293E+19  0.6844315E+18 -0.6831096E+18 -0.8563126E+18  0.2201634E+18
  0.1855901E+19  0.1954399E+19 -0.1604142E+19  0.5145313E+18 -0.8446396E+18  0.3466339E+18
 -0.5164231E+19 -0.2130477E+19  0.3098637E+19  0.3099612E+18  0.2019867E+18 -0.3746051E+18
  0.3592498E+19 -0.8190298E+18 -0.1205970E+19  0.4668129E+17  0.1374705E+18  0.1012083E+18
  0.1291317E+20 -0.1272381E+20  0.2711297E+19  0.3134309E+19 -0.1335770E+19  0.1423185E+18
  0.1065406E+20  0.7155922E+18 -0.3590582E+19 -0.2938524E+19  0.2946172E+19 -0.4943666E+18
 -0.1508947E+20  0.9040650E+19  0.9793690E+18 -0.7914962E+18 -0.1094291E+19  0.2691199E+18
  0.2197545E+19  0.2460522E+19 -0.1942617E+19  0.6887423E+18 -0.1087544E+19  0.4293157E+18
 -0.6224814E+19 -0.2822119E+19  0.3808859E+19  0.3710277E+18  0.2990981E+18 -0.4674160E+18
  0.4408136E+19 -0.9386538E+18 -0.1497762E+19  0.4996845E+17  0.1594642E+18  0.1272244E+18
  0.1696593E+20 -0.1633519E+20  0.3383999E+19  0.3931974E+19 -0.1629096E+19  0.1687418E+18
  0.1336387E+20  0.1463084E+19 -0.4691728E+19 -0.3801516E+19  0.3687784E+19 -0.6008185E+18
 -0.1923968E+20  0.1116714E+20  0.1390178E+19 -0.9170593E+18 -0.1402982E+19  0.3299978E+18
  0.2631641E+19  0.3110031E+19 -0.2372713E+19  0.9188463E+18 -0.1402017E+19  0.5348153E+18
 -0.7577436E+19 -0.3727198E+19  0.4719151E+19  0.4433161E+18  0.4318379E+18 -0.5874914E+18
  0.5454538E+19 -0.1080118E+19 -0.1876198E+19  0.5347172E+17  0.1857641E+18  0.1613389E+18
  0.2228417E+20 -0.2095071E+20  0.4214827E+19  0.4924262E+19 -0.1981308E+19  0.1992980E+18
  0.1687013E+20  0.2506593E+19 -0.6132810E+19 -0.4906191E+19  0.4619904E+19 -0.7308573E+18
 -0.2462193E+20  0.1382496E+20  0.1960846E+19 -0.1057995E+19 -0.1803491E+19  0.4056429E+18
  0.3192864E+19  0.3950609E+19 -0.2925306E+19  0.1222047E+19 -0.1809777E+19  0.6700423E+18
 -0.9319961E+19 -0.4913980E+19  0.5893093E+19  0.5270560E+18  0.6141994E+18 -0.7437783E+18
  0.6801235E+19 -0.1243388E+19 -0.2369661E+19  0.5682846E+17  0.2166084E+18  0.2064072E+18
  0.2920895E+20 -0.2679358E+20  0.5230852E+19  0.6144485E+19 -0.2399149E+19  0.2341903E+18
  0.2142265E+20  0.3938249E+19 -0.8012712E+19 -0.6312827E+19  0.5787300E+19 -0.8892355E+18
 -0.3157689E+20  0.1711654E+20  0.2750720E+19 -0.1207951E+19 -0.2322625E+19  0.4994807E+18
  0.3927991E+19  0.5047384E+19 -0.3641812E+19  0.1621445E+19 -0.2339825E+19  0.8441209E+18
 -0.1157968E+20 -0.6474011E+19  0.7413609E+19  0.6205228E+18  0.8665498E+18 -0.9482799E+18
  0.8534199E+19 -0.1423600E+19 -0.3015196E+19  0.5936811E+17  0.2514843E+18  0.2663229E+18
  0.3814308E+20 -0.3411007E+20  0.6460267E+19  0.7625872E+19 -0.2888600E+19  0.2735428E+18
  0.2733588E+20  0.5884323E+19 -0.1045672E+20 -0.8096287E+19  0.7244023E+19 -0.1081563E+19
 -0.4051013E+20  0.2114027E+20  0.3838835E+19 -0.1353401E+19 -0.2994073E+19  0.6156086E+18
  0.4897681E+19  0.6488381E+19 -0.4576510E+19  0.2148930E+19 -0.3031449E+19  0.1069100E+19
 -0.1451614E+20 -0.8530771E+19  0.9386990E+19  0.7184441E+18  0.1218706E+19 -0.1217030E+19
  0.1075602E+20 -0.1607340E+19 -0.3860271E+19  0.6004872E+17  0.2884323E+18  0.3463570E+18
  0.4955530E+20 -0.4316822E+20  0.7932452E+19  0.9401090E+19 -0.3455028E+19  0.3174423E+18
  0.3498728E+20  0.8528214E+19 -0.1362356E+20 -0.1035192E+20  0.9055727E+19 -0.1314502E+19
 -0.5188793E+20  0.2597613E+20  0.5328882E+19 -0.1470451E+19 -0.3859652E+19  0.7588891E+18
  0.6175475E+19  0.8390098E+19 -0.5797813E+19  0.2849730E+19 -0.3938500E+19  0.1360812E+19
 -0.1831709E+20 -0.1125116E+20  0.1194565E+20  0.8095865E+18  0.1714327E+19 -0.1571249E+19
  0.1358259E+20 -0.1767473E+19 -0.4964062E+19  0.5749933E+17  0.3229812E+18  0.4535569E+18
  0.6398676E+20 -0.5426094E+20  0.9678716E+19  0.1150335E+20 -0.4103788E+19  0.3660036E+18
  0.4479846E+20  0.1214741E+20 -0.1771383E+20 -0.1320425E+20  0.1130255E+20 -0.1595954E+19
 -0.6622322E+20  0.3166736E+20  0.7354474E+19 -0.1521584E+19 -0.4970507E+19  0.9350194E+18
  0.7841082E+19  0.1090158E+20 -0.7386961E+19  0.3789162E+19 -0.5135105E+19  0.1739785E+19
 -0.2318212E+20 -0.1485900E+20  0.1524755E+20  0.8732836E+18  0.2416756E+19 -0.2038570E+19
  0.1713446E+20 -0.1857030E+19 -0.6397542E+19  0.5031615E+17  0.3466823E+18  0.5971672E+18
  0.8207935E+20 -0.6772801E+20  0.1173519E+20  0.1397149E+20 -0.4841664E+19  0.4194561E+18
  0.5720557E+20  0.1716604E+20 -0.2298236E+20 -0.1681980E+20  0.1408355E+20 -0.1935279E+19
 -0.8406744E+20  0.3820723E+20  0.1008583E+20 -0.1453502E+19 -0.6388796E+19  0.1150620E+19
  0.9967419E+19  0.1420662E+20 -0.9433910E+19  0.5062193E+19 -0.6723102E+19  0.2232239E+19
 -0.2929559E+20 -0.1964990E+20  0.1947270E+20  0.8749103E+18  0.3416236E+19 -0.2654356E+19
  0.2152592E+20 -0.1804160E+19 -0.8242703E+19  0.3780318E+17  0.3454244E+18  0.7890737E+18
  0.1046296E+21 -0.8399762E+20  0.1414646E+20  0.1685852E+20 -0.5678455E+19  0.4781687E+18
  0.7261252E+20  0.2422513E+20 -0.2975457E+20 -0.2142382E+20  0.1752213E+20 -0.2343333E+19
 -0.1060081E+21  0.4553213E+20  0.1373886E+20 -0.1196180E+19 -0.8190020E+19  0.1413251E+19
  0.1259819E+20  0.1852001E+20 -0.1202812E+20  0.6806351E+19 -0.8840984E+19  0.2870958E+19
 -0.3678459E+20 -0.2600360E+20  0.2481412E+20  0.7600532E+18  0.4838318E+19 -0.3462917E+19
  0.2685120E+20 -0.1509624E+19 -0.1059035E+20  0.2121845E+17  0.2977046E+18  0.1044233E+19
  0.1326742E+21 -0.1036472E+21  0.1696795E+20  0.2024270E+20 -0.6627815E+19  0.5425158E+18
  0.9132939E+20  0.3426805E+20 -0.3844697E+20 -0.2731991E+20  0.2177140E+20 -0.2831981E+19
 -0.1326794E+21  0.5352396E+20  0.1858832E+20 -0.6633893E+18 -0.1046618E+20  0.1731185E+19
  0.1571718E+20  0.2407312E+20 -0.1524304E+20  0.9217858E+19 -0.1167345E+20  0.3695799E+19
 -0.4566648E+20 -0.3438783E+20  0.3146246E+20  0.4476610E+18  0.6852498E+19 -0.4518469E+19
  0.3317115E+20 -0.8492089E+18 -0.1353684E+20  0.5435113E+16  0.1732772E+18  0.1381066E+19
  0.1676149E+21 -0.1274831E+21  0.2026495E+20  0.2424000E+20 -0.7706472E+19  0.6125178E+18
  0.1135091E+21  0.4864053E+20 -0.4959461E+20 -0.3491266E+20  0.2701932E+20 -0.3412839E+19
 -0.1648010E+21  0.6202487E+20  0.2498890E+20  0.2458943E+18 -0.1333056E+20  0.2112838E+19
  0.1921713E+20  0.3108573E+20 -0.1911616E+20  0.1257110E+20 -0.1546120E+20  0.4753932E+19
 -0.5580176E+20 -0.4535154E+20  0.3958882E+20 -0.1770797E+18  0.9680694E+19 -0.5886177E+19
  0.4050860E+20  0.3178746E+18 -0.1718227E+20  0.6235975E+15 -0.6741538E+17  0.1822022E+19
  0.2113813E+21 -0.1566248E+21  0.2410366E+20  0.2901314E+20 -0.8929910E+19  0.6871310E+18
  0.1391032E+21  0.6919873E+20 -0.6388461E+20 -0.4472932E+20  0.3348976E+20 -0.4094538E+19
 -0.2032583E+21  0.7085954E+20  0.3340757E+20  0.1646209E+19 -0.1692353E+20  0.2565447E+19
  0.2288485E+20  0.3972546E+20 -0.2362975E+20  0.1723971E+20 -0.2050926E+20  0.6099725E+19
 -0.6687887E+20 -0.5950906E+20  0.4933319E+20 -0.1268974E+19  0.1360497E+20 -0.7643607E+19
  0.4886185E+20  0.2136351E+19 -0.2163357E+20  0.2335153E+17 -0.4729344E+18  0.2394564E+19
  0.2665789E+21 -0.1925500E+21  0.2852735E+20  0.3476975E+20 -0.1030266E+20  0.7631977E+18
  0.1678355E+21  0.9841119E+20 -0.8218597E+20 -0.5743193E+20  0.4143357E+20 -0.4877976E+19
 -0.2491958E+21  0.7984778E+20  0.4446556E+20  0.3665446E+19 -0.2141723E+20  0.3092623E+19
  0.2641690E+20  0.5006031E+20 -0.2869869E+20  0.2371621E+20 -0.2719217E+20  0.7794394E+19
 -0.7844565E+20 -0.7752265E+20  0.6080563E+20 -0.3027253E+19  0.1897523E+20 -0.9883247E+19
  0.5823658E+20  0.4743774E+19 -0.2701509E+20  0.9660333E+17 -0.1100283E+19  0.3132975E+19
  0.3365858E+21 -0.2370717E+21  0.3351654E+20  0.4174492E+20 -0.1180356E+20  0.8343773E+18
  0.1992364E+21  0.1394243E+21 -0.1055697E+21 -0.7381146E+20  0.5110733E+20 -0.5750104E+19
 -0.3041350E+21  0.8880593E+20  0.5898954E+20  0.6445319E+19 -0.2701842E+20  0.3690963E+19
  0.2948368E+20  0.6203158E+20 -0.3418104E+20  0.3262751E+20 -0.3595725E+20  0.9906698E+19
 -0.9001384E+20 -0.1001081E+21  0.7411809E+20 -0.5698159E+19  0.2622061E+20 -0.1271812E+20
  0.6870318E+20  0.8268581E+19 -0.3349245E+20  0.2487856E+18 -0.2015445E+19  0.4081849E+19
  0.4254949E+21 -0.2921852E+21  0.3893488E+20  0.5016052E+20 -0.1336819E+20  0.8906833E+18
  0.2327790E+21  0.1960287E+21 -0.1353023E+21 -0.9474768E+20  0.6273795E+20 -0.6677687E+19
 -0.3700764E+21  0.9752686E+20  0.7806208E+20  0.1014178E+20 -0.3396738E+20  0.4346209E+19
  0.3183708E+20  0.7548388E+20 -0.3992372E+20  0.4474198E+20 -0.4732842E+20  0.1251609E+20
 -0.1012304E+21 -0.1280855E+21  0.8945606E+20 -0.9578347E+19  0.3586999E+20 -0.1629234E+20
  0.8046897E+20  0.1284539E+20 -0.4131076E+20  0.5126323E+18 -0.3297250E+19  0.5301978E+19
  0.5378240E+21 -0.3597632E+21  0.4447883E+20  0.6016352E+20 -0.1487647E+20  0.9196161E+18
  0.2681910E+21  0.2724625E+21 -0.1728132E+21 -0.1211294E+21  0.7648422E+20 -0.7604526E+19
 -0.4495816E+21  0.1057428E+21  0.1030632E+21  0.1492538E+20 -0.4253380E+20  0.5030469E+19
  0.3343400E+20  0.9029781E+20 -0.4585250E+20  0.6096858E+20 -0.6191871E+20  0.1572091E+20
 -0.1120941E+21 -0.1624969E+21  0.1071966E+21 -0.1502491E+20  0.4858937E+20 -0.2079908E+20
  0.9395434E+20  0.1865165E+20 -0.5084680E+20  0.9256734E+18 -0.5047009E+19  0.6879398E+19
  0.6780345E+21 -0.4411986E+21  0.4967159E+20  0.7177222E+20 -0.1616071E+20  0.9097128E+18
  0.3059483E+21  0.3731125E+21 -0.2196818E+21 -0.1537782E+21  0.9243267E+20 -0.8457236E+19
 -0.5458341E+21  0.1130805E+21  0.1357080E+21  0.2098752E+20 -0.5302048E+20  0.5703203E+19
  0.3451312E+20  0.1066372E+21 -0.5209169E+20  0.8237079E+20 -0.8047536E+20  0.1965589E+20
 -0.1231479E+21 -0.2048023E+21  0.1280638E+21 -0.2248380E+20  0.6525239E+20 -0.2651020E+20
  0.1098524E+21  0.2596497E+20 -0.6267170E+20  0.1534285E+19 -0.7406613E+19  0.8938679E+19
  0.8500813E+21 -0.5372161E+21  0.5393648E+20  0.8487457E+20 -0.1704281E+20  0.8555486E+18
  0.3477736E+21  0.5023434E+21 -0.2777147E+21 -0.1934528E+21  0.1106609E+21 -0.9160315E+19
 -0.6626788E+21  0.1190051E+21  0.1780971E+21  0.2856063E+20 -0.6578531E+20  0.6316947E+19
  0.3556909E+20  0.1252341E+21 -0.5906422E+20  0.1102332E+21 -0.1039787E+21  0.2451976E+20
 -0.1355530E+21 -0.2571213E+21  0.1532769E+21 -0.3254882E+20  0.8705464E+20 -0.3381761E+20
  0.1291474E+21  0.3523075E+20 -0.7761180E+20  0.2402691E+19 -0.1058605E+20  0.1166030E+20
  0.1057381E+22 -0.6481325E+21  0.5673882E+20  0.9931985E+20 -0.1738932E+20  0.7611479E+18
  0.3966868E+21  0.6648448E+21 -0.3491487E+21 -0.2410225E+21  0.1313686E+21 -0.9653169E+19
 -0.8045860E+21  0.1227443E+21  0.2327984E+21  0.3795609E+20 -0.8128679E+20  0.6825128E+19
  0.3720522E+20  0.1475168E+21 -0.6748967E+20  0.1462241E+21 -0.1337965E+21  0.3060630E+20
 -0.1509241E+21 -0.3224340E+21  0.1846045E+21 -0.4605460E+20  0.1156690E+21 -0.4327945E+20
  0.1530571E+21  0.4711836E+20 -0.9678387E+20  0.3626327E+19 -0.1489738E+20  0.1530004E+20
  0.1303632E+22 -0.7746957E+21  0.5770143E+20  0.1150926E+21 -0.1714481E+20  0.6384960E+18
  0.4562048E+21  0.8667607E+21 -0.4369363E+21 -0.2978169E+21  0.1550089E+21 -0.9893290E+19
 -0.9765837E+21  0.1232153E+21  0.3029901E+21  0.4960782E+20 -0.1001441E+21  0.7183796E+19
  0.3991210E+20  0.1753792E+21 -0.7821930E+20  0.1926600E+21 -0.1718531E+21  0.3832333E+20
 -0.1708773E+21 -0.4046421E+21  0.2242389E+21 -0.6418334E+20  0.1534132E+21 -0.5565530E+20
  0.1828959E+21  0.6253577E+20 -0.1215841E+21  0.5345559E+19 -0.2078602E+20  0.2020644E+20
  0.1594194E+22 -0.9190390E+21  0.5654345E+20  0.1324545E+21 -0.1629840E+20  0.5013759E+18
  0.5286747E+21  0.1117178E+22 -0.5448620E+21 -0.3659468E+21  0.1822713E+21 -0.9828950E+19
 -0.1184050E+22  0.1189812E+21  0.3926108E+21  0.6408161E+20 -0.1231636E+21  0.7335016E+19
  0.4383044E+20  0.2105099E+21 -0.9189953E+20  0.2527605E+21 -0.2206886E+21  0.4817157E+20
 -0.1963303E+21 -0.5083327E+21  0.2744050E+21 -0.8852270E+20  0.2033377E+21 -0.7189766E+20
  0.2198562E+21  0.8255996E+20 -0.1535991E+21  0.7750687E+19 -0.2883961E+20  0.2682741E+20
  0.1937256E+22 -0.1085037E+22  0.5278488E+20  0.1519296E+21 -0.1478214E+20  0.3595605E+18
  0.6134526E+21  0.1429016E+22 -0.6772354E+21 -0.4482986E+21  0.2138056E+21 -0.9340255E+19
 -0.1432380E+22  0.1083112E+21  0.5064176E+21  0.8200261E+20 -0.1512738E+21  0.7165094E+19
  0.4856406E+20  0.2534567E+21 -0.1085501E+21  0.3306987E+21 -0.2832624E+21  0.6065763E+20
 -0.2267891E+21 -0.6381704E+21  0.3367298E+21 -0.1209825E+21  0.2691104E+21 -0.9306334E+20
  0.2647705E+21  0.1082533E+21 -0.1944333E+21  0.1106504E+20 -0.3974773E+20  0.3569536E+20
  0.2343937E+22 -0.1277617E+22  0.4535474E+20  0.1740987E+21 -0.1236083E+20  0.2194014E+18
  0.7062146E+21  0.1818445E+22 -0.8381480E+21 -0.5480476E+21  0.2497435E+21 -0.8175107E+19
 -0.1726810E+22  0.8942462E+20  0.6498943E+21  0.1038894E+21 -0.1853612E+21  0.6449302E+19
  0.5319458E+20  0.3029383E+21 -0.1272938E+21  0.4313015E+21 -0.3624635E+21  0.7615308E+20
 -0.2601388E+21 -0.7981594E+21  0.4116757E+21 -0.1635174E+21  0.3546552E+21 -0.1201536E+21
  0.3180410E+21  0.1404154E+21 -0.2455469E+21  0.1549839E+20 -0.5420463E+20  0.4739429E+20
  0.2827065E+22 -0.1501339E+22  0.3238764E+20  0.1993250E+21 -0.8599878E+19  0.9276046E+17
  0.8003841E+21  0.2302796E+22 -0.1030680E+22 -0.6678923E+21  0.2893015E+21 -0.5930140E+19
 -0.2072813E+22  0.6093699E+20  0.8290879E+21  0.1299651E+21 -0.2261038E+21  0.4817143E+19
  0.5665016E+20  0.3560625E+21 -0.1465494E+21  0.5594886E+21 -0.4605525E+21  0.9477788E+20
 -0.2934221E+21 -0.9914070E+21  0.4985739E+21 -0.2177417E+21  0.4637327E+21 -0.1539790E+21
  0.3799482E+21  0.1794354E+21 -0.3082977E+21  0.2118516E+20 -0.7279877E+20  0.6253976E+20
  0.3399725E+22 -0.1759553E+22  0.1140856E+20  0.2276673E+21 -0.2952292E+19  0.9571010E+16
  0.8901683E+21  0.2898642E+22 -0.1256873E+22 -0.8097181E+21  0.3308885E+21 -0.2111369E+19
 -0.2477428E+22  0.2235035E+20  0.1050753E+22  0.1601206E+21 -0.2740264E+21  0.1769996E+19
  0.5826939E+20  0.4096413E+21 -0.1647425E+21  0.7199577E+21 -0.5790804E+21  0.1164423E+21
 -0.3243391E+21 -0.1221079E+22  0.5966012E+21 -0.2847412E+21  0.5999651E+21 -0.1952310E+21
  0.4513341E+21  0.2254477E+21 -0.3843639E+21  0.2815358E+20 -0.9599758E+20  0.8183272E+20
  0.4075253E+22 -0.2055141E+22 -0.2024175E+20  0.2591007E+21  0.5103935E+19  0.2513516E+17
  0.9736587E+21  0.3622363E+22 -0.1519171E+22 -0.9752791E+21  0.3728418E+21  0.3766852E+19
 -0.2951554E+22 -0.2587341E+20  0.1323341E+22  0.1941809E+21 -0.3299181E+21 -0.3268308E+19
  0.5815659E+20  0.4620554E+21 -0.1811912E+21  0.9177603E+21 -0.7197842E+21  0.1411287E+21
 -0.3525924E+21 -0.1492674E+22  0.7064746E+21 -0.3654575E+21  0.7678318E+21 -0.2449006E+21
  0.5344252E+21  0.2788790E+21 -0.4765688E+21  0.3638184E+20 -0.1243439E+21  0.1062440E+21
  0.4868730E+22 -0.2392225E+22 -0.6516505E+20  0.2938518E+21  0.1600925E+20  0.2180489E+18
  0.1053772E+22  0.4493420E+22 -0.1822589E+22 -0.1167510E+22  0.4142239E+21  0.1214994E+20
 -0.3511833E+22 -0.8296414E+20  0.1658586E+22  0.2323384E+21 -0.3953660E+21 -0.1094231E+20
  0.5701874E+20  0.5142865E+21 -0.1964744E+21  0.1159665E+22 -0.8860608E+21  0.1692523E+21
 -0.3800448E+21 -0.1816272E+22  0.8317229E+21 -0.4615546E+21  0.9743211E+21 -0.3048593E+21
  0.6332746E+21  0.3410773E+21 -0.5896961E+21  0.4592547E+20 -0.1588031E+21  0.1372791E+21
  0.5798905E+22 -0.2777373E+22 -0.1261324E+21  0.3325542E+21  0.3020542E+20  0.6858785E+18
  0.1136140E+22  0.5537985E+22 -0.2175790E+22 -0.1391358E+22  0.4548984E+21  0.2352850E+20
 -0.4180703E+22 -0.1487386E+21  0.2072661E+22  0.2753730E+21 -0.4729542E+21 -0.2204682E+20
  0.5564901E+20  0.5691627E+21 -0.2119334E+21  0.1455310E+22 -0.1083798E+22  0.2017814E+21
 -0.4095483E+21 -0.2207020E+22  0.9784476E+21 -0.5760601E+21  0.1230049E+22 -0.3781489E+21
  0.7535164E+21  0.4145114E+21 -0.7307497E+21  0.5700596E+20 -0.2009937E+21  0.1771677E+21
  0.6888616E+22 -0.3218921E+22 -0.2065437E+21  0.3760353E+21  0.4825701E+20  0.1548218E+19
  0.1225749E+22  0.6789280E+22 -0.2589656E+22 -0.1653163E+22  0.4946794E+21  0.3854779E+20
 -0.4984317E+22 -0.2238262E+21  0.2585754E+22  0.3243785E+21 -0.5658649E+21 -0.3764455E+20
  0.5452698E+20  0.6295163E+21 -0.2287648E+21  0.1816948E+22 -0.1320550E+22  0.2399423E+21
 -0.4434508E+21 -0.2683351E+22  0.1153640E+22 -0.7130320E+21  0.1548721E+22 -0.4686401E+21
  0.9016114E+21  0.5022818E+21 -0.9084389E+21  0.6995447E+20 -0.2530427E+21  0.2288295E+21
  0.8163788E+22 -0.3725253E+22 -0.3106074E+21  0.4249715E+21  0.7086729E+20  0.2954417E+19
  0.1324037E+22  0.8284402E+22 -0.3073832E+22 -0.1959069E+22  0.5322251E+21  0.5799584E+20
 -0.5949360E+22 -0.3086789E+21  0.3219952E+22  0.3801253E+21 -0.6771384E+21 -0.5910167E+20
  0.5368444E+20  0.6962962E+21 -0.2472209E+21  0.2257770E+22 -0.1603248E+22  0.2846177E+21
 -0.4824459E+21 -0.3263807E+22  0.1362784E+22 -0.8761665E+21  0.1944902E+22 -0.5800892E+21
  0.1083899E+22  0.6070734E+21 -0.1132031E+22  0.8500288E+20 -0.3170156E+21  0.2955750E+21
  0.9653493E+22 -0.4304801E+22 -0.4432324E+21  0.4799122E+21  0.9882575E+20  0.5087665E+19
  0.1426959E+22  0.1006250E+23 -0.3634293E+22 -0.2314534E+22  0.5647099E+21  0.8268079E+20
 -0.7101618E+22 -0.4019371E+21  0.3997610E+22  0.4426670E+21 -0.8094023E+21 -0.8803077E+20
  0.5273254E+20  0.7672239E+21 -0.2661857E+21  0.2790651E+22 -0.1936413E+22  0.3359160E+21
 -0.5248732E+21 -0.3965016E+22  0.1608149E+22 -0.1067454E+22  0.2432061E+22 -0.7153039E+21
  0.1306081E+22  0.7302664E+21 -0.1410458E+22  0.1020781E+21 -0.3943134E+21  0.3807943E+21
  0.1139248E+23 -0.4968001E+22 -0.6101810E+21  0.5416081E+21  0.1330430E+21  0.8170322E+19
  0.1526420E+22  0.1216795E+23 -0.4275138E+22 -0.2725650E+22  0.5884620E+21  0.1133935E+21
 -0.8469665E+22 -0.4999537E+21  0.4943234E+22  0.5116644E+21 -0.9655174E+21 -0.1263056E+21
  0.5112929E+20  0.8374568E+21 -0.2836634E+21  0.3429218E+22 -0.2323090E+22  0.3934386E+21
 -0.5674036E+21 -0.4804017E+22  0.1889931E+22 -0.1287479E+22  0.3023716E+22 -0.8764791E+21
  0.1574180E+22  0.8723079E+21 -0.1753195E+22  0.1208441E+21 -0.4857533E+21  0.4881420E+21
  0.1342254E+23 -0.5727653E+22 -0.8183240E+21  0.6110246E+21  0.1745972E+21  0.1247257E+20
  0.1616382E+22  0.1465389E+23 -0.5003057E+22 -0.3200128E+22  0.5997268E+21  0.1510072E+21
 -0.1009134E+23 -0.5983475E+21  0.6087749E+22  0.5870437E+21 -0.1149374E+22 -0.1761969E+21
  0.4866238E+20  0.9030975E+21 -0.2982747E+21  0.4190019E+22 -0.2767756E+22  0.4570666E+21
 -0.6076143E+21 -0.5803852E+22  0.2210208E+22 -0.1537266E+22  0.3737177E+22 -0.1066621E+22
  0.1896717E+22  0.1034290E+22 -0.2172810E+22  0.1410010E+21 -0.5924225E+21  0.6222730E+21
  0.1579165E+23 -0.6597325E+22 -0.1075329E+22  0.6890461E+21  0.2246217E+21  0.1830607E+20
  0.1699350E+22  0.1758309E+23 -0.5830694E+22 -0.3747020E+22  0.5951231E+21  0.1965500E+21
 -0.1201765E+23 -0.6943279E+21  0.7471460E+22  0.6694087E+21 -0.1366107E+22 -0.2404526E+21
  0.4571707E+20  0.9651638E+21 -0.3106094E+21  0.5094055E+22 -0.3278742E+22  0.5275831E+21
 -0.6466137E+21 -0.6997976E+22  0.2576590E+22 -0.1820116E+22  0.4596852E+22 -0.1290854E+22
  0.2286396E+22  0.1219391E+22 -0.2687247E+22  0.1625827E+21 -0.7165871E+21  0.7895937E+21
  0.1855254E+23 -0.7590470E+22 -0.1389100E+22  0.7763791E+21  0.2841637E+21  0.2600180E+20
  0.1783995E+22  0.2102702E+23 -0.6774974E+22 -0.4376086E+22  0.5714234E+21  0.2511338E+21
 -0.1430909E+23 -0.7870676E+21  0.9142329E+22  0.7598089E+21 -0.1621584E+22 -0.3222060E+21
  0.4288682E+20  0.1028515E+22 -0.3225264E+21  0.6166487E+22 -0.3867428E+22  0.6063827E+21
 -0.6879744E+21 -0.8428110E+22  0.3000728E+22 -0.2141344E+22  0.5633425E+22 -0.1555985E+22
  0.2759058E+22  0.1432346E+22 -0.3319039E+22  0.1858981E+21 -0.8615280E+21  0.9981686E+21
  0.2176612E+23 -0.8722386E+22 -0.1768047E+22  0.8738351E+21  0.3542567E+21  0.3590432E+20
  0.1874186E+22  0.2506792E+23 -0.7851572E+22 -0.5098002E+22  0.5245603E+21  0.3157973E+21
 -0.1702924E+23 -0.8751675E+21  0.1115183E+23  0.8590195E+21 -0.1921744E+22 -0.4248374E+21
  0.4034451E+20  0.1095412E+22 -0.3347552E+21  0.7435507E+22 -0.4544545E+22  0.6944008E+21
 -0.7331570E+21 -0.1013772E+23  0.3491996E+22 -0.2505784E+22  0.6879468E+22 -0.1868334E+22
  0.3330808E+22  0.1677116E+22 -0.4091892E+22  0.2111138E+21 -0.1030167E+22  0.1256720E+22
  0.2550370E+23 -0.1001090E+23 -0.2221515E+22  0.9823875E+21  0.4360027E+21  0.4837662E+20
  0.1965164E+22  0.2980000E+23 -0.9072368E+22 -0.5924353E+22  0.4491064E+21  0.3913995E+21
 -0.2024373E+23 -0.9549729E+21  0.1355353E+23  0.9672033E+21 -0.2272393E+22 -0.5518950E+21
  0.3785600E+20  0.1162966E+22 -0.3462341E+21  0.8931801E+22 -0.5318290E+22  0.7916715E+21
 -0.7799314E+21 -0.1216991E+23  0.4054868E+22 -0.2916392E+22  0.8367342E+22 -0.2232601E+22
  0.4017151E+22  0.1955849E+22 -0.5029186E+22  0.2380634E+21 -0.1224292E+22  0.1574046E+22
  0.2984774E+23 -0.1147540E+23 -0.2759712E+22  0.1102971E+22  0.5305057E+21  0.6379051E+20
  0.2054502E+22  0.3533265E+23 -0.1045220E+23 -0.6867997E+22  0.3393109E+21  0.4788124E+21
 -0.2402979E+23 -0.1023634E+22  0.1640935E+23  0.1084754E+22 -0.2679984E+22 -0.7072449E+21
  0.3535426E+20  0.1229614E+22 -0.3564579E+21  0.1069144E+23 -0.6198768E+22  0.8984930E+21
 -0.8270184E+21 -0.1457598E+23  0.4695707E+22 -0.3377283E+22  0.1013514E+23 -0.2654294E+22
  0.4836471E+22  0.2271505E+22 -0.6158232E+22  0.2667097E+21 -0.1446143E+22  0.1960304E+22
  0.3489234E+23 -0.1313603E+23 -0.3393379E+22  0.1236340E+22  0.6387580E+21  0.8250392E+20
  0.2149307E+22  0.4179405E+23 -0.1201412E+23 -0.7943325E+22  0.1898547E+21  0.5791213E+21
 -0.2848192E+23 -0.1082412E+22  0.1979444E+23  0.1212950E+22 -0.3151997E+22 -0.8951861E+21
  0.3309838E+20  0.1299681E+22 -0.3668053E+21  0.1275870E+23 -0.7201708E+22  0.1016259E+22
 -0.8772182E+21 -0.1742141E+23  0.5427781E+22 -0.3896521E+22  0.1223186E+23 -0.3141798E+22
  0.5812307E+22  0.2629953E+22 -0.7513639E+22  0.2975003E+21 -0.1699886E+22  0.2428243E+22
  0.4074608E+23 -0.1501464E+23 -0.4133723E+22  0.1383196E+22  0.7616234E+21  0.1048424E+21
  0.2257860E+22  0.4933390E+23 -0.1378441E+23 -0.9166239E+22 -0.4958974E+19  0.6934100E+21
 -0.3370639E+23 -0.1134787E+22  0.2379334E+23  0.1353302E+22 -0.3696237E+22 -0.1120198E+22
  0.3127866E+20  0.1378394E+22 -0.3787440E+21  0.1518583E+23 -0.8345281E+22  0.1146524E+22
 -0.9338850E+21 -0.2078082E+23  0.6265924E+22 -0.4484067E+22  0.1471383E+23 -0.3704402E+22
  0.6970735E+22  0.3038030E+22 -0.9134099E+22  0.3310134E+21 -0.1990440E+22  0.2992215E+22
  0.4753246E+23 -0.1713433E+23 -0.4992170E+22  0.1544130E+22  0.8997795E+21  0.1310776E+21
  0.2382669E+22  0.5812202E+23 -0.1578643E+23 -0.1055321E+23 -0.2519643E+21  0.8224263E+21
 -0.3981509E+23 -0.1183783E+22  0.2849464E+23  0.1506788E+22 -0.4319966E+22 -0.1386551E+22
  0.2985913E+20  0.1467511E+22 -0.3925287E+21  0.1803123E+23 -0.9645959E+22  0.1290047E+22
 -0.9979096E+21 -0.2473206E+23  0.7221043E+22 -0.5149000E+22  0.1763964E+23 -0.4349851E+22
  0.8337680E+22  0.3501328E+22 -0.1105845E+23  0.3675873E+21 -0.2321945E+22  0.3666766E+22
  0.5539448E+23 -0.1951986E+23 -0.5980756E+22  0.1719598E+22  0.1053747E+22  0.1614306E+21
  0.2527076E+22  0.6835544E+23 -0.1804582E+23 -0.1212197E+23 -0.5586408E+21  0.9668087E+21
 -0.4693520E+23 -0.1233988E+22  0.3399774E+23  0.1674415E+22 -0.5030603E+22 -0.1698532E+22
  0.2882106E+20  0.1569331E+22 -0.4085100E+21  0.2136284E+23 -0.1112185E+23  0.1447556E+22
 -0.1070583E+22 -0.2936385E+23  0.8304916E+22 -0.5901726E+22  0.2107564E+23 -0.5086261E+22
  0.9941933E+22  0.4026103E+22 -0.1332958E+23  0.4076045E+21 -0.2698985E+22  0.4467884E+22
  0.6449675E+23 -0.2219675E+23 -0.7112160E+22  0.1909770E+22  0.1223836E+22  0.1960673E+21
  0.2702370E+22  0.8026405E+23 -0.2059592E+23 -0.1389158E+23 -0.9326266E+21  0.1127357E+22
 -0.5521685E+23 -0.1294876E+22  0.4041948E+23  0.1857807E+22 -0.5836102E+22 -0.2060704E+22
  0.2830687E+20  0.1691246E+22 -0.4283560E+21  0.2526167E+23 -0.1279646E+23  0.1620533E+22
 -0.1156774E+22 -0.3478300E+23  0.9535486E+22 -0.6756799E+22  0.2510209E+23 -0.5924367E+22
  0.1181804E+23  0.4621498E+22 -0.1599874E+23  0.4518144E+21 -0.3128189E+22  0.5414594E+22
  0.7502811E+23 -0.2519140E+23 -0.8399498E+22  0.2114564E+22  0.1410106E+22  0.2350838E+21
  0.2925099E+22  0.9411542E+23 -0.2347621E+23 -0.1588252E+23 -0.1381969E+22  0.1304931E+22
 -0.6483226E+23 -0.1380685E+22  0.4789401E+23  0.2058997E+22 -0.6744669E+22 -0.2477762E+22
  0.2850999E+20  0.1844198E+22 -0.4544382E+21  0.2982344E+23 -0.1469790E+23  0.1810892E+22
 -0.1263798E+22 -0.4111411E+23  0.1093510E+23 -0.7732577E+22  0.2981333E+23 -0.6876930E+22
  0.1400549E+23  0.5299007E+22 -0.1912483E+23  0.5012226E+21 -0.3617959E+22  0.6528848E+22
  0.8720780E+23 -0.2853191E+23 -0.9856336E+22  0.2333707E+22  0.1612356E+22  0.2784939E+21
  0.3213086E+22  0.1102233E+24 -0.2672973E+23 -0.1811695E+23 -0.1915593E+22  0.1500253E+22
 -0.7597614E+23 -0.1509351E+22  0.5657284E+23  0.2280053E+22 -0.7764519E+22 -0.2954341E+22
  0.2959576E+20  0.2040218E+22 -0.4890704E+21  0.3516121E+23 -0.1685732E+23  0.2020475E+22
 -0.1399633E+22 -0.4849945E+23  0.1252758E+23 -0.8850211E+22  0.3531744E+23 -0.7957551E+22
  0.1654776E+23  0.6071435E+22 -0.2277311E+23  0.5569081E+21 -0.4177770E+22  0.7835118E+22
  0.1012851E+24 -0.3224626E+23 -0.1149613E+23  0.2566571E+22  0.1830018E+22  0.3262102E+21
  0.3585975E+22  0.1289490E+24 -0.3040198E+23 -0.2061770E+23 -0.2543261E+22  0.1713803E+22
 -0.8886525E+23 -0.1702818E+22  0.6662477E+23  0.2522915E+22 -0.8903452E+22 -0.3494834E+22
  0.3174016E+20  0.2292810E+22 -0.5345849E+21  0.4140637E+23 -0.1930837E+23  0.2250942E+22
 -0.1573127E+22 -0.5709945E+23  0.1433786E+23 -0.1013350E+23  0.4173686E+23 -0.9180365E+22
  0.1949209E+23  0.6952727E+22 -0.2701513E+23  0.6200005E+21 -0.4818078E+22  0.9360426E+22
  0.1175490E+24 -0.3636341E+23 -0.1333274E+23  0.2812227E+22  0.2062220E+22  0.3780592E+21
  0.4067748E+22  0.1507161E+24 -0.3454388E+23 -0.2340909E+23 -0.3275662E+22  0.1945950E+22
 -0.1037482E+24 -0.1988317E+22  0.7824369E+23  0.2789599E+22 -0.1016935E+23 -0.4103637E+22
  0.3519081E+20  0.2618629E+22 -0.5936991E+21  0.4871455E+23 -0.2208926E+23  0.2504053E+22
 -0.1795089E+22 -0.6710039E+23  0.1639434E+23 -0.1161037E+23  0.4921434E+23 -0.1056114E+23
  0.2289194E+23  0.7958989E+22 -0.3193231E+23  0.6917885E+21 -0.5551057E+22  0.1113571E+23
  0.1363318E+24 -0.4091198E+23 -0.1538012E+23  0.3069331E+22  0.2307720E+22  0.4337729E+21
  0.4687419E+22  0.1760179E+24 -0.3921146E+23 -0.2651625E+23 -0.4124472E+22  0.2196884E+22
 -0.1209087E+24 -0.2399024E+22  0.9165149E+23  0.3082062E+22 -0.1156993E+23 -0.4785080E+22
  0.4029122E+20  0.3038053E+22 -0.6695472E+21  0.5726911E+23 -0.2524272E+23  0.2781583E+22
 -0.2078567E+22 -0.7871756E+23  0.1872885E+23 -0.1331312E+23  0.5791574E+23 -0.1211725E+23
  0.2680758E+23  0.9108531E+22 -0.3761723E+23  0.7737115E+21 -0.6390687E+22  0.1319642E+23
  0.1580161E+24 -0.4592014E+23 -0.1765227E+23  0.3336147E+22  0.2564913E+22  0.4929922E+21
  0.5479038E+22  0.2054299E+24 -0.4446569E+23 -0.2996508E+23 -0.5102458E+22  0.2466579E+22
 -0.1406701E+24 -0.2974275E+22  0.1071026E+24  0.3402096E+22 -0.1311274E+23 -0.5543440E+22
  0.4749494E+20  0.3575333E+22 -0.7655942E+21  0.6728615E+23 -0.2881627E+23  0.3085247E+22
 -0.2438793E+22 -0.9219989E+23  0.2137666E+23 -0.1527871E+23  0.6803395E+23 -0.1386770E+23
  0.3130708E+23  0.1042186E+23 -0.4417541E+23  0.8673370E+21 -0.7352808E+22  0.1558327E+23
  0.1830412E+24 -0.5141416E+23 -0.2016276E+23  0.3610411E+22  0.2831743E+22  0.5552533E+21
  0.6482828E+22  0.2396220E+24 -0.5037234E+23 -0.3378139E+23 -0.6223474E+22  0.2754697E+22
 -0.1634016E+24 -0.3760601E+22  0.1248885E+24  0.3751183E+22 -0.1480484E+23 -0.6382823E+22
  0.5740108E+20  0.4259506E+22 -0.8857035E+21  0.7902025E+23 -0.3286227E+23  0.3416620E+22
 -0.2893623E+22 -0.1078351E+24  0.2437666E+23 -0.1754927E+23  0.7979324E+23 -0.1583308E+23
  0.3646733E+23  0.1192180E+23 -0.5172722E+23  0.9743610E+21 -0.8455263E+22  0.1834317E+23
  0.2119171E+24 -0.5741978E+23 -0.2292524E+23  0.3889529E+22  0.3105842E+22  0.6200142E+21
  0.7745542E+22  0.2793814E+24 -0.5700355E+23 -0.3799191E+23 -0.7502620E+22  0.3060666E+22
 -0.1895289E+24 -0.4812039E+22  0.1453482E+24  0.4130535E+22 -0.1665333E+23 -0.7307389E+22
  0.7077463E+20  0.5124853E+22 -0.1034080E+22  0.9277379E+23 -0.3743931E+23  0.3777203E+22
 -0.3463627E+22 -0.1259593E+24  0.2777220E+23 -0.2017300E+23  0.9345739E+23 -0.1803626E+23
  0.4237646E+23  0.1363390E+23 -0.6041207E+23  0.1096619E+22 -0.9718276E+22  0.2153093E+23
  0.2452236E+24 -0.6395732E+23 -0.2595155E+23  0.4170213E+22  0.3384241E+22  0.6866007E+21
  0.9321310E+22  0.3256180E+24 -0.6443428E+23 -0.4262109E+23 -0.8955779E+22  0.3383380E+22
 -0.2195321E+24 -0.6191158E+22  0.1688669E+24  0.4540675E+22 -0.1866399E+23 -0.8320762E+22
  0.8857918E+20  0.6211711E+22 -0.1215247E+22  0.1089008E+24 -0.4261025E+23  0.4168092E+22
 -0.4172369E+22 -0.1469577E+24  0.3160971E+23 -0.2320367E+23  0.1093311E+24 -0.2050122E+23
  0.4913307E+23  0.1558577E+23 -0.7038789E+23  0.1236012E+22 -0.1116406E+23  0.2520937E+23
  0.2836314E+24 -0.7104459E+23 -0.2925275E+23  0.4448850E+22  0.3663645E+22  0.7542566E+21
  0.1127151E+23  0.3793979E+24 -0.7274481E+23 -0.4769300E+23 -0.1059984E+23  0.3721349E+22
 -0.2539638E+24 -0.7968928E+22  0.1958912E+24  0.4981541E+22 -0.2084224E+23 -0.9426404E+22
  0.1119823E+21  0.7566682E+22 -0.1433889E+22  0.1278208E+24 -0.4844417E+23  0.4590095E+22
 -0.5046257E+22 -0.1712789E+24  0.3593978E+23 -0.2670180E+23  0.1277720E+24 -0.2325398E+23
  0.5684984E+23  0.1780756E+23 -0.8183726E+23  0.1394503E+22 -0.1281729E+23  0.2945188E+23
  0.3279105E+24 -0.7869315E+23 -0.3283768E+23  0.4721268E+22  0.3940253E+22  0.8221095E+21
  0.1366594E+23  0.4419636E+24 -0.8201848E+23 -0.5322879E+23 -0.1245228E+23  0.4072494E+22
 -0.2934538E+24 -0.1022582E+23  0.2269352E+24  0.5452174E+22 -0.2319214E+23 -0.1062717E+23
  0.1423848E+21  0.9243770E+22 -0.1694835E+22  0.1500288E+24 -0.5501522E+23  0.5043490E+22
 -0.6114966E+22 -0.1994418E+24  0.4081650E+23 -0.3073460E+23  0.1491974E+24 -0.2632198E+23
  0.6565447E+23  0.2033165E+23 -0.9496971E+23  0.1574058E+22 -0.1470494E+23  0.3434361E+23
  0.3789447E+24 -0.8690825E+23 -0.3671276E+23  0.4982946E+22  0.4209904E+22  0.8891973E+21
  0.1658237E+23  0.5147620E+24 -0.9234110E+23 -0.5924653E+23 -0.1453081E+23  0.4434164E+22
 -0.3387216E+24 -0.1305120E+23  0.2625916E+24  0.5950630E+22 -0.2571650E+23 -0.1192533E+23
  0.1814084E+21  0.1130443E+23 -0.2002818E+22  0.1761083E+24 -0.6240258E+23  0.5527967E+22
 -0.7411118E+22 -0.2320465E+24  0.4629719E+23 -0.3537608E+23  0.1740944E+24 -0.2973405E+23
  0.7569200E+23  0.2319236E+23 -0.1100262E+24  0.1776559E+22 -0.1685626E+23  0.3998367E+23
  0.4377465E+24 -0.9568590E+23 -0.4088074E+23  0.5228935E+22  0.4468009E+22  0.9544538E+21
  0.2010729E+23  0.5994749E+24 -0.1037990E+24 -0.6575904E+23 -0.1685286E+23  0.4803005E+22
 -0.3905865E+24 -0.1654388E+23  0.3035422E+24  0.6473746E+22 -0.2841610E+23 -0.1332214E+23
  0.2309003E+21  0.1381850E+23 -0.2362369E+22  0.2067463E+24 -0.7068942E+23  0.6042425E+22
 -0.8970531E+22 -0.2697865E+24  0.5244184E+23 -0.4070688E+23  0.2030310E+24 -0.3351985E+23
  0.8712682E+23  0.2642561E+23 -0.1272836E+24  0.2003725E+22 -0.1930259E+23  0.4648716E+23
  0.5054887E+24 -0.1050152E+24 -0.4534157E+23  0.5454227E+22  0.4709854E+22  0.1016768E+22
  0.2433564E+23  0.6980753E+24 -0.1164807E+24 -0.7277512E+23 -0.1943546E+23  0.5175124E+22
 -0.4499948E+24 -0.2081150E+23  0.3505822E+24  0.7017241E+22 -0.3129054E+23 -0.1481820E+23
  0.2928965E+21  0.1686450E+23 -0.2777583E+22  0.2427575E+24 -0.7996431E+23  0.6585060E+22
 -0.1083200E+23 -0.3134706E+24  0.5931398E+23 -0.4681512E+23  0.2366765E+24 -0.3771070E+23
  0.1001483E+24  0.3006918E+23 -0.1470640E+24  0.2257042E+22 -0.2207773E+23  0.5398951E+23
  0.5835005E+24 -0.1148706E+24 -0.5008885E+23  0.5653486E+22  0.4930360E+22  0.1074932E+22
  0.2936972E+23  0.8128347E+24 -0.1304687E+24 -0.8029374E+23 -0.2229351E+23  0.5545743E+22
 -0.5180129E+24 -0.2596918E+23  0.4046180E+24  0.7575189E+22 -0.3433583E+23 -0.1641232E+23
  0.3695713E+21  0.2052923E+23 -0.3251760E+22  0.2850933E+24 -0.9031561E+23  0.7152841E+22
 -0.1303674E+23 -0.3640243E+24  0.6697682E+23 -0.5379338E+23  0.2758047E+24 -0.4233687E+23
  0.1149688E+24  0.3416058E+23 -0.1697342E+24  0.2537526E+22 -0.2521650E+23  0.6264681E+23
  0.6733175E+24 -0.1252166E+24 -0.5511178E+23  0.5821617E+22  0.5124557E+22  0.1127740E+22
  0.3531867E+23  0.9464088E+24 -0.1458431E+24 -0.8830698E+23 -0.2543992E+23  0.5909554E+22
 -0.5958709E+24 -0.3213838E+23  0.4667050E+24  0.8140380E+22 -0.3754607E+23 -0.1810214E+23
  0.4631577E+21  0.2490793E+23 -0.3787169E+22  0.3348779E+24 -0.1018341E+24  0.7741772E+22
 -0.1562812E+23 -0.4225245E+24  0.7549519E+23 -0.6173993E+23  0.3213256E+24 -0.4742917E+23
  0.1318331E+24  0.3873781E+23 -0.1957211E+24  0.2845678E+22 -0.2875532E+23  0.7264248E+23
  0.7766989E+24 -0.1360035E+24 -0.6039306E+23  0.5953710E+22  0.5287550E+22  0.1173982E+22
  0.4229715E+23  0.1101878E+25 -0.1626759E+24 -0.9679614E+23 -0.2888414E+23  0.6260587E+22
 -0.6849739E+24 -0.3944497E+23  0.5380621E+24  0.8704098E+22 -0.4091191E+23 -0.1988346E+23
  0.5758502E+21  0.3010364E+23 -0.4384693E+22  0.3934308E+24 -0.1146090E+24  0.8346585E+22
 -0.1865102E+23 -0.4902151E+24  0.8493282E+23 -0.7075614E+23  0.3743009E+24 -0.5301706E+23
  0.1510203E+24  0.4383769E+23 -0.2255168E+24  0.3181265E+22 -0.3273114E+23  0.8419039E+23
  0.8956619E+24 -0.1471681E+24 -0.6590872E+23  0.6045378E+22  0.5414802E+22  0.1212500E+22
  0.5042247E+23  0.1282815E+25 -0.1810287E+24 -0.1057314E+24 -0.3263122E+23  0.6592383E+22
 -0.7869319E+24 -0.4801577E+23  0.6200990E+24  0.9256279E+22 -0.4442078E+23 -0.2175018E+23
  0.7096500E+21  0.3622548E+23 -0.5043404E+22  0.4623002E+24 -0.1287252E+24  0.8960728E+22
 -0.2215069E+23 -0.5685341E+24  0.9535090E+23 -0.8094439E+23  0.4359712E+24 -0.5912808E+23
  0.1728504E+24  0.4949483E+23 -0.2596912E+24  0.3543149E+22 -0.3718064E+23  0.9754034E+23
  0.1032514E+25 -0.1586311E+24 -0.7162699E+23  0.6092849E+22  0.5502232E+22  0.1242217E+22
  0.5981222E+23  0.1493352E+25 -0.2009475E+24 -0.1150691E+24 -0.3668036E+23  0.6898050E+22
 -0.9035854E+24 -0.5797527E+23  0.7144433E+24  0.9785580E+22 -0.4805592E+23 -0.2369388E+23
  0.8662115E+21  0.4338707E+23 -0.5760227E+22  0.5432962E+24 -0.1442600E+24  0.9576246E+22
 -0.2617178E+23 -0.6591397E+24  0.1068056E+24 -0.9240484E+23  0.5077819E+24 -0.6578625E+23
  0.1976890E+24  0.5574008E+23 -0.2989019E+24  0.3929097E+22 -0.4213896E+23  0.1129835E+24
  0.1189929E+25 -0.1703029E+24 -0.7751051E+23  0.6093448E+22  0.5546661E+22  0.1262235E+22
  0.7058179E+23  0.1738313E+25 -0.2224658E+24 -0.1247553E+24 -0.4102510E+23  0.7170703E+22
 -0.1037071E+25 -0.6944243E+23  0.8229984E+24  0.1027999E+23 -0.5179802E+23 -0.2570446E+23
  0.1046657E+22  0.5170464E+23 -0.6529709E+22  0.6385499E+24 -0.1612832E+24  0.1018412E+23
 -0.3075742E+23 -0.7639660E+24  0.1193489E+24 -0.1052346E+24  0.5914337E+24 -0.7301299E+23
  0.2259621E+24  0.6260067E+23 -0.3439191E+24  0.4335731E+22 -0.4763977E+23  0.1308630E+24
  0.1370935E+25 -0.1820746E+24 -0.8351172E+23  0.6045357E+22  0.5545618E+22  0.1271797E+22
  0.8283711E+23  0.2023218E+25 -0.2455877E+24 -0.1347176E+24 -0.4564981E+23  0.7403250E+22
 -0.1189809E+25 -0.8252256E+23  0.9479412E+24  0.1072658E+23 -0.5562188E+23 -0.2776856E+23
  0.1251333E+22  0.6129144E+23 -0.7343446E+22  0.7505277E+24 -0.1798443E+24  0.1077375E+23
 -0.3594638E+23 -0.8852233E+24  0.1330199E+24 -0.1195181E+24  0.6888909E+24 -0.8082168E+23
  0.2581530E+24  0.7009532E+23 -0.3956244E+24  0.4758179E+22 -0.5371120E+23  0.1515755E+24
  0.1579034E+25 -0.1938290E+24 -0.8957772E+23  0.5948205E+22  0.5497906E+22  0.1270424E+22
  0.9667240E+23  0.2354484E+25 -0.2702964E+24 -0.1448725E+24 -0.5053122E+23  0.7589106E+22
 -0.1364608E+25 -0.9730439E+23  0.1091813E+25  0.1111260E+23 -0.5949956E+23 -0.2987106E+23
  0.1479632E+22  0.7225533E+23 -0.8190174E+22  0.8821168E+24 -0.1999767E+24  0.1133372E+23
 -0.4177236E+23 -0.1025484E+25  0.1478477E+24 -0.1353274E+24  0.8024566E+24 -0.8922009E+23
  0.2948251E+24  0.7823572E+23 -0.4550495E+24  0.5190218E+22 -0.6037667E+23  0.1755871E+24
  0.1818238E+25 -0.2054373E+24 -0.9564852E+23  0.5802934E+22  0.5403519E+22  0.1257899E+22
  0.1121635E+24  0.2739507E+25 -0.2965439E+24 -0.1551223E+24 -0.5563650E+23  0.7722258E+22
 -0.1564701E+25 -0.1138528E+24  0.1257553E+25  0.1142571E+23 -0.6339889E+23 -0.3199432E+23
  0.1729785E+22  0.8469279E+23 -0.9055604E+22  0.1036671E+25 -0.2216878E+24  0.1185176E+23
 -0.4826162E+23 -0.1187718E+25  0.1638459E+24 -0.1527143E+24  0.9348103E+24 -0.9820678E+23
  0.3366291E+24  0.8702320E+23 -0.5233906E+24  0.5624170E+22 -0.6765178E+23  0.2034417E+24
  0.2093158E+25 -0.2167641E+24 -0.1016589E+24  0.5611937E+22  0.5263816E+22  0.1234322E+22
  0.1293610E+24  0.3186816E+25 -0.3242489E+24 -0.1653576E+24 -0.6092337E+23  0.7797652E+22
 -0.1793813E+25 -0.1322018E+24  0.1448568E+25  0.1165467E+23 -0.6728435E+23 -0.3411867E+23
  0.1998687E+22  0.9868253E+23 -0.9922519E+22  0.1218080E+25 -0.2449556E+24  0.1231513E+23
 -0.5543048E+23 -0.1375358E+25  0.1810088E+24 -0.1717044E+24  0.1089070E+25 -0.1077699E+24
  0.3843195E+24  0.9644723E+23 -0.6020381E+24  0.6051000E+22 -0.7554250E+23  0.2357738E+24
  0.2409073E+25 -0.2276687E+24 -0.1075387E+24  0.5378938E+22  0.5081457E+22  0.1200107E+22
  0.1482840E+24  0.3706207E+25 -0.3532909E+24 -0.1754580E+24 -0.6633974E+23  0.7811416E+22
 -0.2056236E+25 -0.1523477E+24  0.1668795E+25  0.1178992E+23 -0.7111692E+23 -0.3622238E+23
  0.2281805E+22  0.1142784E+24 -0.1077108E+23  0.1430836E+25 -0.2697210E+24  0.1271100E+23
 -0.6328304E+23 -0.1592364E+25  0.1993079E+24 -0.1922903E+24  0.1268849E+25 -0.1178845E+24
  0.4387692E+24  0.1064831E+24 -0.6926041E+24  0.6460481E+22 -0.8404258E+23  0.2733216E+24
  0.2772113E+25 -0.2380162E+24 -0.1132186E+24  0.5109075E+22  0.4860526E+22  0.1156017E+22
  0.1689168E+24  0.4309050E+25 -0.3835190E+24 -0.1853009E+24 -0.7182658E+23  0.7761395E+22
 -0.2356982E+25 -0.1742474E+24  0.1922834E+25  0.1182450E+23 -0.7485724E+23 -0.3828328E+23
  0.2573209E+22  0.1315055E+24 -0.1157964E+23  0.1680168E+25 -0.2958925E+24  0.1302733E+23
 -0.7181056E+23 -0.1843354E+25  0.2186935E+24 -0.2144313E+24  0.1478379E+25 -0.1285152E+24
  0.5010045E+24  0.1170934E+24 -0.7969805E+24  0.6841691E+22 -0.9313408E+23  0.3169523E+24
  0.3189231E+25 -0.2476688E+24 -0.1186249E+24  0.4808357E+22  0.4606076E+22  0.1103076E+22
  0.1911953E+24  0.5008271E+25 -0.4147289E+24 -0.1947540E+24 -0.7731509E+23  0.7646885E+22
 -0.2701764E+25 -0.1978041E+24  0.2215948E+25  0.1175393E+23 -0.7846213E+23 -0.4027712E+23
  0.2865554E+22  0.1503462E+24 -0.1232498E+23  0.1972042E+25 -0.3233254E+24  0.1325267E+23
 -0.8098578E+23 -0.2133602E+25  0.2390804E+24 -0.2380362E+24  0.1722510E+25 -0.1396070E+24
  0.5722014E+24  0.1282210E+24 -0.9173394E+24  0.7183063E+22 -0.1027804E+24  0.3676641E+24
  0.3668486E+25 -0.2565038E+24 -0.1236892E+24  0.4483743E+22  0.4324228E+22  0.1042597E+22
  0.2150094E+24  0.5818811E+25 -0.4466839E+24 -0.2036910E+24 -0.8273269E+23  0.7469245E+22
 -0.3097249E+25 -0.2228722E+24  0.2554266E+25  0.1157727E+23 -0.8189014E+23 -0.4218044E+23
  0.3150416E+22  0.1707401E+24 -0.1298382E+23  0.2313359E+25 -0.3518357E+24  0.1337756E+23
 -0.9076463E+23 -0.2469246E+25  0.2603566E+24 -0.2629706E+24  0.2006890E+25 -0.1510919E+24
  0.6537404E+24  0.1397940E+24 -0.1056223E+25  0.7473284E+22 -0.1129298E+24  0.4266244E+24
  0.4219131E+25 -0.2644111E+24 -0.1283471E+24  0.4142632E+22  0.4021728E+22  0.9760880E+21
  0.2401956E+24  0.6757801E+25 -0.4791058E+24 -0.2119901E+24 -0.8800334E+23  0.7231694E+22
 -0.3551133E+25 -0.2492510E+24  0.2944865E+25  0.1129697E+23 -0.8510058E+23 -0.4397024E+23
  0.3418592E+22  0.1925755E+24 -0.1353378E+23  0.2712031E+25 -0.3811912E+24  0.1339464E+23
 -0.1010832E+24 -0.2857363E+25  0.2823763E+24 -0.2890488E+24  0.2338038E+25 -0.1628845E+24
  0.7472244E+24  0.1517223E+24 -0.1216578E+25  0.7701721E+22 -0.1235117E+24  0.4951864E+24
  0.4851811E+25 -0.2712995E+24 -0.1325416E+24  0.3792576E+22  0.3705675E+22  0.9051912E+21
  0.2665362E+24  0.7844890E+25 -0.5116800E+24 -0.2195404E+24 -0.9305091E+23  0.6939299E+22
 -0.4072326E+25 -0.2766858E+24  0.3395918E+25  0.1091901E+23 -0.8805550E+23 -0.4562501E+23
  0.3660568E+22  0.2156858E+24 -0.1395467E+23  0.3177127E+25 -0.4111144E+24  0.1329936E+23
 -0.1118574E+24 -0.3306125E+25  0.3049594E+24 -0.3160337E+24  0.2723472E+25 -0.1748833E+24
  0.8545179E+24  0.1638992E+24 -0.1401824E+25  0.7859091E+22 -0.1344370E+24  0.5749176E+24
  0.5578738E+25 -0.2770980E+24 -0.1362242E+24  0.3440891E+22  0.3383155E+22  0.8315970E+21
  0.2937577E+24  0.9102550E+25 -0.5440574E+24 -0.2262448E+24 -0.9780156E+23  0.6598736E+22
 -0.4671098E+25 -0.3048691E+24  0.3916834E+25  0.1045255E+23 -0.9072037E+23 -0.4712525E+23
  0.3867075E+22  0.2398470E+24 -0.1422970E+23  0.3719000E+25 -0.4412832E+24  0.1309027E+23
 -0.1229822E+24 -0.3824935E+25  0.3278913E+24 -0.3436370E+24  0.3171836E+25 -0.1869698E+24
  0.9777819E+24  0.1762008E+24 -0.1615914E+25  0.7938050E+22 -0.1455976E+24  0.6676278E+24
  0.6414108E+25 -0.2817663E+24 -0.1393613E+24  0.3094439E+22  0.3061012E+22  0.7569867E+21
  0.3215440E+24  0.1055678E+26 -0.5758777E+24 -0.2320303E+24 -0.1021898E+24  0.6218188E+22
 -0.5359449E+25 -0.3334553E+24  0.4518564E+25  0.9909831E+22 -0.9306809E+23 -0.4845560E+23
  0.4029809E+22  0.2647867E+24 -0.1434703E+23  0.4349584E+25 -0.4713501E+24  0.1276966E+23
 -0.1343366E+24 -0.4424735E+25  0.3509343E+24 -0.3715345E+24  0.3693155E+25 -0.1990167E+24
  0.1119551E+25  0.1884939E+24 -0.1863468E+25  0.7933971E+22 -0.1568719E+24  0.7754249E+24
  0.7374036E+25 -0.2852797E+24 -0.1419267E+24  0.2759158E+22  0.2745364E+22  0.6829096E+21
  0.3495251E+24  0.1223702E+26 -0.6067454E+24 -0.2368380E+24 -0.1061554E+24  0.5806590E+22
 -0.6151059E+25 -0.3620518E+24  0.5213570E+25  0.9304914E+22 -0.9507462E+23 -0.4960267E+23
  0.4141823E+22  0.2901742E+24 -0.1429998E+23  0.5082368E+25 -0.5009249E+24  0.1234296E+23
 -0.1457784E+24 -0.5117983E+25  0.3738130E+24 -0.3993532E+24  0.4298821E+25 -0.2108789E+24
  0.1282728E+25  0.2006279E+24 -0.2149764E+25  0.7844913E+22 -0.1681193E+24  0.9007141E+24
