  0.1068043E+18 -0.1692466E+18  0.4772117E+17  0.6704878E+17 -0.3781047E+17  0.5330566E+16
  0.1873285E+18 -0.1210072E+18 -0.3990596E+17 -0.2172308E+17  0.7090208E+17 -0.1826468E+17
 -0.2541587E+18  0.2791444E+18 -0.1273755E+17 -0.6161810E+17 -0.1752195E+17  0.9839344E+16
  0.8214078E+17  0.2404393E+17 -0.7169762E+17  0.1759511E+16 -0.1049352E+17  0.1564554E+17
 -0.2228897E+18  0.3557954E+17  0.1359002E+18  0.9981800E+16 -0.2411220E+17 -0.1685679E+17
  0.1512033E+18 -0.9253232E+17 -0.5240347E+17  0.1415682E+17  0.1603476E+17  0.4540451E+16
  0.1134817E+18 -0.1773046E+18  0.4997159E+17  0.6925548E+17 -0.3903798E+17  0.5501241E+16
  0.1983547E+18 -0.1259464E+18 -0.4083200E+17 -0.2266192E+17  0.7240241E+17 -0.1860580E+17
 -0.2664669E+18  0.2881524E+18 -0.1337536E+17 -0.6248654E+17 -0.1777254E+17  0.9972575E+16
  0.8667605E+17  0.2535241E+17 -0.7385289E+17  0.1853870E+16 -0.1080084E+17  0.1573171E+17
 -0.2328788E+18  0.3584704E+17  0.1387976E+18  0.1022349E+17 -0.2399238E+17 -0.1686417E+17
  0.1564231E+18 -0.9390955E+17 -0.5317743E+17  0.1409479E+17  0.1596270E+17  0.4519537E+16
  0.1300380E+18 -0.2001531E+18  0.5633599E+17  0.7701841E+17 -0.4335589E+17  0.6101571E+16
  0.2261131E+18 -0.1407436E+18 -0.4514601E+17 -0.2560588E+17  0.7964540E+17 -0.2038880E+17
 -0.3008908E+18  0.3200237E+18 -0.1495280E+17 -0.6807814E+17 -0.1949075E+17  0.1087926E+17
  0.9829267E+17  0.2892697E+17 -0.8183353E+17  0.2128261E+16 -0.1204157E+17  0.1703262E+17
 -0.2615980E+18  0.3841450E+17  0.1525622E+18  0.1131678E+17 -0.2558956E+17 -0.1817687E+17
  0.1740555E+18 -0.1023421E+18 -0.5810617E+17  0.1504391E+17  0.1708279E+17  0.4849499E+16
  0.1497761E+18 -0.2269615E+18  0.6374658E+17  0.8598085E+17 -0.4829881E+17  0.6782834E+16
  0.2585522E+18 -0.1572634E+18 -0.5033181E+17 -0.2927150E+17  0.8804443E+17 -0.2241984E+17
 -0.3410147E+18  0.3563778E+18 -0.1657111E+17 -0.7425271E+17 -0.2157335E+17  0.1191693E+17
  0.1115819E+18  0.3334579E+17 -0.9093348E+17  0.2491313E+16 -0.1358755E+17  0.1852652E+17
 -0.2943396E+18  0.4060682E+17  0.1682701E+18  0.1263937E+17 -0.2724513E+17 -0.1969498E+17
  0.1941081E+18 -0.1115664E+18 -0.6375004E+17  0.1603108E+17  0.1832061E+17  0.5234283E+16
  0.1734955E+18 -0.2586414E+18  0.7243237E+17  0.9639351E+17 -0.5398989E+17  0.7559918E+16
  0.2967490E+18 -0.1758147E+18 -0.5659536E+17 -0.3382330E+17  0.9782995E+17 -0.2474454E+17
 -0.3881313E+18  0.3981287E+18 -0.1821792E+17 -0.8111416E+17 -0.2409578E+17  0.1310960E+17
  0.1268908E+18  0.3880674E+17 -0.1013762E+18  0.2967045E+16 -0.1550183E+17  0.2024797E+17
 -0.3319324E+18  0.4230824E+17  0.1863033E+18  0.1423098E+17 -0.2896324E+17 -0.2145467E+17
  0.2170746E+18 -0.1217243E+18 -0.7024826E+17  0.1706419E+17  0.1969581E+17  0.5683319E+16
  0.2022020E+18 -0.2963218E+18  0.8267439E+17  0.1085629E+18 -0.6057857E+17  0.8450773E+16
  0.3420000E+18 -0.1967180E+18 -0.6419998E+17 -0.3947838E+17  0.1092868E+18 -0.2741818E+17
 -0.4438053E+18  0.4463513E+18 -0.1986872E+17 -0.8877756E+17 -0.2715308E+17  0.1448640E+17
  0.1446128E+18  0.4556400E+17 -0.1134211E+18  0.3589030E+16 -0.1786812E+17  0.2223928E+17
 -0.3753211E+18  0.4333537E+17  0.2071099E+18  0.1614176E+17 -0.3074056E+17 -0.2350026E+17
  0.2435226E+18 -0.1329634E+18 -0.7776461E+17  0.1814951E+17  0.2122974E+17  0.6208185E+16
  0.2371788E+18 -0.3414181E+18  0.9482126E+17  0.1228675E+18 -0.6824743E+17  0.9477100E+16
  0.3958906E+18 -0.2203039E+18 -0.7348587E+17 -0.4652283E+17  0.1227701E+18 -0.3050823E+17
 -0.5099600E+18  0.5023274E+18 -0.2148078E+17 -0.9737086E+17 -0.3086631E+17  0.1608290E+17
  0.1652016E+18  0.5394544E+17 -0.1273756E+18  0.4403877E+16 -0.2079681E+17  0.2455265E+17
 -0.4256036E+18  0.4341722E+17  0.2312250E+18  0.1843436E+17 -0.3256372E+17 -0.2588666E+17
  0.2741172E+18 -0.1454382E+18 -0.8649578E+17  0.1929128E+17  0.2294601E+17  0.6823285E+16
  0.2800032E+18 -0.3956420E+18  0.1092901E+18  0.1397597E+18 -0.7721296E+17  0.1066445E+17
  0.4602121E+18 -0.2467876E+18 -0.8490032E+17 -0.5535410E+17  0.1387259E+18 -0.3409708E+17
 -0.5888107E+18  0.5674553E+18 -0.2297062E+17 -0.1070080E+18 -0.3539648E+17  0.1794305E+17
  0.1891007E+18  0.6438807E+17 -0.1435802E+18  0.5480973E+16 -0.2444425E+17  0.2725436E+17
 -0.4838835E+18  0.4209188E+17  0.2592581E+18  0.2119114E+17 -0.3439112E+17 -0.2868435E+17
  0.3095483E+18 -0.1592538E+18 -0.9666991E+17  0.2048288E+17  0.2486695E+17  0.7547346E+16
  0.3324341E+18 -0.4608867E+18  0.1265377E+18  0.1597434E+18 -0.8771594E+17  0.1204132E+17
  0.5365621E+18 -0.2759197E+18 -0.9904458E+17 -0.6656472E+17  0.1577218E+18 -0.3828534E+17
 -0.6824871E+18  0.6429189E+18 -0.2416481E+17 -0.1177183E+18 -0.4096947E+17  0.2012179E+17
  0.2165082E+18  0.7749433E+17 -0.1623426E+18  0.6934344E+16 -0.2905348E+17  0.3043202E+17
 -0.5507809E+18  0.3847719E+17  0.2918170E+18  0.2452649E+17 -0.3611071E+17 -0.3198857E+17
  0.3502865E+18 -0.1743189E+18 -0.1085278E+18  0.2168729E+17  0.2700425E+17  0.8406185E+16
  0.3971863E+18 -0.5400423E+18  0.1472472E+18  0.1835698E+18 -0.1001038E+18  0.1364708E+17
  0.6277885E+18 -0.3079412E+18 -0.1166779E+18 -0.8079935E+17  0.1804638E+18 -0.4319817E+17
 -0.7946231E+18  0.7310100E+18 -0.2491209E+17 -0.1297108E+18 -0.4783248E+17  0.2268498E+17
  0.2480690E+18  0.9392765E+17 -0.1841755E+18  0.8891078E+16 -0.3486765E+17  0.3418464E+17
 -0.6279865E+18  0.3189732E+17  0.3298375E+18  0.2854648E+17 -0.3766427E+17 -0.3590329E+17
  0.3974369E+18 -0.1908576E+18 -0.1224201E+18  0.2291346E+17  0.2939436E+17  0.9427083E+16
  0.4781494E+18 -0.6371622E+18  0.1723566E+18  0.2122641E+18 -0.1148377E+18  0.1553218E+17
  0.7380992E+18 -0.3434521E+18 -0.1387857E+18 -0.9882805E+17  0.2078388E+18 -0.4899015E+17
 -0.9305085E+18  0.8351119E+18 -0.2504268E+17 -0.1433389E+18 -0.5628111E+17  0.2571307E+17
  0.2848432E+18  0.1144840E+18 -0.2097952E+18  0.1150334E+17 -0.4216039E+17  0.3863004E+17
 -0.7181935E+18  0.2171810E+17  0.3745986E+18  0.3336858E+17 -0.3902046E+17 -0.4055088E+17
  0.4527069E+18 -0.2093313E+18 -0.1388182E+18  0.2419866E+17  0.3209471E+17  0.1064181E+17
  0.5796739E+18 -0.7566925E+18  0.2028719E+18  0.2469421E+18 -0.1324121E+18  0.1775006E+17
  0.8712361E+18 -0.3819757E+18 -0.1666990E+18 -0.1218371E+18  0.2409735E+18 -0.5584823E+17
 -0.1095237E+19  0.9580857E+18 -0.2416923E+17 -0.1587583E+18 -0.6675118E+17  0.2930768E+17
  0.3273618E+18  0.1402801E+18 -0.2398410E+18  0.1502810E+17 -0.5138798E+17  0.4392977E+17
 -0.8230576E+18  0.6443061E+16  0.4273681E+18  0.3916435E+17 -0.3999338E+17 -0.4610637E+17
  0.5173357E+18 -0.2297868E+18 -0.1582223E+18  0.2551630E+17  0.3513908E+17  0.1209771E+17
  0.7073325E+18 -0.9042441E+18  0.2400390E+18  0.2889933E+18 -0.1534313E+18  0.2036479E+17
  0.1031666E+19 -0.4226220E+18 -0.2021462E+18 -0.1513683E+18  0.2812845E+18 -0.6400264E+17
 -0.1295063E+19  0.1103340E+19 -0.2175434E+17 -0.1761265E+18 -0.7980008E+17  0.3359487E+17
  0.3761788E+18  0.1726984E+18 -0.2750775E+18  0.1982084E+17 -0.6314208E+17  0.5028700E+17
 -0.9444441E+18 -0.1584511E+17  0.4896959E+18  0.4612557E+17 -0.4032659E+17 -0.5279112E+17
  0.5927863E+18 -0.2522492E+18 -0.1812517E+18  0.2683499E+17  0.3856414E+17  0.1385498E+17
  0.8691629E+18 -0.1087783E+19  0.2856033E+18  0.3403483E+18 -0.1787205E+18  0.2346201E+17
  0.1226318E+19 -0.4649004E+18 -0.2473613E+18 -0.1892856E+18  0.3305680E+18 -0.7374394E+17
 -0.1539381E+19  0.1276256E+19 -0.1718097E+17 -0.1958431E+18 -0.9609569E+17  0.3873094E+17
  0.4325590E+18  0.2133921E+18 -0.3166405E+18  0.2631791E+17 -0.7810331E+17  0.5794653E+17
 -0.1085971E+19 -0.4708333E+17  0.5637767E+18  0.5445933E+17 -0.3978859E+17 -0.6086801E+17
  0.6816021E+18 -0.2771482E+18 -0.2087569E+18  0.2817301E+17  0.4244162E+17  0.1598420E+17
  0.1075674E+19 -0.1317579E+19  0.3417716E+18  0.4034712E+18 -0.2093158E+18  0.2714760E+17
  0.1463554E+19 -0.5075943E+18 -0.3053016E+18 -0.2380874E+18  0.3911351E+18 -0.8543825E+17
 -0.1839898E+19  0.1483353E+19 -0.9576974E+16 -0.2183483E+18 -0.1165097E+18  0.4491347E+17
  0.4978254E+18  0.2644652E+18 -0.3658686E+18  0.3512369E+17 -0.9718219E+17  0.6722229E+17
 -0.1251676E+19 -0.8993156E+17  0.6522806E+18  0.6442338E+17 -0.3803805E+17 -0.7067529E+17
  0.7867685E+18 -0.3049067E+18 -0.2417878E+18  0.2954112E+17  0.4685160E+17  0.1857641E+17
  0.1340336E+19 -0.1606638E+19  0.4112777E+18  0.4814627E+18 -0.2464959E+18  0.3154981E+17
  0.1752914E+19 -0.5481136E+18 -0.3798919E+18 -0.3011577E+18  0.4659632E+18 -0.9954569E+17
 -0.2210723E+19  0.1732189E+19  0.2316156E+16 -0.2440583E+18 -0.1421952E+18  0.5239298E+17
  0.5731226E+18  0.3285765E+18 -0.4242754E+18  0.4709398E+17 -0.1216205E+18  0.7852142E+17
 -0.1445610E+19 -0.1481124E+18  0.7583886E+18  0.7632996E+17 -0.3454988E+17 -0.8265493E+17
  0.9115806E+18 -0.3358225E+18 -0.2816257E+18  0.3092891E+17  0.5187487E+17  0.2175151E+17
  0.1681343E+19 -0.1972288E+19  0.4976766E+18  0.5783951E+18 -0.2918982E+18  0.3682801E+17
  0.2106721E+19 -0.5827773E+18 -0.4763356E+18 -0.3829172E+18  0.5588787E+18 -0.1166430E+18
 -0.2670516E+19  0.2032708E+19  0.2020014E+17 -0.2735491E+18 -0.1746363E+18  0.6148442E+17
  0.6599302E+18  0.4090172E+18 -0.4937632E+18  0.6337604E+17 -0.1530144E+18  0.9235903E+17
 -0.1673078E+19 -0.2262827E+18  0.8861731E+18  0.9054939E+17 -0.2865436E+17 -0.9736786E+17
  0.1060411E+19 -0.3703907E+18 -0.3299233E+18  0.3234342E+17  0.5761943E+17  0.2566208E+17
  0.2123654E+19 -0.2437893E+19  0.6056242E+18  0.6996572E+18 -0.3476194E+18  0.4317801E+17
  0.2541312E+19 -0.6064930E+18 -0.6015826E+18 -0.4891403E+18  0.6748051E+18 -0.1374495E+18
 -0.3244483E+19  0.2398256E+19  0.4640275E+17 -0.3076394E+18 -0.2157538E+18  0.7258321E+17
  0.7602775E+18  0.5098904E+18 -0.5767639E+18  0.8549124E+17 -0.1934073E+18  0.1093866E+18
 -0.1941287E+19 -0.3302851E+18  0.1040925E+19  0.1075375E+18 -0.1950848E+17 -0.1155279E+18
  0.1239216E+19 -0.4094236E+18 -0.3888467E+18  0.3381728E+17  0.6423536E+17  0.3050350E+17
  0.2700847E+19 -0.3034289E+19  0.7410511E+18  0.8522244E+18 -0.4162701E+18  0.5083191E+17
  0.3077249E+19 -0.6115991E+18 -0.7649148E+18 -0.6274414E+18  0.8200540E+18 -0.1628537E+18
 -0.3965532E+19  0.2845868E+19  0.8419702E+17 -0.3473244E+18 -0.2680657E+18  0.8618509E+17
  0.8765274E+18  0.6363249E+18 -0.6762577E+18  0.1154868E+18 -0.2454684E+18  0.1304365E+18
 -0.2259094E+19 -0.4677652E+18  0.1229355E+19  0.1278570E+18 -0.5974449E+16 -0.1380586E+18
  0.1455603E+19 -0.4539205E+18 -0.4611959E+18  0.3538805E+17  0.7191049E+17  0.3653153E+17
  0.3457872E+19 -0.3801945E+19  0.9114556E+18  0.1045064E+19 -0.5010747E+18  0.6006232E+17
  0.3740568E+19 -0.5870205E+18 -0.9786530E+18 -0.8077865E+18  0.1002690E+19 -0.1939536E+18
 -0.4876678E+19  0.3397304E+19  0.1381467E+18 -0.3938094E+18 -0.3348727E+18  0.1029136E+18
  0.1011594E+19  0.7947460E+18 -0.7959757E+18  0.1560955E+18 -0.3126741E+18  0.1565790E+18
 -0.2637684E+19 -0.6486794E+18  0.1460087E+19  0.1521983E+18  0.1347391E+17 -0.1661645E+18
  0.1719409E+19 -0.5051314E+18 -0.5506316E+18  0.3709962E+17  0.8088281E+17  0.4408421E+17
  0.4455354E+19 -0.4794218E+19  0.1126361E+19  0.1289714E+19 -0.6060149E+18  0.7118905E+17
  0.4565635E+19 -0.5177436E+18 -0.1259108E+19 -0.1043077E+19  0.1233006E+19 -0.2321091E+18
 -0.6035371E+19  0.4081058E+19  0.2145546E+18 -0.4486378E+18 -0.4204969E+18  0.1235559E+18
  0.1169662E+19  0.9933439E+18 -0.9408399E+18  0.2109012E+18 -0.3995077E+18  0.1891957E+18
 -0.3092381E+19 -0.8858666E+18  0.1744534E+19  0.1814215E+18  0.4083292E+17 -0.2014246E+18
  0.2043928E+19 -0.5647835E+18 -0.6620485E+18  0.3901561E+17  0.9146946E+17  0.5361100E+17
  0.5774665E+19 -0.6080862E+19  0.1397711E+19  0.1600824E+19 -0.7359116E+18  0.8457613E+17
  0.5598235E+19 -0.3837220E+18 -0.1627800E+19 -0.1349880E+19  0.1524046E+19 -0.2789900E+18
 -0.7518312E+19  0.4934157E+19  0.3221639E+18 -0.5137045E+18 -0.5306053E+18  0.1491023E+18
  0.1356799E+19  0.1242743E+19 -0.1117436E+19  0.2845687E+18 -0.5117506E+18  0.2300751E+18
 -0.3644305E+19 -0.1196045E+19  0.2097890E+19  0.2165884E+18  0.7874833E+17 -0.2459207E+18
  0.2447112E+19 -0.6351386E+18 -0.8020239E+18  0.4121195E+17  0.1040811E+18  0.6571443E+17
  0.7523285E+19 -0.7751303E+19  0.1740101E+19  0.1996558E+19 -0.8964203E+18  0.1006193E+18
  0.6898616E+19 -0.1581706E+18 -0.2112940E+19 -0.1749299E+19  0.1892187E+19 -0.3366213E+18
 -0.9426356E+19  0.6003496E+19  0.4731459E+18 -0.5911236E+18 -0.6726292E+18  0.1807900E+18
  0.1581454E+19  0.1556866E+19 -0.1334533E+19  0.3831653E+18 -0.6568921E+18  0.2815412E+18
 -0.4321837E+19 -0.1601225E+19  0.2540263E+19  0.2589586E+18  0.1308213E+18 -0.3024159E+18
  0.2952706E+19 -0.7188651E+18 -0.9793631E+18  0.4375368E+17  0.1192178E+18  0.8120958E+17
  0.9841904E+19 -0.9918643E+19  0.2171067E+19  0.2498995E+19 -0.1093997E+19  0.1197312E+18
  0.8547315E+19  0.1936606E+18 -0.2751294E+19 -0.2267866E+19  0.2357828E+19 -0.4074415E+18
 -0.1189203E+20  0.7347968E+19  0.6844029E+18 -0.6830816E+18 -0.8562931E+18  0.2201594E+18
  0.1855754E+19  0.1954316E+19 -0.1604065E+19  0.5145286E+18 -0.8446300E+18  0.3466279E+18
 -0.5163884E+19 -0.2130434E+19  0.3098513E+19  0.3099522E+18  0.2019898E+18 -0.3745980E+18
  0.3592300E+19 -0.8189855E+18 -0.1205924E+19  0.4667882E+17  0.1374655E+18  0.1012063E+18
  0.1291240E+20 -0.1272324E+20  0.2711196E+19  0.3134213E+19 -0.1335739E+19  0.1423164E+18
  0.1065328E+20  0.7157040E+18 -0.3590456E+19 -0.2938470E+19  0.2946109E+19 -0.4943583E+18
 -0.1508857E+20  0.9040222E+19  0.9793247E+18 -0.7914615E+18 -0.1094265E+19  0.2691150E+18
  0.2197354E+19  0.2460407E+19 -0.1942515E+19  0.6887379E+18 -0.1087530E+19  0.4293079E+18
 -0.6224358E+19 -0.2822052E+19  0.3808695E+19  0.3710159E+18  0.2991010E+18 -0.4674068E+18
  0.4407874E+19 -0.9385991E+18 -0.1497701E+19  0.4996560E+17  0.1594579E+18  0.1272217E+18
  0.1696483E+20 -0.1633440E+20  0.3383865E+19  0.3931848E+19 -0.1629058E+19  0.1687394E+18
  0.1336279E+20  0.1463210E+19 -0.4691549E+19 -0.3801440E+19  0.3687701E+19 -0.6008084E+18
 -0.1923844E+20  0.1116657E+20  0.1390109E+19 -0.9170161E+18 -0.1402946E+19  0.3299917E+18
  0.2631388E+19  0.3109870E+19 -0.2372576E+19  0.9188395E+18 -0.1401999E+19  0.5348051E+18
 -0.7576828E+19 -0.3727096E+19  0.4718931E+19  0.4433007E+18  0.4318401E+18 -0.5874792E+18
  0.5454187E+19 -0.1080049E+19 -0.1876116E+19  0.5346841E+17  0.1857562E+18  0.1613353E+18
  0.2228260E+20 -0.2094962E+20  0.4214649E+19  0.4924095E+19 -0.1981261E+19  0.1992953E+18
  0.1686864E+20  0.2506733E+19 -0.6132555E+19 -0.4906087E+19  0.4619795E+19 -0.7308450E+18
 -0.2462020E+20  0.1382420E+20  0.1960741E+19 -0.1057941E+19 -0.1803441E+19  0.4056353E+18
  0.3192527E+19  0.3950384E+19 -0.2925122E+19  0.1222036E+19 -0.1809751E+19  0.6700288E+18
 -0.9319142E+19 -0.4913827E+19  0.5892796E+19  0.5270360E+18  0.6142002E+18 -0.7437620E+18
  0.6800758E+19 -0.1243303E+19 -0.2369550E+19  0.5682462E+17  0.2165985E+18  0.2064022E+18
  0.2920670E+20 -0.2679207E+20  0.5230619E+19  0.6144266E+19 -0.2399092E+19  0.2341875E+18
  0.2142057E+20  0.3938401E+19 -0.8012348E+19 -0.6312684E+19  0.5787157E+19 -0.8892207E+18
 -0.3157447E+20  0.1711553E+20  0.2750558E+19 -0.1207885E+19 -0.2322556E+19  0.4994713E+18
  0.3927531E+19  0.5047065E+19 -0.3641560E+19  0.1621430E+19 -0.2339789E+19  0.8441029E+18
 -0.1157856E+20 -0.6473784E+19  0.7413201E+19  0.6204969E+18  0.8665479E+18 -0.9482577E+18
  0.8533548E+19 -0.1423493E+19 -0.3015043E+19  0.5936373E+17  0.2514718E+18  0.2663160E+18
  0.3813986E+20 -0.3410799E+20  0.6459963E+19  0.7625588E+19 -0.2888532E+19  0.2735401E+18
  0.2733296E+20  0.5884479E+19 -0.1045620E+20 -0.8096091E+19  0.7243836E+19 -0.1081545E+19
 -0.4050673E+20  0.2113892E+20  0.3838588E+19 -0.1353322E+19 -0.2993979E+19  0.6155970E+18
  0.4897047E+19  0.6487926E+19 -0.4576162E+19  0.2148906E+19 -0.3031399E+19  0.1069076E+19
 -0.1451459E+20 -0.8530431E+19  0.9386425E+19  0.7184112E+18  0.1218699E+19 -0.1216999E+19
  0.1075512E+20 -0.1607208E+19 -0.3860056E+19  0.6004387E+17  0.2884167E+18  0.3463474E+18
  0.4955072E+20 -0.4316539E+20  0.7932059E+19  0.9400724E+19 -0.3454949E+19  0.3174402E+18
  0.3498316E+20  0.8528357E+19 -0.1362281E+20 -0.1035166E+20  0.9055483E+19 -0.1314482E+19
 -0.5188316E+20  0.2597435E+20  0.5328505E+19 -0.1470357E+19 -0.3859522E+19  0.7588751E+18
  0.6174590E+19  0.8389444E+19 -0.5797326E+19  0.2849694E+19 -0.3938427E+19  0.1360778E+19
 -0.1831494E+20 -0.1125065E+20  0.1194486E+20  0.8095457E+18  0.1714311E+19 -0.1571206E+19
  0.1358135E+20 -0.1767314E+19 -0.4963760E+19  0.5749426E+17  0.3229621E+18  0.4535433E+18
  0.6398029E+20 -0.5425711E+20  0.9678214E+19  0.1150289E+20 -0.4103701E+19  0.3660027E+18
  0.4479263E+20  0.1214750E+20 -0.1771276E+20 -0.1320389E+20  0.1130223E+20 -0.1595931E+19
 -0.6621654E+20  0.3166503E+20  0.7353903E+19 -0.1521480E+19 -0.4970329E+19  0.9350029E+18
  0.7839835E+19  0.1090064E+20 -0.7386276E+19  0.3789107E+19 -0.5135001E+19  0.1739739E+19
 -0.2317912E+20 -0.1485824E+20  0.1524644E+20  0.8732352E+18  0.2416721E+19 -0.2038510E+19
  0.1713274E+20 -0.1856847E+19 -0.6397116E+19  0.5031130E+17  0.3466599E+18  0.5971475E+18
  0.8207025E+20 -0.6772288E+20  0.1173456E+20  0.1397092E+20 -0.4841573E+19  0.4194575E+18
  0.5719735E+20  0.1716599E+20 -0.2298083E+20 -0.1681931E+20  0.1408314E+20 -0.1935255E+19
 -0.8405815E+20  0.3820424E+20  0.1008497E+20 -0.1453396E+19 -0.6388554E+19  0.1150602E+19
  0.9965660E+19  0.1420524E+20 -0.9432943E+19  0.5062107E+19 -0.6722949E+19  0.2232176E+19
 -0.2929139E+20 -0.1964875E+20  0.1947114E+20  0.8748571E+18  0.3416169E+19 -0.2654270E+19
  0.2152355E+20 -0.1803966E+19 -0.8242101E+19  0.3779923E+17  0.3454001E+18  0.7890454E+18
  0.1046169E+21 -0.8399083E+20  0.1414568E+20  0.1685783E+20 -0.5678370E+19  0.4781738E+18
  0.7260100E+20  0.2422479E+20 -0.2975239E+20 -0.2142316E+20  0.1752161E+20 -0.2343309E+19
 -0.1059953E+21  0.4552835E+20  0.1373757E+20 -0.1196089E+19 -0.8189695E+19  0.1413230E+19
  0.1259573E+20  0.1851801E+20 -0.1202675E+20  0.6806211E+19 -0.8840756E+19  0.2870869E+19
 -0.3677877E+20 -0.2600185E+20  0.2481193E+20  0.7600031E+18  0.4838194E+19 -0.3462795E+19
  0.2684795E+20 -0.1509448E+19 -0.1058951E+20  0.2121609E+17  0.2976821E+18  0.1044192E+19
  0.1326566E+21 -0.1036382E+21  0.1696700E+20  0.2024189E+20 -0.6627751E+19  0.5425268E+18
  0.9131340E+20  0.3426714E+20 -0.3844387E+20 -0.2731902E+20  0.2177076E+20 -0.2831962E+19
 -0.1326618E+21  0.5351930E+20  0.1858642E+20 -0.6633407E+18 -0.1046575E+20  0.1731165E+19
  0.1571376E+20  0.2407019E+20 -0.1524112E+20  0.9217627E+19 -0.1167311E+20  0.3695674E+19
 -0.4565849E+20 -0.3438518E+20  0.3145941E+20  0.4476315E+18  0.6852276E+19 -0.4518296E+19
  0.3316676E+20 -0.8491072E+18 -0.1353566E+20  0.5434531E+16  0.1732642E+18  0.1381006E+19
  0.1675907E+21 -0.1274715E+21  0.2026382E+20  0.2423909E+20 -0.7706451E+19  0.6125374E+18
  0.1134871E+21  0.4863857E+20 -0.4959023E+20 -0.3491147E+20  0.2701853E+20 -0.3412831E+19
 -0.1647773E+21  0.6201929E+20  0.2498613E+20  0.2458591E+18 -0.1333000E+20  0.2112822E+19
  0.1921247E+20  0.3108148E+20 -0.1911349E+20  0.1257072E+20 -0.1546068E+20  0.4753757E+19
 -0.5579096E+20 -0.4534754E+20  0.3958459E+20 -0.1770551E+18  0.9680308E+19 -0.5885931E+19
  0.4050275E+20  0.3178122E+18 -0.1718062E+20  0.6234426E+15 -0.6740543E+17  0.1821937E+19
  0.2113482E+21 -0.1566099E+21  0.2410234E+20  0.2901215E+20 -0.8929966E+19  0.6871630E+18
  0.1390735E+21  0.6919491E+20 -0.6387844E+20 -0.4472773E+20  0.3348881E+20 -0.4094551E+19
 -0.2032264E+21  0.7085310E+20  0.3340355E+20  0.1646031E+19 -0.1692281E+20  0.2565441E+19
  0.2287864E+20  0.3971934E+20 -0.2362607E+20  0.1723907E+20 -0.2050847E+20  0.6099481E+19
 -0.6686456E+20 -0.5950310E+20  0.4932741E+20 -0.1268835E+19  0.1360432E+20 -0.7643260E+19
  0.4885418E+20  0.2135989E+19 -0.2163132E+20  0.2334728E+17 -0.4728793E+18  0.2394443E+19
  0.2665337E+21 -0.1925309E+21  0.2852585E+20  0.3476874E+20 -0.1030284E+20  0.7632471E+18
  0.1677958E+21  0.9840428E+20 -0.8217735E+20 -0.5742982E+20  0.4143246E+20 -0.4878029E+19
 -0.2491536E+21  0.7984065E+20  0.4445979E+20  0.3665046E+19 -0.2141632E+20  0.3092639E+19
  0.2640887E+20  0.5005159E+20 -0.2869371E+20  0.2371515E+20 -0.2719097E+20  0.7794057E+19
 -0.7842706E+20 -0.7751389E+20  0.6079783E+20 -0.3026899E+19  0.1897417E+20 -0.9882763E+19
  0.5822669E+20  0.4742923E+19 -0.2701206E+20  0.9658507E+17 -0.1100149E+19  0.3132804E+19
  0.3365243E+21 -0.2370474E+21  0.3351495E+20  0.4174399E+20 -0.1180395E+20  0.8344506E+18
  0.1991841E+21  0.1394125E+21 -0.1055577E+21 -0.7380870E+20  0.5110611E+20 -0.5750223E+19
 -0.3040793E+21  0.8879847E+20  0.5898131E+20  0.6444595E+19 -0.2701731E+20  0.3691017E+19
  0.2947358E+20  0.6201932E+20 -0.3417439E+20  0.3262580E+20 -0.3595547E+20  0.9906237E+19
 -0.8999019E+20 -0.1000954E+21  0.7410771E+20 -0.5697432E+19  0.2621894E+20 -0.1271745E+20
  0.6869062E+20  0.8266988E+19 -0.3348840E+20  0.2487352E+18 -0.2015182E+19  0.4081610E+19
  0.4254111E+21 -0.2921545E+21  0.3893334E+20  0.5015985E+20 -0.1336889E+20  0.8907881E+18
  0.2327109E+21  0.1960091E+21 -0.1352858E+21 -0.9474414E+20  0.6273672E+20 -0.6677914E+19
 -0.3700037E+21  0.9751971E+20  0.7805043E+20  0.1014060E+20 -0.3396607E+20  0.4346329E+19
  0.3182472E+20  0.7546690E+20 -0.3991498E+20  0.4473923E+20 -0.4732579E+20  0.1251547E+20
 -0.1012008E+21 -0.1280676E+21  0.8944241E+20 -0.9577005E+19  0.3586740E+20 -0.1629142E+20
  0.8045321E+20  0.1284272E+20 -0.4130542E+20  0.5125201E+18 -0.3296787E+19  0.5301647E+19
  0.5377104E+21 -0.3597248E+21  0.4447763E+20  0.6016341E+20 -0.1487763E+20  0.9197606E+18
  0.2681033E+21  0.2724314E+21 -0.1727905E+21 -0.1211250E+21  0.7648319E+20 -0.7604923E+19
 -0.4494872E+21  0.1057370E+21  0.1030468E+21  0.1492360E+20 -0.4253233E+20  0.5030698E+19
  0.3341920E+20  0.9027463E+20 -0.4584115E+20  0.6096427E+20 -0.6191489E+20  0.1572008E+20
 -0.1120575E+21 -0.1624720E+21  0.1071789E+21 -0.1502260E+20  0.4858546E+20 -0.2079784E+20
  0.9393473E+20  0.1864749E+20 -0.5083981E+20  0.9254537E+18 -0.5046243E+19  0.6878942E+19
  0.6778813E+21 -0.4411515E+21  0.4967120E+20  0.7177314E+20 -0.1616251E+20  0.9099041E+18
  0.3058362E+21  0.3730646E+21 -0.2196510E+21 -0.1537730E+21  0.9243220E+20 -0.8457892E+19
 -0.5457121E+21  0.1130775E+21  0.1356851E+21  0.2098495E+20 -0.5301897E+20  0.5703603E+19
  0.3449564E+20  0.1066059E+21 -0.5207706E+20  0.8236415E+20 -0.8046989E+20  0.1965480E+20
 -0.1231031E+21 -0.2047681E+21  0.1280409E+21 -0.2247999E+20  0.6524659E+20 -0.2650854E+20
  0.1098281E+21  0.2595875E+20 -0.6266258E+20  0.1533889E+19 -0.7405399E+19  0.8938053E+19
  0.8498765E+21 -0.5371597E+21  0.5393762E+20  0.8487720E+20 -0.1704549E+20  0.8557912E+18
  0.3476309E+21  0.5022718E+21 -0.2776732E+21 -0.1934470E+21  0.1106615E+21 -0.9161349E+19
 -0.6625216E+21  0.1190075E+21  0.1780652E+21  0.2855706E+20 -0.6578397E+20  0.6317610E+19
  0.3554848E+20  0.1251921E+21 -0.5904540E+20  0.1102231E+21 -0.1039709E+21  0.2451834E+20
 -0.1354979E+21 -0.2570746E+21  0.1532472E+21 -0.3254276E+20  0.8704612E+20 -0.3381539E+20
  0.1291173E+21  0.3522169E+20 -0.7759988E+20  0.2402017E+19 -0.1058417E+20  0.1165944E+20
  0.1057110E+22 -0.6480669E+21  0.5674248E+20  0.9932519E+20 -0.1739313E+20  0.7614411E+18
  0.3965050E+21  0.6647403E+21 -0.3490932E+21 -0.2410165E+21  0.1313712E+21 -0.9654738E+19
 -0.8043842E+21  0.1227555E+21  0.2327545E+21  0.3795132E+20 -0.8128601E+20  0.6826179E+19
  0.3718066E+20  0.1474605E+21 -0.6746537E+20  0.1462090E+21 -0.1337856E+21  0.3060446E+20
 -0.1508558E+21 -0.3223707E+21  0.1845660E+21 -0.4604519E+20  0.1156567E+21 -0.4327647E+20
  0.1530195E+21  0.4710539E+20 -0.9676825E+20  0.3625220E+19 -0.1489453E+20  0.1529886E+20
  0.1303278E+22 -0.7746220E+21  0.5770882E+20  0.1151020E+21 -0.1715004E+20  0.6388332E+18
  0.4559727E+21  0.8666113E+21 -0.4368627E+21 -0.2978118E+21  0.1550147E+21 -0.9895593E+19
 -0.9763254E+21  0.1232401E+21  0.3029299E+21  0.4960163E+20 -0.1001445E+21  0.7185402E+19
  0.3988236E+20  0.1753037E+21 -0.7818772E+20  0.1926376E+21 -0.1718378E+21  0.3832094E+20
 -0.1707916E+21 -0.4045563E+21  0.2241887E+21 -0.6416899E+20  0.1533953E+21 -0.5565132E+20
  0.1828488E+21  0.6251738E+20 -0.1215636E+21  0.5343788E+19 -0.2078174E+20  0.2020481E+20
  0.1593736E+22 -0.9189597E+21  0.5655605E+20  0.1324697E+21 -0.1630532E+20  0.5017436E+18
  0.5283782E+21  0.1116967E+22 -0.5447650E+21 -0.3659440E+21  0.1822821E+21 -0.9832238E+19
 -0.1183721E+22  0.1190268E+21  0.3925291E+21  0.6407383E+20 -0.1231662E+21  0.7337396E+19
  0.4379389E+20  0.2104084E+21 -0.9185826E+20  0.2527275E+21 -0.2206672E+21  0.4816848E+20
 -0.1962221E+21 -0.5082167E+21  0.2743392E+21 -0.8850109E+20  0.2033119E+21 -0.7189232E+20
  0.2197972E+21  0.8253411E+20 -0.1535720E+21  0.7747912E+19 -0.2883324E+20  0.2682515E+20
  0.1936669E+22 -0.1084957E+22  0.5280446E+20  0.1519530E+21 -0.1479100E+20  0.3599364E+18
  0.6130748E+21  0.1428723E+22 -0.6771086E+21 -0.4483004E+21  0.2138239E+21 -0.9344830E+19
 -0.1431964E+22  0.1083870E+21  0.5063075E+21  0.8199312E+20 -0.1512800E+21  0.7168525E+19
  0.4851896E+20  0.2533205E+21 -0.1084961E+21  0.3306504E+21 -0.2832325E+21  0.6065366E+20
 -0.2266522E+21 -0.6380143E+21  0.3366439E+21 -0.1209504E+21  0.2690734E+21 -0.9305622E+20
  0.2646967E+21  0.1082174E+21 -0.1943977E+21  0.1106078E+20 -0.3973834E+20  0.3569224E+20
  0.2343192E+22 -0.1277541E+22  0.4538345E+20  0.1741333E+21 -0.1237185E+20  0.2197491E+18
  0.7057369E+21  0.1818042E+22 -0.8379840E+21 -0.5480575E+21  0.2497727E+21 -0.8181313E+19
 -0.1726287E+22  0.8954296E+20  0.6497474E+21  0.1038783E+21 -0.1853732E+21  0.6454119E+19
  0.5313954E+20  0.3027569E+21 -0.1272238E+21  0.4312314E+21 -0.3624221E+21  0.7614808E+20
 -0.2599668E+21 -0.7979510E+21  0.4115642E+21 -0.1634703E+21  0.3546026E+21 -0.1201442E+21
  0.3179495E+21  0.1403663E+21 -0.2455005E+21  0.1549200E+20 -0.5419099E+20  0.4739001E+20
  0.2826126E+22 -0.1501277E+22  0.3242799E+20  0.1993747E+21 -0.8613095E+19  0.9302259E+17
  0.7997873E+21  0.2302248E+22 -0.1030471E+22 -0.6679155E+21  0.2893460E+21 -0.5938321E+19
 -0.2072163E+22  0.6111362E+20  0.8288944E+21  0.1299527E+21 -0.2261247E+21  0.4823722E+19
  0.5658450E+20  0.3558240E+21 -0.1464597E+21  0.5593877E+21 -0.4604961E+21  0.9477177E+20
 -0.2932088E+21 -0.9911326E+21  0.4984313E+21 -0.2176741E+21  0.4636590E+21 -0.1539670E+21
  0.3798363E+21  0.1793695E+21 -0.3082380E+21  0.2117584E+20 -0.7277937E+20  0.6253398E+20
  0.3398552E+22 -0.1759519E+22  0.1146324E+20  0.2277371E+21 -0.2967409E+19  0.9666317E+16
  0.8894319E+21  0.2897907E+22 -0.1256611E+22 -0.8097618E+21  0.3309540E+21 -0.2121791E+19
 -0.2476630E+22  0.2260441E+20  0.1050502E+22  0.1601076E+21 -0.2740603E+21  0.1778704E+19
  0.5819310E+20  0.4093324E+21 -0.1646296E+21  0.7198147E+21 -0.5790052E+21  0.1164352E+21
 -0.3240783E+21 -0.1220723E+22  0.5964218E+21 -0.2846463E+21  0.5998638E+21 -0.1952159E+21
  0.4511992E+21  0.2253613E+21 -0.3842884E+21  0.2814040E+20 -0.9597061E+20  0.8182504E+20
  0.4073798E+22 -0.2055154E+22 -0.2017016E+20  0.2591966E+21  0.5087732E+19  0.2496659E+17
  0.9727599E+21  0.3621389E+22 -0.1518849E+22 -0.9753534E+21  0.3729354E+21  0.3754096E+19
 -0.2950584E+22 -0.2551898E+20  0.1323018E+22  0.1941687E+21 -0.3299707E+21 -0.3257176E+19
  0.5807000E+20  0.4616611E+21 -0.1810513E+21  0.9175605E+21 -0.7196861E+21  0.1411210E+21
 -0.3522769E+21 -0.1492220E+22  0.7062525E+21 -0.3653271E+21  0.7676949E+21 -0.2448823E+21
  0.5342647E+21  0.2787679E+21 -0.4764748E+21  0.3636379E+20 -0.1243072E+21  0.1062340E+21
  0.4866939E+22 -0.2392311E+22 -0.6507445E+20  0.2939811E+21  0.1599345E+20  0.2175229E+18
  0.1052683E+22  0.4492145E+22 -0.1822199E+22 -0.1167628E+22  0.4143540E+21  0.1213500E+20
 -0.3510662E+22 -0.8248157E+20  0.1658176E+22  0.2323286E+21 -0.3954447E+21 -0.1092859E+20
  0.5692191E+20  0.5137885E+21 -0.1963030E+21  0.1159390E+22 -0.8859353E+21  0.1692445E+21
 -0.3796652E+21 -0.1815698E+22  0.8314514E+21 -0.4613788E+21  0.9741384E+21 -0.3048380E+21
  0.6330852E+21  0.3409369E+21 -0.5895801E+21  0.4590140E+20 -0.1587540E+21  0.1372662E+21
  0.5796716E+22 -0.2777566E+22 -0.1260214E+21  0.3327260E+21  0.3019233E+20  0.6849307E+18
  0.1134826E+22  0.5536331E+22 -0.2175325E+22 -0.1391537E+22  0.4550754E+21  0.2351184E+20
 -0.4179297E+22 -0.1480935E+21  0.2072145E+22  0.2753680E+21 -0.4730687E+21 -0.2203054E+20
  0.5554136E+20  0.5685384E+21 -0.2117247E+21  0.1454934E+22 -0.1083640E+22  0.2017747E+21
 -0.4090915E+21 -0.2206300E+22  0.9781179E+21 -0.5758266E+21  0.1229807E+22 -0.3781248E+21
  0.7532938E+21  0.4143357E+21 -0.7306073E+21  0.5697448E+20 -0.2009287E+21  0.1771510E+21
  0.6885956E+22 -0.3219263E+22 -0.2064121E+21  0.3762605E+21  0.4825001E+20  0.1546843E+19
  0.1224168E+22  0.6787151E+22 -0.2589109E+22 -0.1653426E+22  0.4949160E+21  0.3853032E+20
 -0.4982633E+22 -0.2229760E+21  0.2585107E+22  0.3243815E+21 -0.5660282E+21 -0.3762606E+20
  0.5440738E+20  0.6287374E+21 -0.2285117E+21  0.1816439E+22 -0.1320353E+22  0.2399381E+21
 -0.4429000E+21 -0.2682450E+22  0.1153242E+22 -0.7127253E+21  0.1548402E+22 -0.4686140E+21
  0.9013500E+21  0.5020634E+21 -0.9082646E+21  0.6991391E+20 -0.2529574E+21  0.2288080E+21
  0.8160575E+22 -0.3725800E+22 -0.3104567E+21  0.4252637E+21  0.7087120E+20  0.2952713E+19
  0.1322137E+22  0.8281678E+22 -0.3073197E+22 -0.1959445E+22  0.5325366E+21  0.5797916E+20
 -0.5947348E+22 -0.3075711E+21  0.3219146E+22  0.3801405E+21 -0.6773673E+21 -0.5908185E+20
  0.5355159E+20  0.6953285E+21 -0.2469150E+21  0.2257084E+22 -0.1603006E+22  0.2846182E+21
 -0.4817805E+21 -0.3262681E+22  0.1362305E+22 -0.8757677E+21  0.1944483E+22 -0.5800625E+21
  0.1083592E+22  0.6068034E+21 -0.1131818E+22  0.8495131E+20 -0.3169046E+21  0.2955472E+21
  0.9649629E+22 -0.4305622E+22 -0.4430673E+21  0.4802875E+21  0.9884736E+20  0.5085912E+19
  0.1424685E+22  0.1005904E+23 -0.3633568E+22 -0.2315059E+22  0.5651143E+21  0.8266761E+20
 -0.7099224E+22 -0.4005099E+21  0.3996611E+22  0.4427000E+21 -0.8097184E+21 -0.8801145E+20
  0.5258560E+20  0.7660285E+21 -0.2658180E+21  0.2789736E+22 -0.1936121E+22  0.3359247E+21
 -0.5240696E+21 -0.3963616E+22  0.1607576E+22 -0.1066941E+22  0.2431513E+22 -0.7152793E+21
  0.1305723E+22  0.7299354E+21 -0.1410199E+22  0.1020135E+21 -0.3941700E+21  0.3807584E+21
  0.1138785E+23 -0.4969183E+22 -0.6100109E+21  0.5420860E+21  0.1330916E+21  0.8169085E+19
  0.1523707E+22  0.1216358E+23 -0.4274327E+22 -0.2726371E+22  0.5889791E+21  0.1133880E+21
 -0.8466830E+22 -0.4981355E+21  0.4942006E+22  0.5117219E+21 -0.9659475E+21 -0.1262901E+21
  0.5096842E+20  0.8359906E+21 -0.2832246E+21  0.3428006E+22 -0.2322743E+22  0.3934602E+21
 -0.5664356E+21 -0.4802284E+22  0.1889255E+22 -0.1286829E+22  0.3023004E+22 -0.8764615E+21
  0.1573765E+22  0.8719064E+21 -0.1752881E+22  0.1207647E+21 -0.4855706E+21  0.4880956E+21
  0.1341703E+23 -0.5729307E+22 -0.8181642E+21  0.6116285E+21  0.1746852E+21  0.1247282E+20
  0.1613162E+22  0.1464841E+23 -0.5002174E+22 -0.3201101E+22  0.6003786E+21  0.1510155E+21
 -0.1008799E+23 -0.5960550E+21  0.6086249E+22  0.5871341E+21 -0.1149952E+22 -0.1761902E+21
  0.4848860E+20  0.9013123E+21 -0.2977550E+21  0.4188427E+22 -0.2767354E+22  0.4571076E+21
 -0.6064519E+21 -0.5801719E+22  0.2209418E+22 -0.1536452E+22  0.3736258E+22 -0.1066618E+22
  0.1896239E+22  0.1033808E+22 -0.2172432E+22  0.1409051E+21 -0.5921926E+21  0.6222131E+21
  0.1578511E+23 -0.6599586E+22 -0.1075202E+22  0.6898042E+21  0.2247653E+21  0.1830935E+20
  0.1695541E+22  0.1757625E+23 -0.5829762E+22 -0.3748317E+22  0.5959348E+21  0.1965804E+21
 -0.1201372E+23 -0.6914616E+21  0.7469639E+22  0.6695421E+21 -0.1366875E+22 -0.2404623E+21
  0.4553120E+20  0.9630036E+21 -0.3099976E+21  0.5091981E+22 -0.3278288E+22  0.5276519E+21
 -0.6452206E+21 -0.6995357E+22  0.2575678E+22 -0.1819107E+22  0.4595672E+22 -0.1290875E+22
  0.2285848E+22  0.1218817E+22 -0.2686794E+22  0.1624688E+21 -0.7163010E+21  0.7895164E+21
  0.1854480E+23 -0.7593505E+22 -0.1389039E+22  0.7773245E+21  0.2843836E+21  0.2601037E+20
  0.1779498E+22  0.2101851E+23 -0.6774026E+22 -0.4377795E+22  0.5724232E+21  0.2511975E+21
 -0.1430449E+23 -0.7835071E+21  0.9140130E+22  0.7599979E+21 -0.1622594E+22 -0.3222430E+21
  0.4268870E+20  0.1025913E+22 -0.3218092E+21  0.6163799E+22 -0.3866929E+22  0.6064904E+21
 -0.6863059E+21 -0.8424902E+22  0.2999687E+22 -0.2140107E+22  0.5631913E+22 -0.1556045E+22
  0.2758433E+22  0.1431668E+22 -0.3318497E+22  0.1857644E+21 -0.8611750E+21  0.9980686E+21
  0.2175700E+23 -0.8726403E+22 -0.1768098E+22  0.8750072E+21  0.3545787E+21  0.3592144E+20
  0.1868888E+22  0.2505739E+23 -0.7850660E+22 -0.5100233E+22  0.5257794E+21  0.3159092E+21
 -0.1702386E+23 -0.8707696E+21  0.1114919E+23  0.8592796E+21 -0.1923063E+22 -0.4249167E+21
  0.4013354E+20  0.1092290E+22 -0.3339174E+21  0.7432045E+22 -0.4544013E+22  0.6945615E+21
 -0.7311598E+21 -0.1013379E+23  0.3490822E+22 -0.2504280E+22  0.6877537E+22 -0.1868453E+22
  0.3330099E+22  0.1676321E+22 -0.4091245E+22  0.2109587E+21 -0.1029735E+22  0.1256591E+22
  0.2549296E+23 -0.1001615E+23 -0.2221739E+22  0.9838327E+21  0.4364591E+21  0.4840675E+20
  0.1958933E+22  0.2978702E+23 -0.9071562E+22 -0.5927238E+22  0.4505782E+21  0.3915786E+21
 -0.2023746E+23 -0.9495699E+21  0.1355037E+23  0.9675529E+21 -0.2274101E+22 -0.5520372E+21
  0.3763213E+20  0.1159234E+22 -0.3452593E+21  0.8927369E+22 -0.5317747E+22  0.7919029E+21
 -0.7775445E+21 -0.1216512E+23  0.4053562E+22 -0.2914579E+22  0.8364881E+22 -0.2232808E+22
  0.4016351E+22  0.1954924E+22 -0.5028416E+22  0.2378856E+21 -0.1223769E+22  0.1573877E+22
  0.2983515E+23 -0.1148220E+23 -0.2760192E+22  0.1104744E+22  0.5311363E+21  0.6383962E+20
  0.2047187E+22  0.3531669E+23 -0.1045160E+23 -0.6871700E+22  0.3410702E+21  0.4790829E+21
 -0.2402250E+23 -0.1017029E+22  0.1640559E+23  0.1085216E+22 -0.2682181E+22 -0.7074775E+21
  0.3511777E+20  0.1225171E+22 -0.3553276E+21  0.1068579E+23 -0.6198247E+22  0.8988166E+21
 -0.8241714E+21 -0.1457013E+23  0.4694278E+22 -0.3375115E+22  0.1013202E+23 -0.2654624E+22
  0.4835575E+22  0.2270436E+22 -0.6157318E+22  0.2665082E+21 -0.1445516E+22  0.1960086E+22
  0.3487762E+23 -0.1314475E+23 -0.3394222E+22  0.1238506E+22  0.6396110E+21  0.8257978E+20
  0.2140731E+22  0.4177449E+23 -0.1201385E+23 -0.7948049E+22  0.1919383E+21  0.5795136E+21
 -0.2847348E+23 -0.1074370E+22  0.1978999E+23  0.1213550E+22 -0.3154803E+22 -0.8955452E+21
  0.3284863E+20  0.1294405E+22 -0.3654983E+21  0.1275155E+23 -0.7201256E+22  0.1016702E+22
 -0.8738275E+21 -0.1741428E+23  0.5426247E+22 -0.3893948E+22  0.1222791E+23 -0.3142299E+22
  0.5811312E+22  0.2628728E+22 -0.7512557E+22  0.2972742E+21 -0.1699141E+22  0.2427959E+22
  0.4072889E+23 -0.1502575E+23 -0.4135067E+22  0.1385829E+22  0.7627567E+21  0.1049549E+21
  0.2247812E+22  0.4930999E+23 -0.1378464E+23 -0.9172231E+22 -0.2513175E+19  0.6939614E+21
 -0.3369663E+23 -0.1125027E+22  0.2378812E+23  0.1354074E+22 -0.3699800E+22 -0.1120730E+22
  0.3101396E+20  0.1372141E+22 -0.3772356E+21  0.1517681E+23 -0.8344960E+22  0.1147118E+22
 -0.9298519E+21 -0.2077214E+23  0.6264312E+22 -0.4481030E+22  0.1470885E+23 -0.3705134E+22
  0.6969639E+22  0.3036637E+22 -0.9132822E+22  0.3307618E+21 -0.1989562E+22  0.2991849E+22
  0.4751243E+23 -0.1714838E+23 -0.4994189E+22  0.1547317E+22  0.9012619E+21  0.1312390E+21
  0.2370903E+22  0.5809286E+23 -0.1578737E+23 -0.1056077E+23 -0.2491194E+21  0.8231824E+21
 -0.3980386E+23 -0.1171978E+22  0.2848852E+23  0.1507772E+22 -0.4324464E+22 -0.1387315E+22
  0.2957742E+20  0.1460112E+22 -0.3907912E+21  0.1801989E+23 -0.9645854E+22  0.1290831E+22
 -0.9931198E+21 -0.2472152E+23  0.7219394E+22 -0.5145437E+22  0.1763337E+23 -0.4350892E+22
  0.8336487E+22  0.3499756E+22 -0.1105695E+23  0.3673098E+21 -0.2320919E+22  0.3666295E+22
  0.5537118E+23 -0.1953754E+23 -0.5983672E+22  0.1723440E+22  0.1055660E+22  0.1616560E+21
  0.2513303E+22  0.6831995E+23 -0.1804773E+23 -0.1213147E+23 -0.5553631E+21  0.9678243E+21
 -0.4692230E+23 -0.1219751E+22  0.3399060E+23  0.1675659E+22 -0.5036251E+22 -0.1699603E+22
  0.2851976E+20  0.1560588E+22 -0.4065122E+21  0.2134865E+23 -0.1112208E+23  0.1448576E+22
 -0.1064904E+22 -0.2935107E+23  0.8303290E+22 -0.5897567E+22  0.2106779E+23 -0.5087709E+22
  0.9940652E+22  0.4024344E+22 -0.1332782E+23  0.4073009E+21 -0.2697797E+22  0.4467281E+22
  0.6446969E+23 -0.2221887E+23 -0.7116245E+22  0.1914381E+22  0.1226273E+22  0.1963750E+21
  0.2686252E+22  0.8022095E+23 -0.2059915E+23 -0.1390346E+23 -0.9288878E+21  0.1128698E+22
 -0.5520211E+23 -0.1277755E+22  0.4041121E+23  0.1859370E+22 -0.5843156E+22 -0.2062174E+22
  0.2798195E+20  0.1680923E+22 -0.4260627E+21  0.2524397E+23 -0.1279715E+23  0.1621844E+22
 -0.1150050E+22 -0.3476753E+23  0.9533962E+22 -0.6751968E+22  0.2509231E+23 -0.5926343E+22
  0.1181669E+23  0.4619548E+22 -0.1599669E+23  0.4514849E+21 -0.3126827E+22  0.5413828E+22
  0.7499673E+23 -0.2521894E+23 -0.8405093E+22  0.2120075E+22  0.1413178E+22  0.2354955E+21
  0.2906235E+22  0.9406317E+23 -0.2348117E+23 -0.1589734E+23 -0.1377749E+22  0.1306674E+22
 -0.6481548E+23 -0.1360147E+22  0.4788446E+23  0.2060949E+22 -0.6753438E+22 -0.2479747E+22
  0.2815524E+20  0.1832012E+22 -0.4518098E+21  0.2980145E+23 -0.1469924E+23  0.1812559E+22
 -0.1255848E+22 -0.4109542E+23  0.1093378E+23 -0.7726988E+22  0.2980116E+23 -0.6879583E+22
  0.1400410E+23  0.5296868E+22 -0.1912245E+23  0.5008678E+21 -0.3616409E+22  0.6527879E+22
  0.8717147E+23 -0.2856604E+23 -0.9863856E+22  0.2340268E+22  0.1616190E+22  0.2790353E+21
  0.3191007E+22  0.1101601E+24 -0.2673695E+23 -0.1813536E+23 -0.1910884E+22  0.1502491E+22
 -0.7595711E+23 -0.1484775E+22  0.5656188E+23  0.2282479E+22 -0.7775370E+22 -0.2956981E+22
  0.2920257E+20  0.2025835E+22 -0.4860632E+21  0.3513395E+23 -0.1685954E+23  0.2022574E+22
 -0.1390246E+22 -0.4847691E+23  0.1252660E+23 -0.8843771E+22  0.3530237E+23 -0.7961065E+22
  0.1654636E+23  0.6069113E+22 -0.2277038E+23  0.5565293E+21 -0.4176024E+22  0.7833900E+22
  0.1012431E+24 -0.3228839E+23 -0.1150608E+23  0.2574349E+22  0.1834756E+22  0.3269109E+21
  0.3560129E+22  0.1288726E+24 -0.3041209E+23 -0.2064052E+23 -0.2538075E+22  0.1716642E+22
 -0.8884376E+23 -0.1673484E+22  0.6661223E+23  0.2525919E+22 -0.8916821E+22 -0.3498301E+22
  0.3129724E+20  0.2275830E+22 -0.5311509E+21  0.4137269E+23 -0.1931176E+23  0.2253564E+22
 -0.1562058E+22 -0.5707233E+23  0.1433740E+23 -0.1012611E+23  0.4171826E+23 -0.9184963E+22
  0.1949075E+23  0.6950243E+22 -0.2701200E+23  0.6196002E+21 -0.4816130E+22  0.9358903E+22
  0.1175005E+24 -0.3641522E+23 -0.1334574E+23  0.2821409E+22  0.2068025E+22  0.3789534E+21
  0.4037494E+22  0.1506239E+24 -0.3455767E+23 -0.2343728E+23 -0.3270038E+22  0.1949514E+22
 -0.1037241E+24 -0.1953400E+22  0.7822942E+23  0.2793305E+22 -0.1018576E+23 -0.4108138E+22
  0.3468359E+20  0.2598581E+22 -0.5897874E+21  0.4867304E+23 -0.2209417E+23  0.2507304E+22
 -0.1782058E+22 -0.6706782E+23  0.1639461E+23 -0.1160191E+23  0.4919145E+23 -0.1056709E+23
  0.2289073E+23  0.7956375E+22 -0.3192875E+23  0.6913705E+21 -0.5548908E+22  0.1113382E+23
  0.1362760E+24 -0.4097545E+23 -0.1539693E+23  0.3080123E+22  0.2314773E+22  0.4348994E+21
  0.4652013E+22  0.1759069E+24 -0.3922989E+23 -0.2655098E+23 -0.4118484E+22  0.2201317E+22
 -0.1208817E+24 -0.2357577E+22  0.9163531E+23  0.3086619E+22 -0.1158998E+23 -0.4790864E+22
  0.3970110E+20  0.3014379E+22 -0.6651040E+21  0.5721806E+23 -0.2524962E+23  0.2785586E+22
 -0.2063252E+22 -0.7867854E+23  0.1873012E+23 -0.1330349E+23  0.5788765E+23 -0.1212489E+23
  0.2680662E+23  0.9105841E+22 -0.3761322E+23  0.7732822E+21 -0.6388347E+22  0.1319407E+23
  0.1579519E+24 -0.4599762E+23 -0.1767377E+23  0.3348776E+22  0.2573416E+22  0.4943947E+21
  0.5437622E+22  0.2052964E+24 -0.4448993E+23 -0.3000777E+23 -0.5096227E+22  0.2472046E+22
 -0.1406403E+24 -0.2925230E+22  0.1070843E+24  0.3407681E+22 -0.1313714E+23 -0.5550805E+22
  0.4679865E+20  0.3547377E+22 -0.7605648E+21  0.6722353E+23 -0.2882572E+23  0.3090147E+22
 -0.2420829E+22 -0.9215325E+23  0.2137927E+23 -0.1526780E+23  0.6799959E+23 -0.1387742E+23
  0.3130652E+23  0.1041917E+23 -0.4417092E+23  0.8669058E+21 -0.7350299E+22  0.1558038E+23
  0.1829675E+24 -0.5150843E+23 -0.2019003E+23  0.3625123E+22  0.2841917E+22  0.5569805E+21
  0.6434423E+22  0.2394616E+24 -0.5040384E+23 -0.3383372E+23 -0.6217187E+22  0.2761385E+22
 -0.1633688E+24 -0.3702762E+22  0.1248680E+24  0.3758009E+22 -0.1483442E+23 -0.6392124E+22
  0.5656989E+20  0.4226502E+22 -0.8800344E+21  0.7894358E+23 -0.3287497E+23  0.3422583E+22
 -0.2872597E+22 -0.1077795E+24  0.2438103E+23 -0.1753698E+23  0.7975133E+23 -0.1584536E+23
  0.3646734E+23  0.1191924E+23 -0.5172223E+23  0.9739417E+21 -0.8452626E+22  0.1833962E+23
  0.2118327E+24 -0.5753409E+23 -0.2295955E+23  0.3906588E+22  0.3117925E+22  0.6221196E+21
  0.7689037E+22  0.2791891E+24 -0.5704405E+23 -0.3805591E+23 -0.7496546E+22  0.3068787E+22
 -0.1894929E+24 -0.4744077E+22  0.1453252E+24  0.4138852E+22 -0.1668907E+23 -0.7319046E+22
  0.6977358E+20  0.5085911E+22 -0.1027721E+22  0.9268010E+23 -0.3745615E+23  0.3784423E+22
 -0.3439078E+22 -0.1258932E+24  0.2777885E+23 -0.2015925E+23  0.9340640E+23 -0.1805167E+23
  0.4237729E+23  0.1363163E+23 -0.6040657E+23  0.1096231E+22 -0.9715577E+22  0.2152658E+23
  0.2451271E+24 -0.6409548E+23 -0.2599442E+23  0.4189898E+22  0.3398491E+22  0.6891424E+21
  0.9255459E+22  0.3253877E+24 -0.6448589E+23 -0.4269915E+23 -0.8950293E+22  0.3393172E+22
 -0.2194933E+24 -0.6111625E+22  0.1688411E+24  0.4550774E+22 -0.1870700E+23 -0.8335270E+22
  0.8736642E+20  0.6165805E+22 -0.1208158E+22  0.1087865E+24 -0.4263231E+23  0.4176791E+22
 -0.4143791E+22 -0.1468792E+24  0.3161929E+23 -0.2318841E+23  0.1092692E+24 -0.2052044E+23
  0.4913501E+23  0.1558401E+23 -0.7038186E+23  0.1235683E+22 -0.1116140E+23  0.2520405E+23
  0.2835214E+24 -0.7121101E+23 -0.2930597E+23  0.4471450E+22  0.3680335E+22  0.7572970E+21
  0.1119493E+23  0.3791226E+24 -0.7281010E+23 -0.4778796E+23 -0.1059545E+23  0.3733077E+22
 -0.2539222E+24 -0.7876268E+22  0.1958623E+24  0.4993763E+22 -0.2089383E+23 -0.9444342E+22
  0.1105087E+21  0.7512640E+22 -0.1426042E+22  0.1276817E+24 -0.4847280E+23  0.4600528E+22
 -0.5013096E+22 -0.1711860E+24  0.3595308E+23 -0.2668505E+23  0.1276971E+24 -0.2327783E+23
  0.5685327E+23  0.1780662E+23 -0.8183071E+23  0.1394272E+22 -0.1281482E+23  0.2944538E+23
  0.3277855E+24 -0.7889293E+23 -0.3290333E+23  0.4747079E+22  0.3959663E+22  0.8257147E+21
  0.1357712E+23  0.4416351E+24 -0.8210052E+23 -0.5334401E+23 -0.1244966E+23  0.4086451E+22
 -0.2934099E+24 -0.1011839E+23  0.2269030E+24  0.5466912E+22 -0.2325379E+23 -0.1064922E+23
  0.1405936E+21  0.9180267E+22 -0.1686220E+22  0.1498597E+24 -0.5505208E+23  0.5055948E+22
 -0.6076629E+22 -0.1993320E+24  0.4083450E+23 -0.3071647E+23  0.1491067E+24 -0.2635142E+23
  0.6565984E+23  0.2033194E+23 -0.9496262E+23  0.1573975E+22 -0.1470285E+23  0.3433568E+23
  0.3788032E+24 -0.8714725E+23 -0.3679327E+23  0.5012262E+22  0.4232320E+22  0.8934355E+21
  0.1647969E+23  0.5143706E+24 -0.9244359E+23 -0.5938596E+23 -0.1453085E+23  0.4450669E+22
 -0.3386760E+24 -0.1292732E+23  0.2625557E+24  0.5968330E+22 -0.2578991E+23 -0.1195227E+23
  0.1792357E+21  0.1122999E+23 -0.1993453E+22  0.1759032E+24 -0.6244973E+23  0.5542776E+22
 -0.7366986E+22 -0.2319173E+24  0.4632108E+23 -0.3535680E+23  0.1739850E+24 -0.2977024E+23
  0.7569986E+23  0.2319442E+23 -0.1100186E+24  0.1776691E+22 -0.1685484E+23  0.3997398E+23
  0.4375869E+24 -0.9597081E+23 -0.4097895E+23  0.5262039E+22  0.4493716E+22  0.9593946E+21
  0.1998904E+23  0.5990097E+24 -0.1039264E+24 -0.6592726E+23 -0.1685670E+23  0.4822400E+22
 -0.3905400E+24 -0.1640188E+23  0.3035022E+24  0.6494910E+22 -0.2850322E+23 -0.1335488E+23
  0.2282756E+21  0.1373149E+23 -0.2352309E+22  0.2064981E+24 -0.7074938E+23  0.6059953E+22
 -0.8919965E+22 -0.2696347E+24  0.5247307E+23 -0.4068685E+23  0.2028992E+24 -0.3356417E+23
  0.8713782E+23  0.2643014E+23 -0.1272754E+24  0.2004159E+22 -0.1930222E+23  0.4647533E+23
  0.5053094E+24 -0.1053536E+24 -0.4546070E+23  0.5491380E+22  0.4739125E+22  0.1022480E+22
  0.2420007E+23  0.6975235E+24 -0.1166382E+24 -0.7297747E+23 -0.1944454E+23  0.5197772E+22
 -0.4499485E+24 -0.2064980E+23  0.3505375E+24  0.7042426E+22 -0.3139356E+23 -0.1485778E+23
  0.2897450E+21  0.1676316E+23 -0.2766928E+22  0.2424577E+24 -0.8004015E+23  0.6605713E+22
 -0.1077437E+23 -0.3132928E+24  0.5935433E+23 -0.4679501E+23  0.2365180E+24 -0.3776473E+23
  0.1001632E+24  0.3007708E+23 -0.1470553E+24  0.2257891E+22 -0.2207893E+23  0.5397506E+23
  0.5833001E+24 -0.1152709E+24 -0.5023258E+23  0.5694919E+22  0.4963445E+22  0.1081481E+22
  0.2921509E+23  0.8121818E+24 -0.1306625E+24 -0.8053633E+23 -0.2230963E+23  0.5572024E+22
 -0.5179685E+24 -0.2578638E+23  0.4045679E+24  0.7605002E+22 -0.3445721E+23 -0.1645992E+23
  0.3658158E+21  0.2041171E+23 -0.3240670E+22  0.2847320E+24 -0.9041107E+23  0.7177067E+22
 -0.1297145E+23 -0.3638165E+24  0.6702843E+23 -0.5377417E+23  0.2756144E+24 -0.4240253E+23
  0.1149886E+24  0.3417298E+23 -0.1697249E+24  0.2538932E+22 -0.2521993E+23  0.6262915E+23
  0.6730947E+24 -0.1256883E+24 -0.5528429E+23  0.5867508E+22  0.5161673E+22  0.1135187E+22
  0.3514337E+23  0.9456382E+24 -0.1460805E+24 -0.8859681E+23 -0.2546531E+23  0.5939853E+22
 -0.5958302E+24 -0.3193341E+23  0.4666488E+24  0.8175472E+22 -0.3768855E+23 -0.1815911E+23
  0.4587233E+21  0.2477232E+23 -0.3775873E+22  0.3344433E+24 -0.1019538E+24  0.7770054E+22
 -0.1555464E+23 -0.4222825E+24  0.7556064E+23 -0.6172303E+23  0.3210974E+24 -0.4750866E+23
  0.1318587E+24  0.3875614E+23 -0.1957110E+24  0.2847817E+22 -0.2876185E+23  0.7262088E+23
  0.7764526E+24 -0.1365571E+24 -0.6059900E+23  0.6004176E+22  0.5328865E+22  0.1182377E+22
  0.4209976E+23  0.1100971E+25 -0.1629653E+24 -0.9714109E+23 -0.2892151E+23  0.6295286E+22
 -0.6849396E+24 -0.3921722E+23  0.5379987E+24  0.8745148E+22 -0.4107855E+23 -0.1995130E+23
  0.5706691E+21  0.2994804E+23 -0.4373505E+22  0.3929095E+24 -0.1147582E+24  0.8379438E+22
 -0.1856894E+23 -0.4899340E+24  0.8501519E+23 -0.7074353E+23  0.3740278E+24 -0.5311296E+23
  0.1510531E+24  0.4386370E+23 -0.2255059E+24  0.3184351E+22 -0.3274187E+23  0.8416396E+23
  0.8953914E+24 -0.1478147E+24 -0.6615327E+23  0.6100458E+22  0.5460420E+22  0.1221883E+22
  0.5020195E+23  0.1281751E+25 -0.1813800E+24 -0.1061403E+24 -0.3268382E+23  0.6631848E+22
 -0.7869070E+24 -0.4776532E+23  0.6200271E+24  0.9303978E+22 -0.4461491E+23 -0.2183056E+23
  0.7036689E+21  0.3604816E+23 -0.5032733E+22  0.4616766E+24 -0.1289106E+24  0.8998694E+22
 -0.2205978E+23 -0.5682086E+24  0.9545386E+23 -0.8093873E+23  0.4356449E+24 -0.5924339E+23
  0.1728916E+24  0.4953069E+23 -0.2596791E+24  0.3547439E+22 -0.3719697E+23  0.9750800E+23
  0.1032219E+25 -0.1593828E+24 -0.7191578E+23  0.6152487E+22  0.5552181E+22  0.1252612E+22
  0.5956807E+23  0.1492108E+25 -0.2013721E+24 -0.1155517E+24 -0.3675206E+23  0.6942614E+22
 -0.9035735E+24 -0.5770309E+23  0.7143612E+24  0.9840606E+22 -0.4828116E+23 -0.2378864E+23
  0.8593996E+21  0.4318655E+23 -0.5750590E+22  0.5425525E+24 -0.1444893E+24  0.9619880E+22
 -0.2607205E+23 -0.6587640E+24  0.1069335E+24 -0.9240966E+23  0.5073929E+24 -0.6592441E+23
  0.1977402E+24  0.5578841E+23 -0.2988883E+24  0.3934893E+22 -0.4216265E+23  0.1129439E+24
  0.1189611E+25 -0.1711725E+24 -0.7784963E+23  0.6157480E+22  0.5600872E+22  0.1273645E+22
  0.7031427E+23  0.1736864E+25 -0.2229764E+24 -0.1253222E+24 -0.4112038E+23  0.7220650E+22
 -0.1037076E+25 -0.6915061E+23  0.8229039E+24  0.1034298E+23 -0.5205825E+23 -0.2581561E+23
  0.1039016E+22  0.5147990E+23 -0.6521736E+22  0.6376658E+24 -0.1615655E+24  0.1023397E+23
 -0.3064922E+23 -0.7635337E+24  0.1195069E+24 -0.1052545E+24  0.5909708E+24 -0.7317796E+23
  0.2260250E+24  0.6266462E+23 -0.3439034E+24  0.4343384E+22 -0.4767298E+23  0.1308146E+24
  0.1370594E+25 -0.1830751E+24 -0.8390762E+23  0.6113497E+22  0.5603919E+22  0.1284204E+22
  0.8254751E+23  0.2021537E+25 -0.2461989E+24 -0.1353802E+24 -0.4577383E+23  0.7458790E+22
 -0.1189836E+25 -0.8221467E+23  0.9478317E+24  0.1079809E+23 -0.5592118E+23 -0.2789824E+23
  0.1242909E+22  0.6104214E+23 -0.7337887E+22  0.7494804E+24 -0.1801904E+24  0.1083036E+23
 -0.3583047E+23 -0.8847277E+24  0.1332140E+24 -0.1195589E+24  0.6883413E+24 -0.8101795E+23
  0.2582294E+24  0.7017861E+23 -0.3956058E+24  0.4768083E+22 -0.5375659E+23  0.1515164E+24
  0.1578672E+25 -0.1949736E+24 -0.9003709E+23  0.6020043E+22  0.5560006E+22  0.1283781E+22
  0.9636335E+23  0.2352543E+25 -0.2710243E+24 -0.1456426E+24 -0.5068978E+23  0.7650358E+22
 -0.1364664E+25 -0.9698576E+23  0.1091685E+25  0.1119306E+23 -0.5984217E+23 -0.3002152E+23
  0.1470523E+22  0.7198211E+23 -0.8187893E+22  0.8808812E+24 -0.2003987E+24  0.1139758E+23
 -0.4165007E+23 -0.1024918E+25  0.1480850E+24 -0.1353965E+24  0.8018056E+24 -0.8945271E+23
  0.2949169E+24  0.7834273E+23 -0.4550269E+24  0.5202808E+22 -0.6043745E+23  0.1755151E+24
  0.1817860E+25 -0.2067389E+24 -0.9617817E+23  0.5877924E+22  0.5469004E+22  0.1272133E+22
  0.1118393E+24  0.2737276E+25 -0.2974062E+24 -0.1560121E+24 -0.5583599E+23  0.7789222E+22
 -0.1564791E+25 -0.1135308E+24  0.1257403E+25  0.1151538E+23 -0.6378907E+23 -0.3216790E+23
  0.1720157E+22  0.8439761E+23 -0.9057573E+22  0.1035219E+25 -0.2222000E+24  0.1192328E+23
 -0.4813491E+23 -0.1187073E+25  0.1641343E+24 -0.1528207E+24  0.9340412E+24 -0.9848140E+23
  0.3367382E+24  0.8715901E+23 -0.5233625E+24  0.5639911E+22 -0.6773178E+23  0.2033540E+24
  0.2092768E+25 -0.2182349E+24 -0.1022655E+24  0.5689408E+22  0.5332147E+22  0.1249330E+22
  0.1290280E+24  0.3184264E+25 -0.3252649E+24 -0.1663790E+24 -0.6117069E+23  0.7870192E+22
 -0.1793946E+25 -0.1318863E+24  0.1448392E+25  0.1175361E+23 -0.6772630E+23 -0.3431771E+23
  0.1988780E+22  0.9836904E+23 -0.9929793E+22  0.1216382E+25 -0.2455737E+24  0.1239463E+23
 -0.5530216E+23 -0.1374627E+25  0.1813578E+24 -0.1718592E+24  0.1088164E+25 -0.1080927E+24
  0.3844478E+24  0.9661764E+23 -0.6020026E+24  0.6070375E+22 -0.7564626E+23  0.2356673E+24
  0.2408678E+25 -0.2293190E+24 -0.1082286E+24  0.5458098E+22  0.5151971E+22  0.1215754E+22
  0.1479510E+24  0.3703303E+25 -0.3544812E+24 -0.1766224E+24 -0.6664208E+23  0.7889239E+22
 -0.2056418E+25 -0.1520514E+24  0.1668585E+25  0.1189792E+23 -0.7161454E+23 -0.3644914E+23
  0.2271940E+22  0.1139524E+24 -0.1078477E+23  0.1428861E+25 -0.2704627E+24  0.1279866E+23
 -0.6315685E+23 -0.1591537E+25  0.1997277E+24 -0.1925066E+24  0.1267786E+25 -0.1182624E+24
  0.4389186E+24  0.1066946E+24 -0.6925586E+24  0.6483971E+22 -0.8417538E+23  0.2731927E+24
  0.2771721E+25 -0.2398545E+24 -0.1139974E+24  0.5189032E+22  0.4932456E+22  0.1172142E+22
  0.1685956E+24  0.4305766E+25 -0.3849053E+24 -0.1866182E+24 -0.7219121E+23  0.7844034E+22
 -0.2357220E+25 -0.1739860E+24  0.1922585E+25  0.1194108E+23 -0.7541397E+23 -0.3853988E+23
  0.2563792E+22  0.1311753E+24 -0.1160088E+23  0.1677882E+25 -0.2967770E+24  0.1312317E+23
 -0.7169136E+23 -0.1842422E+25  0.2191960E+24 -0.2147244E+24  0.1477136E+25 -0.1289555E+24
  0.5011767E+24  0.1173535E+24 -0.7969219E+24  0.6869753E+22 -0.9330199E+23  0.3167968E+24
  0.3188853E+25 -0.2497003E+24 -0.1194971E+24  0.4888142E+22  0.4678559E+22  0.1119490E+22
  0.1909008E+24  0.5004578E+25 -0.4163333E+24 -0.1962322E+24 -0.7774903E+23  0.7733691E+22
 -0.2702068E+25 -0.1975965E+24  0.2215651E+25  0.1187827E+23 -0.7908062E+23 -0.4056537E+23
  0.2857072E+22  0.1500234E+24 -0.1235484E+23  0.1969413E+25 -0.3243732E+24  0.1335652E+23
 -0.8087971E+23 -0.2132557E+25  0.2396787E+24 -0.2384238E+24  0.1721063E+25 -0.1401173E+24
  0.5723979E+24  0.1285376E+24 -0.9172638E+24  0.7216099E+22 -0.1029903E+24  0.3674773E+24
  0.3668133E+25 -0.2587297E+24 -0.1246579E+24  0.4562338E+22  0.4396335E+22  0.1059093E+22
  0.2147603E+24  0.5814689E+25 -0.4485285E+24 -0.2053350E+24 -0.8324224E+23  0.7559390E+22
 -0.3097625E+25 -0.2227409E+24  0.2553911E+25  0.1170820E+23 -0.8257196E+23 -0.4250169E+23
  0.3143424E+22  0.1704397E+24 -0.1302330E+23  0.2310354E+25 -0.3530684E+24  0.1348899E+23
 -0.9067922E+23 -0.2468079E+25  0.2610652E+24 -0.2634728E+24  0.2005214E+25 -0.1516802E+24
  0.6539620E+24  0.1401757E+24 -0.1056125E+25  0.7511611E+22 -0.1131894E+24  0.4264011E+24
  0.4218818E+25 -0.2668275E+24 -0.1294131E+24  0.4219007E+22  0.4092494E+22  0.9924437E+21
  0.2400148E+24  0.6753231E+25 -0.4812119E+24 -0.2138007E+24 -0.8859361E+23  0.7324175E+22
 -0.3551589E+25 -0.2492221E+24  0.2944442E+25  0.1143302E+23 -0.8584580E+23 -0.4432520E+23
  0.3413699E+22  0.1923166E+24 -0.1358371E+23  0.2708620E+25 -0.3826307E+24  0.1351299E+23
 -0.1010276E+24 -0.2856064E+25  0.2832106E+24 -0.2896875E+24  0.2336105E+25 -0.1635587E+24
  0.7474716E+24  0.1521784E+24 -0.1216452E+25  0.7745538E+22 -0.1238293E+24  0.4949206E+24
  0.4851555E+25 -0.2738962E+24 -0.1337033E+24  0.3865727E+22  0.3774134E+22  0.9211779E+21
  0.2664507E+24  0.7839862E+25 -0.5140671E+24 -0.2215134E+24 -0.9372520E+23  0.7032961E+22
 -0.4072868E+25 -0.2767889E+24  0.3395415E+25  0.1105837E+23 -0.8886230E+23 -0.4601356E+23
  0.3658413E+22  0.2154918E+24 -0.1401563E+23  0.3173283E+25 -0.4127821E+24  0.1342372E+23
 -0.1118423E+24 -0.3304687E+25  0.3059360E+24 -0.3168328E+24  0.2721258E+25 -0.1756509E+24
  0.8547904E+24  0.1644393E+24 -0.1401664E+25  0.7908450E+22 -0.1348217E+24  0.5746032E+24
  0.5578557E+25 -0.2798574E+24 -0.1374769E+24  0.3509876E+22  0.3448375E+22  0.8469881E+21
  0.2937991E+24  0.9097066E+25 -0.5467423E+24 -0.2283694E+24 -0.9856065E+23  0.6692297E+22
 -0.4671730E+25 -0.3051370E+24  0.3916237E+25  0.1059317E+23 -0.9158451E+23 -0.4754618E+23
  0.3868289E+22  0.2397461E+24 -0.1430197E+23  0.3714703E+25 -0.4431988E+24  0.1321944E+23
 -0.1230202E+24 -0.3823349E+25  0.3290272E+24 -0.3446214E+24  0.3169314E+25 -0.1878380E+24
  0.9780784E+24  0.1768345E+24 -0.1615711E+25  0.7992825E+22 -0.1460586E+24  0.6672581E+24
  0.6414022E+25 -0.2846622E+24 -0.1406960E+24  0.3158415E+22  0.3122132E+22  0.7715664E+21
  0.3217482E+24  0.1055085E+26 -0.5788727E+24 -0.2342883E+24 -0.1030312E+24  0.6310284E+22
 -0.5360175E+25 -0.3339238E+24  0.4517858E+25  0.1004945E+23 -0.9398246E+23 -0.4890638E+23
  0.4034984E+22  0.2648116E+24 -0.1443056E+23  0.4344824E+25 -0.4735309E+24  0.1290222E+23
 -0.1344419E+24 -0.4422996E+25  0.3522470E+24 -0.3727295E+24  0.3690302E+25 -0.1999913E+24
  0.1119870E+25  0.1892306E+24 -0.1863213E+25  0.7993840E+22 -0.1574188E+24  0.7749930E+24
  0.7374067E+25 -0.2882761E+24 -0.1433303E+24  0.2817412E+22  0.2801623E+22  0.6964809E+21
  0.3499325E+24  0.1223068E+26 -0.6100575E+24 -0.2392021E+24 -0.1070727E+24  0.5895818E+22
 -0.6151878E+25 -0.3627590E+24  0.5212740E+25  0.9441162E+22 -0.9602868E+23 -0.5007918E+23
  0.4151467E+22  0.2903625E+24 -0.1439429E+23  0.5077144E+25 -0.5033838E+24  0.1247725E+23
 -0.1459671E+24 -0.5116086E+25  0.3753196E+24 -0.4007837E+24  0.4295619E+25 -0.2119640E+24
  0.1283064E+25  0.2014765E+24 -0.2149447E+25  0.7909346E+22 -0.1687613E+24  0.9002130E+24
