  0.7038681E+17 -0.1115318E+18  0.3144706E+17  0.4418210E+17 -0.2491481E+17  0.3512438E+16
  0.1234520E+18 -0.7973912E+17 -0.2629772E+17 -0.1431580E+17  0.4672067E+17 -0.1203507E+17
 -0.1674901E+18  0.1839445E+18 -0.8391802E+16 -0.4060090E+17 -0.1154693E+17  0.6483460E+16
  0.5413085E+17  0.1584582E+17 -0.4724619E+17  0.1159644E+16 -0.6915231E+16  0.1030929E+17
 -0.1468811E+18  0.2344180E+17  0.8955217E+17  0.6577711E+16 -0.1588690E+17 -0.1110751E+17
  0.9963851E+17 -0.6097139E+17 -0.3453155E+17  0.9327494E+16  0.1056538E+17  0.2991886E+16
  0.7324072E+17 -0.1149782E+18  0.3241291E+17  0.4512510E+17 -0.2544198E+17  0.3586110E+16
  0.1281839E+18 -0.8187384E+17 -0.2668138E+17 -0.1471120E+17  0.4735420E+17 -0.1218028E+17
 -0.1727604E+18  0.1878012E+18 -0.8675507E+16 -0.4097023E+17 -0.1164689E+17  0.6539237E+16
  0.5608599E+17  0.1640085E+17 -0.4816955E+17  0.1198998E+16 -0.7042949E+16  0.1034262E+17
 -0.1511802E+18  0.2357152E+17  0.9078154E+17  0.6678339E+16 -0.1583323E+17 -0.1110531E+17
  0.1018769E+18 -0.6155980E+17 -0.3485404E+17  0.9299480E+16  0.1053039E+17  0.2981059E+16
  0.8005687E+17 -0.1244615E+18  0.3506499E+17  0.4837397E+17 -0.2725714E+17  0.3839626E+16
  0.1397145E+18 -0.8814728E+17 -0.2845431E+17 -0.1590212E+17  0.5038307E+17 -0.1293239E+17
 -0.1870835E+18  0.2012025E+18 -0.9369242E+16 -0.4335689E+17 -0.1235026E+17  0.6920885E+16
  0.6095714E+17  0.1785095E+17 -0.5152840E+17  0.1306887E+16 -0.7544899E+16  0.1088952E+17
 -0.1632482E+18  0.2476721E+17  0.9657452E+17  0.7126419E+16 -0.1653334E+17 -0.1165525E+17
  0.1092980E+18 -0.6517161E+17 -0.3692524E+17  0.9715041E+16  0.1100879E+17  0.3118705E+16
  0.8771831E+17 -0.1350073E+18  0.3799870E+17  0.5194743E+17 -0.2924191E+17  0.4115166E+16
  0.1525208E+18 -0.9492686E+17 -0.3045240E+17 -0.1727293E+17  0.5371850E+17 -0.1375111E+17
 -0.2029574E+18  0.2158488E+18 -0.1008292E+17 -0.4591364E+17 -0.1314706E+17  0.7337512E+16
  0.6629910E+17  0.1951362E+17 -0.5519476E+17  0.1435847E+16 -0.8122657E+16  0.1148757E+17
 -0.1764467E+18  0.2590316E+17  0.1028985E+18  0.7633326E+16 -0.1725685E+17 -0.1225940E+17
  0.1173976E+18 -0.6902229E+17 -0.3919086E+17  0.1014517E+17  0.1152086E+17  0.3270772E+16
  0.9632793E+17 -0.1467336E+18  0.4124448E+17  0.5587878E+17 -0.3141327E+17  0.4414885E+16
  0.1667190E+18 -0.1022152E+18 -0.3271166E+17 -0.1886113E+17  0.5740009E+17 -0.1464407E+17
 -0.2205275E+18  0.2318280E+18 -0.1080796E+17 -0.4864289E+17 -0.1405338E+17  0.7793371E+16
  0.7213695E+17  0.2143005E+17 -0.5919444E+17  0.1591580E+16 -0.8792578E+16  0.1214350E+17
 -0.1908383E+18  0.2692154E+17  0.1098019E+18  0.8209375E+16 -0.1799679E+17 -0.1292521E+17
  0.1262156E+18 -0.7310591E+17 -0.4166988E+17  0.1058600E+17  0.1206789E+17  0.3439309E+16
  0.1060410E+18 -0.1598183E+18  0.4484702E+17  0.6021702E+17 -0.3379530E+17  0.4741691E+16
  0.1825220E+18 -0.1100772E+18 -0.3527137E+17 -0.2069721E+17  0.6147219E+17 -0.1562010E+17
 -0.2400487E+18  0.2493225E+18 -0.1154271E+17 -0.5156618E+17 -0.1508346E+17  0.8293101E+16
  0.7854103E+17  0.2363744E+17 -0.6357192E+17  0.1778461E+16 -0.9566194E+16  0.1286394E+17
 -0.2065907E+18  0.2780421E+17  0.1173603E+18  0.8861911E+16 -0.1875481E+17 -0.1365958E+17
  0.1358517E+18 -0.7745292E+17 -0.4438976E+17  0.1103953E+17  0.1265394E+17  0.3626108E+16
  0.1170394E+18 -0.1744674E+18  0.4885778E+17  0.6501842E+17 -0.3641547E+17  0.5098887E+16
  0.2001732E+18 -0.1185827E+18 -0.3817751E+17 -0.2281743E+17  0.6598565E+17 -0.1668921E+17
 -0.2618131E+18  0.2685382E+18 -0.1228459E+17 -0.5470727E+17 -0.1625371E+17  0.8841947E+16
  0.8558935E+17  0.2617932E+17 -0.6837665E+17  0.2001875E+16 -0.1045723E+17  0.1365639E+17
 -0.2238902E+18  0.2852698E+17  0.1256580E+18  0.9599428E+16 -0.1953209E+17 -0.1447032E+17
  0.1464167E+18 -0.8209602E+17 -0.4738114E+17  0.1150784E+17  0.1328333E+17  0.3833191E+16
  0.1295308E+18 -0.1909133E+18  0.5333456E+17  0.7034595E+17 -0.3930445E+17  0.5490152E+16
  0.2199381E+18 -0.1277950E+18 -0.4148467E+17 -0.2526712E+17  0.7099922E+17 -0.1786275E+17
 -0.2861413E+18  0.2896941E+18 -0.1302816E+17 -0.5808924E+17 -0.1758382E+17  0.9445889E+16
  0.9336151E+17  0.2910853E+17 -0.7366143E+17  0.2268885E+16 -0.1148319E+17  0.1452956E+17
 -0.2429282E+18  0.2905021E+17  0.1347866E+18  0.1043236E+17 -0.2032755E+17 -0.1536657E+17
  0.1580258E+18 -0.8706430E+17 -0.5067743E+17  0.1199202E+17  0.1396037E+17  0.4062948E+16
  0.1437561E+18 -0.2094226E+18  0.5834325E+17  0.7627126E+17 -0.4249697E+17  0.5919636E+16
  0.2421123E+18 -0.1377726E+18 -0.4525815E+17 -0.2810221E+17  0.7658132E+17 -0.1915377E+17
 -0.3133931E+18  0.3130292E+18 -0.1376464E+17 -0.6173518E+17 -0.1909745E+17  0.1011182E+17
  0.1019407E+18  0.3248881E+17 -0.7948416E+17  0.2588570E+16 -0.1266592E+17  0.1549364E+17
 -0.2639066E+18  0.2931781E+17  0.1448472E+18  0.1137319E+17 -0.2113790E+17 -0.1635908E+17
  0.1708019E+18 -0.9238440E+17 -0.5431608E+17  0.1249236E+17  0.1468941E+17  0.4318213E+16
  0.1600119E+18 -0.2303201E+18  0.6396326E+17  0.8288031E+17 -0.4603414E+17  0.6392176E+16
  0.2670630E+18 -0.1485951E+18 -0.4957438E+17 -0.3138540E+17  0.8281063E+17 -0.2057711E+17
 -0.3440127E+18  0.3388393E+18 -0.1448493E+17 -0.6567556E+17 -0.2082102E+17  0.1084755E+17
  0.1114333E+18  0.3639230E+17 -0.8591471E+17  0.2971283E+16 -0.1402917E+17  0.1655999E+17
 -0.2870819E+18  0.2927463E+17  0.1559609E+18  0.1243512E+17 -0.2196106E+17 -0.1745973E+17
  0.1848999E+18 -0.9809489E+17 -0.5834125E+17  0.1301057E+17  0.1547589E+17  0.4602088E+16
  0.1786239E+18 -0.2539577E+18  0.7028020E+17  0.9026585E+17 -0.4996029E+17  0.6912999E+16
  0.2951547E+18 -0.1603004E+18 -0.5452665E+17 -0.3520037E+17  0.8977958E+17 -0.2214976E+17
 -0.3784520E+18  0.3674063E+18 -0.1517064E+17 -0.6993212E+17 -0.2278827E+17  0.1166216E+17
  0.1219270E+18  0.4091056E+17 -0.9302201E+17  0.3431714E+16 -0.1560599E+17  0.1774237E+17
 -0.3126734E+18  0.2882031E+17  0.1682517E+18  0.1363548E+17 -0.2278744E+17 -0.1868321E+17
  0.2004574E+18 -0.1042140E+18 -0.6279960E+17  0.1354472E+17  0.1632416E+17  0.4918488E+16
  0.1999136E+18 -0.2806820E+18  0.7737806E+17  0.9852056E+17 -0.5432004E+17  0.7487441E+16
  0.3266659E+18 -0.1728208E+18 -0.6023036E+17 -0.3966449E+17  0.9759732E+17 -0.2389105E+17
 -0.4170878E+18  0.3989293E+18 -0.1578605E+17 -0.7450431E+17 -0.2504386E+17  0.1256629E+17
  0.1334459E+18  0.4616270E+17 -0.1008605E+18  0.3992243E+16 -0.1744524E+17  0.1905799E+17
 -0.3407682E+18  0.2776966E+17  0.1818299E+18  0.1499776E+17 -0.2359259E+17 -0.2004837E+17
  0.2175468E+18 -0.1107119E+18 -0.6773558E+17  0.1408562E+17  0.1723568E+17  0.5272554E+16
  0.2242969E+18 -0.3109391E+18  0.8536358E+17  0.1077624E+18 -0.5916907E+17  0.8121981E+16
  0.3619862E+18 -0.1861222E+18 -0.6682071E+17 -0.4490560E+17  0.1063900E+18 -0.2582324E+17
 -0.4604360E+18  0.4337084E+18 -0.1629500E+17 -0.7940697E+17 -0.2763632E+17  0.1357198E+17
  0.1460498E+18  0.5227778E+17 -0.1095040E+18  0.4678143E+16 -0.1959821E+17  0.2052577E+17
 -0.3715421E+18  0.2594745E+17  0.1968383E+18  0.1654480E+17 -0.2435542E+17 -0.2157555E+17
  0.2362954E+18 -0.1175852E+18 -0.7320484E+17  0.1462816E+17  0.1821407E+17  0.5669755E+16
  0.2523570E+18 -0.3453493E+18  0.9438297E+17  0.1181522E+18 -0.6458130E+17  0.8824944E+16
  0.4017445E+18 -0.2002820E+18 -0.7445436E+17 -0.5105207E+17  0.1163033E+18 -0.2797221E+17
 -0.5092924E+18  0.4722550E+18 -0.1666963E+17 -0.8469130E+17 -0.3061510E+17  0.1469273E+17
  0.1598911E+18  0.5938883E+17 -0.1190647E+18  0.5514741E+16 -0.2211227E+17  0.2216571E+17
 -0.4053888E+18  0.2323395E+17  0.2134787E+18  0.1829703E+17 -0.2506777E+17 -0.2328559E+17
  0.2569562E+18 -0.1248957E+18 -0.7928225E+17  0.1517665E+17  0.1926790E+17  0.6115513E+16
  0.2848581E+18 -0.3847124E+18  0.1046222E+18  0.1298924E+18 -0.7064826E+17  0.9606367E+16
  0.4468013E+18 -0.2154595E+18 -0.8331694E+17 -0.5824351E+17  0.1275068E+18 -0.3036789E+17
 -0.5647261E+18  0.5152681E+18 -0.1688368E+17 -0.9043582E+17 -0.3403448E+17  0.1594395E+17
  0.1752025E+18  0.6764346E+17 -0.1296896E+18  0.6529070E+16 -0.2503575E+17  0.2399993E+17
 -0.4428879E+18  0.1953462E+17  0.2320092E+18  0.2027563E+17 -0.2572906E+17 -0.2520121E+17
  0.2798899E+18 -0.1327523E+18 -0.8606170E+17  0.1574118E+17  0.2040962E+17  0.6615652E+16
  0.3226423E+18 -0.4298962E+18  0.1162800E+18  0.1432010E+18 -0.7746708E+17  0.1047680E+17
  0.4980006E+18 -0.2317037E+18 -0.9363630E+17 -0.6666792E+17  0.1401997E+18 -0.3304422E+17
 -0.6278223E+18  0.5634101E+18 -0.1688639E+17 -0.9669892E+17 -0.3796532E+17  0.1734364E+17
  0.1921669E+18  0.7722950E+17 -0.1415209E+18  0.7759396E+16 -0.2843775E+17  0.2605569E+17
 -0.4845241E+18  0.1465589E+17  0.2526922E+18  0.2250933E+17 -0.2632184E+17 -0.2735126E+17
  0.3054163E+18 -0.1412195E+18 -0.9364231E+17  0.1632440E+17  0.2164934E+17  0.7177812E+16
  0.3665704E+18 -0.4817775E+18  0.1295537E+18  0.1582981E+18 -0.8513514E+17  0.1144675E+17
  0.5560260E+18 -0.2488512E+18 -0.1056906E+18 -0.7658118E+17  0.1546148E+18 -0.3603944E+17
 -0.6995411E+18  0.6171934E+18 -0.1658920E+17 -0.1034971E+18 -0.4250078E+17  0.1891280E+17
  0.2108496E+18  0.8838340E+17 -0.1546761E+18  0.9262081E+16 -0.3241837E+17  0.2836703E+17
 -0.5305434E+18  0.8251492E+16  0.2757704E+18  0.2503482E+17 -0.2679988E+17 -0.2977294E+17
  0.3337406E+18 -0.1502778E+18 -0.1021220E+18  0.1691689E+17  0.2299191E+17  0.7812133E+16
  0.4176929E+18 -0.5414169E+18  0.1446798E+18  0.1754472E+18 -0.9376755E+17  0.1252849E+17
  0.6217172E+18 -0.2667245E+18 -0.1198100E+18 -0.8828014E+17  0.1710243E+18 -0.3939788E+17
 -0.7810592E+18  0.6772559E+18 -0.1588842E+17 -0.1108571E+18 -0.4774863E+17  0.2067578E+17
  0.2313495E+18  0.1013734E+18 -0.1693004E+18  0.1110502E+17 -0.3709226E+17  0.3097328E+17
 -0.5812858E+18 -0.5591087E+14  0.3015388E+18  0.2789009E+17 -0.2711251E+17 -0.3250918E+17
  0.3651328E+18 -0.1599247E+18 -0.1116189E+18  0.1751138E+17  0.2444402E+17  0.8530313E+16
  0.4773154E+18 -0.6101214E+18  0.1619468E+18  0.1949697E+18 -0.1035031E+18  0.1373660E+17
  0.6961430E+18 -0.2851586E+18 -0.1363845E+18 -0.1021046E+18  0.1897450E+18 -0.4317094E+17
 -0.8738606E+18  0.7444229E+18 -0.1466735E+17 -0.1188268E+18 -0.5383099E+17  0.2266050E+17
  0.2538233E+18  0.1165004E+18 -0.1855742E+18  0.1336791E+17 -0.4258765E+17  0.3391906E+17
 -0.6372431E+18 -0.1066141E+17  0.3303575E+18  0.3111448E+17 -0.2720811E+17 -0.3560835E+17
  0.3999621E+18 -0.1701924E+18 -0.1222755E+18  0.1810513E+17  0.2601541E+17  0.9345443E+16
  0.5471597E+18 -0.6895925E+18  0.1817269E+18  0.2172756E+18 -0.1145164E+18  0.1508914E+17
  0.7808324E+18 -0.3041055E+18 -0.1558769E+18 -0.1184323E+18  0.2111483E+18 -0.4741872E+17
 -0.9799907E+18  0.8198819E+18 -0.1280401E+17 -0.1275023E+18 -0.6088337E+17  0.2489913E+17
  0.2785746E+18  0.1341020E+18 -0.2037456E+18  0.1613873E+17 -0.4904019E+17  0.3725418E+17
 -0.6992551E+18 -0.2393382E+17  0.3626977E+18  0.3474940E+17 -0.2704535E+17 -0.3912366E+17
  0.4388032E+18 -0.1811956E+18 -0.1342724E+18  0.1870533E+17  0.2772264E+17  0.1027174E+17
  0.6292368E+18 -0.7818000E+18  0.2044456E+18  0.2428383E+18 -0.1270075E+18  0.1660663E+17
  0.8774232E+18 -0.3233664E+18 -0.1788486E+18 -0.1377352E+18  0.2356757E+18 -0.5221158E+17
 -0.1101719E+19  0.9049069E+18 -0.1013618E+17 -0.1369730E+18 -0.6907138E+17  0.2742957E+17
  0.3058751E+18  0.1545818E+18 -0.2240774E+18  0.1953046E+17 -0.5662162E+17  0.4103856E+17
 -0.7681322E+18 -0.4037125E+17  0.3990785E+18  0.3884477E+17 -0.2656188E+17 -0.4311956E+17
  0.4822451E+18 -0.1930235E+18 -0.1478129E+18  0.1931490E+17  0.2958180E+17  0.1132652E+17
  0.7259006E+18 -0.8890307E+18  0.2305892E+18  0.2722052E+18 -0.1412045E+18  0.1831221E+17
  0.9876731E+18 -0.3425614E+18 -0.2059776E+18 -0.1605949E+18  0.2638496E+18 -0.5763128E+17
 -0.1241579E+19  0.1000875E+19 -0.6453468E+16 -0.1473206E+18 -0.7859532E+17  0.3029616E+17
  0.3359613E+18  0.1784137E+18 -0.2468496E+18  0.2368683E+17 -0.6554527E+17  0.4534358E+17
 -0.8446569E+18 -0.6061280E+17  0.4400747E+18  0.4345789E+17 -0.2567102E+17 -0.4767329E+17
  0.5308985E+18 -0.2057410E+18 -0.1631259E+18  0.1993289E+17  0.3160839E+17  0.1253068E+17
  0.8399436E+18 -0.1013976E+19  0.2607212E+18  0.3060165E+18 -0.1573707E+18  0.2023218E+17
  0.1113526E+19 -0.3611237E+18 -0.2380812E+18 -0.1877175E+18  0.2962869E+18 -0.6377270E+17
 -0.1402467E+19  0.1109328E+19 -0.1490754E+16 -0.1586268E+18 -0.8969500E+17  0.3355063E+17
  0.3690548E+18  0.2061474E+18 -0.2723698E+18  0.2878756E+17 -0.7607044E+17  0.5025358E+17
 -0.9296365E+18 -0.8543857E+17  0.4863381E+18  0.4865265E+17 -0.2426131E+17 -0.5287652E+17
  0.5854307E+18 -0.2194026E+18 -0.1804750E+18  0.2055645E+17  0.3381843E+17  0.1390909E+17
  0.9747670E+18 -0.1159888E+19  0.2955129E+18  0.3450416E+18 -0.1758173E+18  0.2239711E+17
  0.1257269E+19 -0.3783306E+18 -0.2761465E+18 -0.2199496E+18  0.3337192E+18 -0.7074677E+17
 -0.1587862E+19  0.1232114E+19  0.5075936E+16 -0.1709937E+18 -0.1026549E+18  0.3725353E+17
  0.4054113E+18  0.2384160E+18 -0.3009945E+18  0.3505218E+17 -0.8850507E+17  0.5586776E+17
 -0.1024024E+19 -0.1157563E+18  0.5386358E+18  0.5450069E+17 -0.2220119E+17 -0.5883722E+17
  0.6466429E+18 -0.2340867E+18 -0.2001722E+18  0.2118502E+17  0.3623147E+17  0.1549113E+17
  0.1134677E+19 -0.1330833E+19  0.3357886E+18  0.3902249E+18 -0.1969189E+18  0.2484275E+17
  0.1421857E+19 -0.3933956E+18 -0.3213692E+18 -0.2582869E+18  0.3770113E+18 -0.7868223E+17
 -0.1802205E+19  0.1371616E+19  0.1363479E+17 -0.1845728E+18 -0.1178085E+18  0.4147520E+17
  0.4454303E+18  0.2759528E+18 -0.3331706E+18  0.4273953E+17 -0.1032028E+18  0.6230080E+17
 -0.1129167E+19 -0.1525735E+18  0.5979159E+18  0.6108365E+17 -0.1934857E+17 -0.6568034E+17
  0.7156098E+18 -0.2499472E+18 -0.2226008E+18  0.2182530E+17  0.3887485E+17  0.1731080E+17
  0.1324837E+19 -0.1531634E+19  0.3825043E+18  0.4426776E+18 -0.2211052E+18  0.2760898E+17
  0.1610586E+19 -0.4051966E+18 -0.3751963E+18 -0.3039348E+18  0.4271816E+18 -0.8772683E+17
 -0.2050654E+19  0.1530544E+19  0.2467726E+17 -0.1995247E+18 -0.1355553E+18  0.4629704E+17
  0.4894921E+18  0.3196020E+18 -0.3693857E+18  0.5216910E+17 -0.1205907E+18  0.6968745E+17
 -0.1246476E+19 -0.1971184E+18  0.6652545E+18  0.6849512E+17 -0.1552380E+17 -0.7355384E+17
  0.7935280E+18 -0.2671370E+18 -0.2482042E+18  0.2248257E+17  0.4177833E+17  0.1940869E+17
  0.1551693E+19 -0.1768229E+19  0.4368124E+18  0.5037454E+18 -0.2488843E+18  0.3074142E+17
  0.1827540E+19 -0.4123740E+18 -0.4393939E+18 -0.3583370E+18  0.4854410E+18 -0.9805257E+17
 -0.2339617E+19  0.1712246E+19  0.3881408E+17 -0.2160547E+18 -0.1563742E+18  0.5181461E+17
  0.5381063E+18  0.3703567E+18 -0.4102335E+18  0.6372536E+17 -0.1411735E+18  0.7818691E+17
 -0.1377767E+19 -0.2508288E+18  0.7419633E+18  0.7684476E+17 -0.1051743E+17 -0.8263371E+17
  0.8819086E+18 -0.2858709E+18 -0.2775250E+18  0.2316627E+17  0.4497988E+17  0.2183336E+17
  0.1822842E+19 -0.2047539E+19  0.5000179E+18  0.5749834E+18 -0.2808269E+18  0.3428958E+17
  0.2077103E+19 -0.4129874E+18 -0.5160837E+18 -0.4232377E+18  0.5532056E+18 -0.1098551E+18
 -0.2676355E+19  0.1920415E+19  0.5681989E+17 -0.2343608E+18 -0.1808396E+18  0.5813810E+17
  0.5917072E+18  0.4293487E+18 -0.4563443E+18  0.7788494E+17 -0.1655640E+18  0.8798699E+17
 -0.1524834E+19 -0.3154729E+18  0.8295105E+18  0.8625497E+17 -0.4057659E+16 -0.9312987E+17
  0.9823777E+18 -0.3063350E+18 -0.3111852E+18  0.2388112E+17  0.4851847E+17  0.2464334E+17
  0.2147754E+19 -0.2378059E+19  0.5736891E+18  0.6582649E+18 -0.3176031E+18  0.3830970E+17
  0.2364814E+19 -0.4047744E+18 -0.6078369E+18 -0.5007024E+18  0.6321492E+18 -0.1233615E+18
 -0.3069965E+19  0.2159654E+19  0.7964740E+17 -0.2547041E+18 -0.2096369E+18  0.6539662E+17
  0.6509529E+18  0.4979138E+18 -0.5085105E+18  0.9521353E+17 -0.1944798E+18  0.9930937E+17
 -0.1690114E+19 -0.3930983E+18  0.9297129E+18  0.9686904E+17  0.4167386E+16 -0.1052922E+18
  0.1097040E+19 -0.3288113E+18 -0.3499549E+18  0.2463833E+17  0.5244531E+17  0.2790885E+17
  0.2537925E+19 -0.2769960E+19  0.6596571E+18  0.7558024E+18 -0.3599839E+18  0.4286450E+17
  0.2697219E+19 -0.3848981E+18 -0.7177558E+18 -0.5931968E+18  0.7242463E+18 -0.1388344E+18
 -0.3531362E+19  0.2435408E+19  0.1084822E+18 -0.2773839E+18 -0.2435896E+18  0.7374160E+17
  0.7166281E+18  0.5776192E+18 -0.5676691E+18  0.1163937E+18 -0.2287773E+18  0.1124182E+18
 -0.1876506E+19 -0.4861542E+18  0.1044743E+19  0.1088534E+18  0.1453632E+17 -0.1194214E+18
  0.1228417E+19 -0.3536308E+18 -0.3947631E+18  0.2545038E+17  0.5682125E+17  0.3171519E+17
  0.3007295E+19 -0.3235364E+19  0.7600433E+18  0.8701824E+18 -0.4088420E+18  0.4802205E+17
  0.3082142E+19 -0.3498790E+18 -0.8495634E+18 -0.7036336E+18  0.8318011E+18 -0.1565737E+18
 -0.4073689E+19  0.2754110E+19  0.1447978E+18 -0.3027373E+18 -0.2836805E+18  0.8334841E+17
  0.7897133E+18  0.6703107E+18 -0.6349408E+18  0.1422403E+18 -0.2694697E+18  0.1276254E+18
 -0.2087539E+19 -0.5975541E+18  0.1177202E+19  0.1223974E+18  0.2750703E+17 -0.1358769E+18
  0.1379558E+19 -0.3811806E+18 -0.4467318E+18  0.2633065E+17  0.6171742E+17  0.3616546E+17
  0.3572946E+19 -0.3788850E+19  0.8773308E+18  0.1004450E+19 -0.4651728E+18  0.5385677E+17
  0.3529262E+19 -0.2955876E+18 -0.1007747E+19 -0.8354446E+18  0.9575159E+18 -0.1769235E+18
 -0.4713078E+19  0.3123526E+19  0.1904251E+18 -0.3311649E+18 -0.3310878E+18  0.9442183E+17
  0.8715281E+18  0.7782054E+18 -0.7117150E+18  0.1737189E+18 -0.3177525E+18  0.1453018E+18
 -0.2327727E+19 -0.7307622E+18  0.1330278E+19  0.1377221E+18  0.4362540E+17 -0.1550914E+18
  0.1554257E+19 -0.4119472E+18 -0.5072402E+18  0.2729608E+17  0.6722060E+17  0.4138515E+17
  0.4255111E+19 -0.4447389E+19  0.1014314E+19  0.1162089E+19 -0.5300742E+18  0.6044690E+17
  0.4049691E+19 -0.2167864E+18 -0.1197672E+19 -0.9926966E+18  0.1104542E+19 -0.2002766E+18
 -0.5468395E+19  0.3552479E+19  0.2476587E+18 -0.3630616E+18 -0.3872302E+18  0.1072003E+18
  0.9635471E+18  0.9039269E+18 -0.7996125E+18  0.2119990E+18 -0.3750680E+18  0.1658923E+18
 -0.2602201E+19 -0.8899985E+18  0.1507738E+19  0.1550699E+18  0.6358482E+17 -0.1775916E+18
  0.1756907E+19 -0.4464113E+18 -0.5779411E+18  0.2835707E+17  0.7342431E+17  0.4752896E+17
  0.5078718E+19 -0.5231366E+19  0.1174250E+19  0.1347151E+19 -0.6047721E+18  0.6787460E+17
  0.4657806E+19 -0.1075937E+18 -0.1425776E+19 -0.1180088E+19  0.1276526E+19 -0.2270761E+18
 -0.6363220E+19  0.4051769E+19  0.3193409E+18 -0.3989054E+18 -0.4537950E+18  0.1219588E+18
  0.1067944E+19  0.1050705E+19 -0.9007249E+18  0.2584359E+18 -0.4430923E+18  0.1899222E+18
 -0.2917926E+19 -0.1080241E+19  0.1714282E+19  0.1747182E+18  0.8819885E+17 -0.2040080E+18
  0.1993149E+19 -0.4852122E+18 -0.6608901E+18  0.2953001E+17  0.8044354E+17  0.5478463E+17
  0.6072615E+19 -0.6163883E+19  0.1360681E+19  0.1564131E+19 -0.6905658E+18  0.7622143E+17
  0.5369828E+19  0.3943510E+17 -0.1699674E+19 -0.1403127E+19  0.1477674E+19 -0.2578220E+18
 -0.7424544E+19  0.4633247E+19  0.4090207E+18 -0.4390926E+18 -0.5328063E+18  0.1390147E+18
  0.1187094E+19  0.1222371E+19 -0.1017475E+19  0.3146740E+18 -0.5238558E+18  0.2180232E+18
 -0.3282648E+19 -0.1307573E+19  0.1955414E+19  0.1969473E+18  0.1185225E+18 -0.2351113E+18
  0.2269362E+19 -0.5288974E+18 -0.7585323E+18  0.3081620E+17  0.8839175E+17  0.6338469E+17
  0.7272400E+19 -0.7272611E+19  0.1577733E+19  0.1818206E+19 -0.7888896E+18  0.8557156E+17
  0.6207354E+19  0.2324035E+18 -0.2028523E+19 -0.1668134E+19  0.1712857E+19 -0.2930817E+18
 -0.8686454E+19  0.5311510E+19  0.5211050E+18 -0.4840926E+18 -0.6266813E+18  0.1587366E+18
  0.1324571E+19  0.1423793E+19 -0.1153086E+19  0.3826121E+18 -0.6197311E+18  0.2509504E+18
 -0.3707160E+19 -0.1579245E+19  0.2238131E+19  0.2220682E+18  0.1558078E+18 -0.2718355E+18
  0.2593865E+19 -0.5782033E+18 -0.8739487E+18  0.3222210E+17  0.9740678E+17  0.7361470E+17
  0.8717989E+19 -0.8587740E+19  0.1829678E+19  0.2114859E+19 -0.9011710E+18  0.9600039E+17
  0.7194239E+19  0.4815694E+18 -0.2422992E+19 -0.1982406E+19  0.1987592E+19 -0.3334825E+18
 -0.1018685E+20  0.6101777E+19  0.6610481E+18 -0.5341248E+18 -0.7382897E+18  0.1815435E+18
  0.1484203E+19  0.1660729E+19 -0.1311243E+19  0.4645623E+18 -0.7335987E+18  0.2896097E+18
 -0.4203183E+19 -0.1904092E+19  0.2570508E+19  0.2503364E+18  0.2017060E+18 -0.3153194E+18
  0.2975796E+19 -0.6335831E+18 -0.1010754E+19  0.3372439E+17  0.1076009E+18  0.8582784E+17
  0.1045812E+20 -0.1014484E+20  0.2121410E+19  0.2460234E+19 -0.1028931E+19  0.1075810E+18
  0.8362337E+19  0.7979501E+18 -0.2895855E+19 -0.2354232E+19  0.2308220E+19 -0.3797314E+18
 -0.1197326E+20  0.7022446E+19  0.8356062E+18 -0.5893759E+18 -0.8710409E+18  0.2079176E+18
  0.1671636E+19  0.1940582E+19 -0.1496854E+19  0.5631994E+18 -0.8688400E+18  0.3350869E+18
 -0.4786922E+19 -0.2292720E+19  0.2962793E+19  0.2819910E+18  0.2582115E+18 -0.3669459E+18
  0.3426975E+19 -0.6956001E+18 -0.1173489E+19  0.3529786E+17  0.1190961E+18  0.1004585E+18
  0.1254655E+20 -0.1198183E+20  0.2457869E+19  0.2860630E+19 -0.1173620E+19  0.1203741E+18
  0.9747100E+19  0.1195441E+19 -0.3461973E+19 -0.2793169E+19  0.2681924E+19 -0.4326159E+18
 -0.1409805E+20  0.8092058E+19  0.1053086E+19 -0.6495428E+18 -0.1028975E+19  0.2384092E+18
  0.1893070E+19  0.2272216E+19 -0.1715612E+19  0.6818245E+18 -0.1029609E+19  0.3886976E+18
 -0.5476209E+19 -0.2758099E+19  0.3426886E+19  0.3171124E+18  0.3279722E+18 -0.4284128E+18
  0.3960349E+19 -0.7642645E+18 -0.1367487E+19  0.3687176E+17  0.1319482E+18  0.1180465E+18
  0.1504704E+20 -0.1414181E+20  0.2844490E+19  0.3322760E+19 -0.1336683E+19  0.1344305E+18
  0.1139414E+20  0.1689448E+19 -0.4138960E+19 -0.3310013E+19  0.3116849E+19 -0.4930096E+18
 -0.1662473E+20  0.9331680E+19  0.1323691E+19 -0.7139903E+18 -0.1216834E+19  0.2736408E+18
  0.2157008E+19  0.2666896E+19 -0.1974842E+19  0.8243288E+18 -0.1220834E+19  0.4520151E+18
 -0.6294408E+19 -0.3315896E+19  0.3977532E+19  0.3556257E+18  0.4142722E+18 -0.5017743E+18
  0.4591960E+19 -0.8393477E+18 -0.1599304E+19  0.3835533E+17  0.1461655E+18  0.1392528E+18
  0.1802852E+20 -0.1666944E+20  0.3286590E+19  0.3853201E+19 -0.1519414E+19  0.1497859E+18
  0.1335394E+20  0.2299578E+19 -0.4947206E+19 -0.3917222E+19  0.3622183E+19 -0.5618846E+18
 -0.1962205E+20  0.1076121E+20  0.1659805E+19 -0.7812039E+18 -0.1440173E+19  0.3143161E+18
  0.2472854E+19  0.3138099E+19 -0.2283026E+19  0.9955768E+18 -0.1448602E+19  0.5269426E+18
 -0.7267139E+19 -0.3985244E+19  0.4631756E+19  0.3970919E+18  0.5214506E+18 -0.5895394E+18
  0.5339104E+19 -0.9195764E+18 -0.1876573E+19  0.3959563E+17  0.1616050E+18  0.1648931E+18
  0.2157131E+20 -0.1961448E+20  0.3789967E+19  0.4458789E+19 -0.1723080E+19  0.1664693E+18
  0.1568920E+20  0.3048989E+19 -0.5910927E+19 -0.4629158E+19  0.4208433E+19 -0.6403356E+18
 -0.2317119E+20  0.1240178E+20  0.2076524E+19 -0.8488959E+18 -0.1705488E+19  0.3612330E+18
  0.2852760E+19  0.3702765E+19 -0.2650777E+19  0.1201509E+19 -0.1720300E+19  0.6157736E+18
 -0.8426411E+19 -0.4789553E+19  0.5410284E+19  0.4406660E+18  0.6550051E+18 -0.6947538E+18
  0.6222430E+19 -0.1002827E+19 -0.2208515E+19  0.4040471E+17  0.1779657E+18  0.1959660E+18
  0.2576051E+20 -0.2302706E+20  0.4360143E+19  0.5145917E+19 -0.1948744E+19  0.1844960E+18
  0.1846745E+20  0.3968024E+19 -0.7058017E+19 -0.5462545E+19  0.4887389E+19 -0.7295722E+18
 -0.2735746E+20  0.1427081E+20  0.2591867E+19 -0.9133426E+18 -0.2020258E+19  0.4152789E+18
  0.3309782E+19  0.4380900E+19 -0.3090114E+19  0.1449664E+19 -0.2045071E+19  0.7212563E+18
 -0.9806145E+19 -0.5757323E+19  0.6336579E+19  0.4847703E+18  0.8221348E+18 -0.8210909E+18
  0.7263353E+19 -0.1085103E+19 -0.2605644E+19  0.4052702E+17  0.1946340E+18  0.2336861E+18
  0.3069371E+20 -0.2696240E+20  0.5003155E+19  0.5921172E+19 -0.2197471E+19  0.2038819E+18
  0.2176815E+20  0.5094931E+19 -0.8421517E+19 -0.6437108E+19  0.5672576E+19 -0.8309589E+18
 -0.3227802E+20  0.1638433E+20  0.3227483E+19 -0.9694721E+18 -0.2393118E+19  0.4774497E+18
  0.3859522E+19  0.5197012E+19 -0.3615405E+19  0.1749500E+19 -0.2434149E+19  0.8466823E+18
 -0.1144587E+20 -0.6923475E+19  0.7438286E+19  0.5269730E+18  0.1032006E+19 -0.9729680E+18
  0.8486027E+19 -0.1160603E+19 -0.3080282E+19  0.3968285E+17  0.2106395E+18  0.2795224E+18
  0.3647527E+20 -0.3147727E+20  0.5725057E+19  0.6791028E+19 -0.2470292E+19  0.2246473E+18
  0.2567377E+20  0.6481195E+19 -0.1003983E+20 -0.7576542E+19  0.6579457E+19 -0.9460336E+18
 -0.3803309E+20  0.1875212E+20  0.4008938E+19 -0.1010245E+19 -0.2833963E+19  0.5488576E+18
  0.4517735E+19  0.6179647E+19 -0.4242446E+19  0.2113229E+19 -0.2901545E+19  0.9959832E+18
 -0.1338513E+20 -0.8330537E+19  0.8746083E+19  0.5635495E+18  0.1296493E+19 -0.1155673E+19
  0.9914362E+19 -0.1220650E+19 -0.3646209E+19  0.3757142E+17  0.2244595E+18  0.3352419E+18
  0.4322360E+20 -0.3663451E+20  0.6532544E+19  0.7762467E+19 -0.2768355E+19  0.2468219E+18
  0.3027340E+20  0.8194281E+19 -0.1195810E+20 -0.8909321E+19  0.7625737E+19 -0.1076508E+19
 -0.4473118E+20  0.2137883E+20  0.4966417E+19 -0.1026689E+19 -0.3354043E+19  0.6307272E+18
  0.5300799E+19  0.7362332E+19 -0.4988799E+19  0.2556404E+19 -0.3464496E+19  0.1173791E+19
 -0.1566464E+20 -0.1002997E+20  0.1029426E+20  0.5891878E+18  0.1630612E+19 -0.1375451E+19
  0.1157283E+20 -0.1253600E+19 -0.4318864E+19  0.3394830E+17  0.2339154E+18  0.4029391E+18
  0.5106973E+20 -0.4250308E+20  0.7432913E+19  0.8843359E+19 -0.3093042E+19  0.2704547E+18
  0.3565380E+20  0.1032448E+20 -0.1422911E+20 -0.1047020E+20  0.8831840E+19 -0.1224299E+19
 -0.5248280E+20  0.2426079E+20  0.6135209E+19 -0.1007544E+19 -0.3966145E+19  0.7244107E+18
  0.6222832E+19  0.8782952E+19 -0.5872651E+19  0.3099081E+19 -0.4144352E+19  0.1385544E+19
 -0.1832016E+20 -0.1208343E+20  0.1211942E+20  0.5964471E+18  0.2053380E+19 -0.1639637E+19
  0.1348374E+20 -0.1244115E+19 -0.5114966E+19  0.2869795E+17  0.2359734E+18  0.4850820E+18
  0.6016742E+20 -0.4916498E+20  0.8434814E+19  0.1004362E+20 -0.3446196E+19  0.2956172E+18
  0.4190015E+20  0.1299049E+20 -0.1691533E+20 -0.1230181E+20  0.1022153E+20 -0.1391538E+19
 -0.6140589E+20  0.2738771E+20  0.7556810E+19 -0.9393884E+18 -0.4684875E+19  0.8313932E+18
  0.7294739E+19  0.1048404E+20 -0.6912498E+19  0.3766929E+19 -0.4967339E+19  0.1637571E+19
 -0.2138131E+20 -0.1456408E+20  0.1426043E+20  0.5752991E+18  0.2588490E+19 -0.1956779E+19
  0.1566747E+20 -0.1173274E+19 -0.6052587E+19  0.2196545E+17  0.2266270E+18  0.5845522E+18
  0.7069467E+20 -0.5671692E+20  0.9548014E+19  0.1137571E+20 -0.3830090E+19  0.3223884E+18
  0.4908523E+20  0.1634746E+20 -0.2008984E+20 -0.1445608E+20  0.1182212E+20 -0.1580509E+19
 -0.7162026E+20  0.3074022E+20  0.9279605E+19 -0.8064789E+18 -0.5526772E+19  0.9532605E+18
  0.8520301E+19  0.1251091E+20 -0.8125211E+19  0.4592643E+19 -0.5965386E+19  0.1937110E+19
 -0.2486395E+20 -0.1755671E+20  0.1675610E+20  0.5124306E+18  0.3265136E+19 -0.2336679E+19
  0.1813949E+20 -0.1018395E+19 -0.7150468E+19  0.1429379E+17  0.2007223E+18  0.7046668E+18
  0.8286868E+20 -0.6528023E+20  0.1078404E+20  0.1285621E+20 -0.4247590E+19  0.3508426E+18
  0.5726901E+20  0.2059468E+20 -0.2383931E+20 -0.1699647E+20  0.1366524E+20 -0.1793614E+19
 -0.8325568E+20  0.3429313E+20  0.1136070E+20 -0.5910461E+18 -0.6510801E+19  0.1091688E+19
  0.9894387E+19  0.1491066E+20 -0.9525050E+19  0.5617520E+19 -0.7177036E+19  0.2292375E+19
 -0.2876823E+20 -0.2115808E+20  0.1964463E+20  0.3906944E+18  0.4118744E+19 -0.2790521E+19
  0.2091112E+20 -0.7537955E+18 -0.8428128E+19  0.6793127E+16  0.1519068E+18  0.8492292E+18
  0.9695425E+20 -0.7500640E+20  0.1215579E+20  0.1450674E+20 -0.4702021E+19  0.3810126E+18
  0.6648935E+20  0.2598555E+20 -0.2826619E+20 -0.2000000E+20  0.1578729E+20 -0.2033250E+19
 -0.9645196E+20  0.3801542E+20  0.1386777E+20 -0.2732885E+18 -0.7658781E+19  0.1248385E+19
  0.1139928E+20  0.1772898E+20 -0.1112141E+20  0.6893347E+19 -0.8648407E+19  0.2712577E+19
 -0.3307245E+20 -0.2547607E+20  0.2296151E+20  0.1883872E+18  0.5191819E+19 -0.3330965E+19
  0.2398807E+20 -0.3514261E+18 -0.9905505E+19  0.1287102E+16  0.7255801E+17  0.1022582E+19
  0.1132789E+21 -0.8608520E+20  0.1367696E+20  0.1635490E+20 -0.5196837E+19  0.4128290E+18
  0.7675880E+20  0.3283639E+20 -0.3349154E+20 -0.2355908E+20  0.1822949E+20 -0.2301571E+19
 -0.1113666E+21  0.4187279E+20  0.1688165E+20  0.1683988E+18 -0.8995830E+19  0.1424980E+19
  0.1300311E+20  0.2100671E+20 -0.1291704E+20  0.8484155E+19 -0.1043383E+20  0.3207884E+19
 -0.3773150E+20 -0.3062803E+20  0.2673824E+20 -0.1212884E+18  0.6534513E+19 -0.3972218E+19
  0.2737164E+20  0.2178539E+18 -0.1160310E+20  0.4334808E+15 -0.4617518E+17  0.1229667E+19
  0.1322471E+21 -0.9875071E+20  0.1536063E+20  0.1843463E+20 -0.5734998E+19  0.4460383E+18
  0.8806045E+20  0.4153645E+20 -0.3965792E+20 -0.2778314E+20  0.2103762E+20 -0.2600161E+19
 -0.1281819E+21  0.4582897E+20  0.2049963E+20  0.7574016E+18 -0.1055085E+20  0.1622854E+19
  0.1465939E+20  0.2477548E+20 -0.1490638E+20  0.1046811E+20 -0.1259645E+20  0.3789382E+19
 -0.4267678E+20 -0.3673891E+20  0.3100151E+20 -0.5707464E+18  0.8205294E+19 -0.4730179E+19
  0.3106043E+20  0.9831342E+18 -0.1354245E+20  0.7779615E+16 -0.2143248E+18  0.1476137E+19
  0.1543555E+21 -0.1132867E+21  0.1721718E+20  0.2078623E+20 -0.6318135E+19  0.4801114E+18
  0.1003472E+21  0.5255755E+20 -0.4693273E+20 -0.3280011E+20  0.2426140E+20 -0.2929617E+19
 -0.1471160E+21  0.4984772E+20  0.2483971E+20  0.1518873E+19 -0.1235709E+20  0.1842934E+19
  0.1630905E+20  0.2905371E+20 -0.1707474E+20  0.1293942E+20 -0.1520888E+20  0.4469097E+19
 -0.4782041E+20 -0.4394016E+20  0.3577397E+20 -0.1198370E+19  0.1027172E+20 -0.5622748E+19
  0.3505403E+20  0.1972434E+19 -0.1574736E+20  0.2774643E+17 -0.4430393E+18  0.1768551E+19
  0.1802023E+21 -0.1300252E+21  0.1925080E+20  0.2345496E+20 -0.6945218E+19  0.5141350E+18
  0.1135421E+21  0.6646106E+20 -0.5550993E+20 -0.3875606E+20  0.2795266E+20 -0.3288976E+19
 -0.1684315E+21  0.5389245E+20  0.3004488E+20  0.2479800E+19 -0.1445238E+20  0.2085381E+19
  0.1788519E+20  0.3384301E+20 -0.1939854E+20  0.1600975E+20 -0.1835331E+20  0.5259983E+19
 -0.5306276E+20 -0.5236910E+20  0.4107600E+20 -0.2048762E+19  0.1281128E+20 -0.6670202E+19
  0.3935738E+20  0.3212273E+19 -0.1824568E+20  0.6554485E+17 -0.7445881E+18  0.2114627E+19
  0.2104925E+21 -0.1493403E+21  0.2145518E+20  0.2648852E+20 -0.7611017E+19  0.5467234E+18
  0.1275458E+21  0.8390088E+20 -0.6561104E+20 -0.4581347E+20  0.3216264E+20 -0.3675098E+19
 -0.1924470E+21  0.5792582E+20  0.3628799E+20  0.3669039E+19 -0.1687919E+20  0.2349243E+19
  0.1932128E+20  0.3912752E+20 -0.2184756E+20  0.1980929E+20 -0.2212175E+20  0.6176042E+19
 -0.5830566E+20 -0.6217099E+20  0.4693029E+20 -0.3172911E+19  0.1591260E+20 -0.7895855E+19
  0.4398713E+20  0.4728096E+19 -0.2107205E+20  0.1270536E+18 -0.1132498E+19  0.2523644E+19
  0.2460259E+21 -0.1716305E+21  0.2380813E+20  0.2993286E+20 -0.8304412E+19  0.5759828E+18
  0.1422465E+21  0.1056180E+21 -0.7748320E+20 -0.5414667E+20  0.3693838E+20 -0.4082075E+19
 -0.2195424E+21  0.6190681E+20  0.4377562E+20  0.5117277E+19 -0.1968429E+20  0.2632082E+19
  0.2056092E+20  0.4487650E+20 -0.2438920E+20  0.2448698E+20 -0.2661607E+20  0.7232568E+19
 -0.6346719E+20 -0.7350327E+20  0.5336805E+20 -0.4628417E+19  0.1967720E+20 -0.9326977E+19
  0.4897742E+20  0.6545801E+19 -0.2427128E+20  0.2187105E+18 -0.1621920E+19  0.3006971E+19
  0.2876862E+21 -0.1972993E+21  0.2626730E+20  0.3382766E+20 -0.9007246E+19  0.5995868E+18
  0.1575512E+21  0.1324299E+21 -0.9139914E+20 -0.6393686E+20  0.4232001E+20 -0.4500982E+19
 -0.2501755E+21  0.6578952E+20  0.5275378E+20  0.6857268E+19 -0.2291899E+20  0.2929761E+19
  0.2157072E+20  0.5105609E+20 -0.2699687E+20  0.3021138E+20 -0.3194968E+20  0.8446999E+19
 -0.6850427E+20 -0.8654775E+20  0.6044103E+20 -0.6480379E+19  0.2422318E+20 -0.1099657E+20
  0.5438895E+20  0.8695018E+19 -0.2790368E+20  0.3475124E+18 -0.2230444E+19  0.3578923E+19
  0.3363885E+21 -0.2267120E+21  0.2876533E+20  0.3819862E+20 -0.9693322E+19  0.6149469E+18
  0.1734141E+21  0.1651983E+21 -0.1076491E+21 -0.7536045E+20  0.4833582E+20 -0.4919672E+19
 -0.2848756E+21  0.6951629E+20  0.6350838E+20  0.8923515E+19 -0.2663770E+20  0.3236149E+19
  0.2234948E+20  0.5764391E+20 -0.2965863E+20  0.3716886E+20 -0.3824784E+20  0.9839535E+19
 -0.7342914E+20 -0.1015201E+21  0.6823103E+20 -0.8802413E+19  0.2968831E+20 -0.1294485E+20
  0.6031279E+20  0.1121287E+20 -0.3204899E+20  0.5211518E+18 -0.2979146E+19  0.4257545E+19
  0.3930467E+21 -0.2601715E+21  0.3121111E+20  0.4305418E+20 -0.1032987E+20  0.6196041E+18
  0.1898921E+21  0.2048068E+21 -0.1265440E+21 -0.8858511E+20  0.5500427E+20 -0.5323659E+19
 -0.3242601E+21  0.7301626E+20  0.7637111E+20  0.1135330E+20 -0.3089938E+20  0.3543412E+19
  0.2293556E+20  0.6465585E+20 -0.3238976E+20  0.4556656E+20 -0.4565372E+20  0.1143526E+20
 -0.7832963E+20 -0.1186929E+21  0.7686736E+20 -0.1167985E+20  0.3623808E+20 -0.1522256E+20
  0.6687792E+20  0.1414998E+20 -0.3681340E+20  0.7484600E+18 -0.3894474E+19  0.5066045E+19
  0.4585163E+21 -0.2978884E+21  0.3349428E+20  0.4838296E+20 -0.1088027E+20  0.6116832E+18
  0.2071898E+21  0.2521325E+21 -0.1484170E+21 -0.1037654E+21  0.6233723E+20 -0.5697279E+19
 -0.3690309E+21  0.7619951E+20  0.9172148E+20  0.1418778E+20 -0.3576844E+20  0.3842399E+19
  0.2340570E+20  0.7217174E+20 -0.3524237E+20  0.5563559E+20 -0.5433511E+20  0.1326626E+20
 -0.8337698E+20 -0.1384149E+21  0.8653947E+20 -0.1521404E+20  0.4407427E+20 -0.1789424E+20
  0.7425242E+20  0.1757615E+20 -0.4233450E+20  0.1040104E+19 -0.5010458E+19  0.6034180E+19
  0.5335682E+21 -0.3399796E+21  0.3549602E+20  0.5415716E+20 -0.1130870E+20  0.5903498E+18
  0.2257003E+21  0.3080468E+21 -0.1736372E+21 -0.1210494E+21  0.7034931E+20 -0.6025392E+19
 -0.4199799E+21  0.7895115E+20  0.1099930E+21  0.1747485E+20 -0.4131784E+20  0.4123356E+19
  0.2386791E+20  0.8036036E+20 -0.3831226E+20  0.6764090E+20 -0.6449637E+20  0.1537451E+20
 -0.8882612E+20 -0.1611343E+21  0.9750913E+20 -0.1952946E+20  0.5344758E+20 -0.2104247E+20
  0.8264317E+20  0.2158683E+20 -0.4878650E+20  0.1409649E+19 -0.6371646E+19  0.7199997E+19
  0.6188856E+21 -0.3864975E+21  0.3710326E+20  0.6034246E+20 -0.1158560E+20  0.5561012E+18
  0.2459995E+21  0.3734517E+21 -0.2026286E+21 -0.1405967E+21  0.7907102E+20 -0.6295011E+19
 -0.4779798E+21  0.8112438E+20  0.1316800E+21  0.2127258E+20 -0.4763350E+20  0.4376712E+19
  0.2444545E+20  0.8948757E+20 -0.4173674E+20  0.8189689E+20 -0.7639295E+20  0.1781473E+20
 -0.9499558E+20 -0.1874150E+21  0.1101131E+21 -0.2478235E+20  0.6467189E+20 -0.2477197E+20
  0.9228875E+20  0.2630771E+20 -0.5638264E+20  0.1874811E+19 -0.8036182E+19  0.8611565E+19
  0.7151473E+21 -0.4375133E+21  0.3822308E+20  0.6691554E+20 -0.1169207E+20  0.5107353E+18
  0.2687995E+21  0.4493860E+21 -0.2359048E+21 -0.1626141E+21  0.8856500E+20 -0.6496269E+19
 -0.5439965E+21  0.8253500E+20  0.1573545E+21  0.2565450E+20 -0.5482146E+20  0.4593635E+19
  0.2525815E+20  0.9990690E+20 -0.4568429E+20  0.9879373E+20 -0.9035054E+20  0.2065723E+20
 -0.1022349E+21 -0.2179532E+21  0.1247601E+21 -0.3117200E+20  0.7814255E+20 -0.2921424E+20
  0.1034515E+21  0.3189836E+20 -0.6537729E+20  0.2458895E+19 -0.1007926E+20  0.1032897E+20
  0.8230982E+21 -0.4931873E+21  0.3878578E+20  0.7387748E+20 -0.1161991E+20  0.4569129E+18
  0.2948162E+21  0.5371325E+21 -0.2740799E+21 -0.1873820E+21  0.9892946E+20 -0.6621212E+19
 -0.6190473E+21  0.8295104E+20  0.1876722E+21  0.3071135E+20 -0.6300996E+20  0.4765357E+19
  0.2639922E+20  0.1120127E+21 -0.5032877E+20  0.1188183E+21 -0.1067733E+21  0.2398731E+20
 -0.1108648E+21 -0.2535598E+21  0.1419012E+21 -0.3894795E+20  0.9434568E+20 -0.3452785E+20
  0.1163954E+21  0.3854880E+20 -0.7605832E+20  0.3191727E+19 -0.1259481E+20  0.1242503E+20
  0.9437183E+21 -0.5538790E+21  0.3873855E+20  0.8126946E+20 -0.1136805E+20  0.3975432E+18
  0.3246166E+21  0.6383819E+21 -0.3178885E+21 -0.2152915E+21  0.1102989E+21 -0.6661223E+19
 -0.7042062E+21  0.8209299E+20  0.2233937E+21  0.3655293E+20 -0.7235410E+20  0.4881674E+19
  0.2791509E+20  0.1261778E+21 -0.5581891E+20  0.1425826E+21 -0.1261523E+21  0.2790382E+20
 -0.1211151E+21 -0.2951463E+21  0.1619975E+21 -0.4841632E+20  0.1138692E+21 -0.4089860E+20
  0.1313703E+21  0.4647369E+20 -0.8874121E+20  0.4110143E+19 -0.1569658E+20  0.1498626E+20
  0.1078332E+22 -0.6201895E+21  0.3802046E+20  0.8917363E+20 -0.1093351E+20  0.3351370E+18
  0.3584328E+21  0.7553287E+21 -0.3681613E+21 -0.2468500E+21  0.1228219E+21 -0.6601824E+19
 -0.8005627E+21  0.7963479E+20  0.2653897E+21  0.4330277E+20 -0.8303106E+20  0.4927442E+19
  0.2978538E+20  0.1426647E+21 -0.6223782E+20  0.1708323E+21 -0.1490520E+21  0.3251214E+20
 -0.1330518E+21 -0.3436693E+21  0.1854615E+21 -0.5993527E+20  0.1373957E+21 -0.4853255E+20
  0.1485861E+21  0.5589675E+20 -0.1037527E+21  0.5256962E+19 -0.1951541E+20  0.1811176E+20
  0.1228681E+22 -0.6929507E+21  0.3652663E+20  0.9770248E+20 -0.1030013E+20  0.2714690E+18
  0.3960204E+21  0.8907004E+21 -0.4257759E+21 -0.2826592E+21  0.1366238E+21 -0.6416301E+19
 -0.9091899E+21  0.7521552E+20  0.3146397E+21  0.5108714E+20 -0.9522895E+20  0.4877736E+19
  0.3191068E+20  0.1615394E+21 -0.6956531E+20  0.2044375E+21 -0.1760780E+21  0.3791310E+20
 -0.1465221E+21 -0.4000609E+21  0.2125934E+21 -0.7389910E+20  0.1656801E+21 -0.5764384E+20
  0.1681939E+21  0.6702918E+20 -0.1214125E+21  0.6678172E+19 -0.2419285E+20  0.2191071E+20
  0.1396946E+22 -0.7731614E+21  0.3407169E+20  0.1069795E+21 -0.9428750E+19  0.2077532E+18
  0.4366208E+21  0.1047703E+22 -0.4915916E+21 -0.3233705E+21  0.1517632E+21 -0.6059922E+19
 -0.1031152E+22  0.6846614E+20  0.3722292E+21  0.6001981E+20 -0.1091328E+21  0.4692710E+19
  0.3411686E+20  0.1826142E+21 -0.7765650E+20  0.2443656E+21 -0.2078324E+21  0.4419026E+20
 -0.1611452E+21 -0.4651681E+21  0.2435346E+21 -0.9071191E+20  0.1995173E+21 -0.6844049E+20
  0.1902855E+21  0.8004738E+20 -0.1420210E+21  0.8418381E+19 -0.2987199E+20  0.2649963E+20
  0.1585567E+22 -0.8618068E+21  0.3036203E+20  0.1171050E+21 -0.8251371E+19  0.1453506E+18
  0.4790370E+21  0.1229775E+22 -0.5663395E+21 -0.3695913E+21  0.1681793E+21 -0.5466332E+19
 -0.1167467E+22  0.5904355E+20  0.4393104E+21  0.7017940E+20 -0.1248999E+21  0.4313201E+19
  0.3618208E+20  0.2054380E+21 -0.8624508E+20  0.2916138E+21 -0.2448452E+21  0.5139432E+20
 -0.1763596E+21 -0.5396849E+21  0.2782405E+21 -0.1107455E+21  0.2396869E+21 -0.8110522E+20
  0.2149041E+21  0.9507019E+20 -0.1658493E+21  0.1051439E+20 -0.3668455E+20  0.3199798E+20
  0.1797158E+22 -0.9597668E+21  0.2499602E+20  0.1281402E+21 -0.6674526E+19  0.8691517E+17
  0.5218840E+21  0.1440412E+22 -0.6505915E+21 -0.4218352E+21  0.1856786E+21 -0.4549661E+19
 -0.1319234E+22  0.4668285E+20  0.5171090E+21  0.8159803E+20 -0.1426552E+21  0.3659943E+19
  0.3788801E+20  0.2293776E+21 -0.9499094E+20  0.3471685E+21 -0.2875421E+21  0.5953914E+20
 -0.1915489E+21 -0.6241975E+21  0.3165357E+21 -0.1343096E+21  0.2869322E+21 -0.9579169E+20
  0.2421015E+21  0.1121594E+21 -0.1931636E+21  0.1299015E+20 -0.4474388E+20  0.3852948E+20
  0.2034347E+22 -0.1067736E+22  0.1748760E+20  0.1401016E+21 -0.4589224E+19  0.3758162E+17
  0.5638787E+21  0.1682977E+22 -0.7447594E+21 -0.4804925E+21  0.2039508E+21 -0.3211458E+19
 -0.1487745E+22  0.3124341E+20  0.6069330E+21  0.9425906E+20 -0.1624977E+21  0.2636135E+19
  0.3907387E+20  0.2537513E+21 -0.1035518E+21  0.4119743E+21 -0.3362401E+21  0.6860708E+20
 -0.2061860E+21 -0.7192796E+21  0.3582133E+21 -0.1616354E+21  0.3419646E+21 -0.1126327E+21
  0.2720020E+21  0.1313371E+21 -0.2242673E+21  0.1585416E+20 -0.5414414E+20  0.4622744E+20
  0.2299749E+22 -0.1186275E+22  0.7307548E+19  0.1529785E+21 -0.1884719E+19  0.5805010E+16
  0.6041530E+21  0.1960695E+22 -0.8492063E+21 -0.5458789E+21  0.2226325E+21 -0.1350719E+19
 -0.1674696E+22  0.1272946E+20  0.7102481E+21  0.1081171E+21 -0.1845352E+21  0.1132649E+19
  0.3967834E+20  0.2780084E+21 -0.1116710E+21  0.4869700E+21 -0.3912144E+21  0.7857191E+20
 -0.2199747E+21 -0.8256945E+21  0.4031911E+21 -0.1928992E+21  0.4055379E+21 -0.1317733E+21
  0.3048820E+21  0.1526319E+21 -0.2595731E+21  0.1910287E+20 -0.6497453E+20  0.5524940E+20
  0.2596020E+22 -0.1315930E+22 -0.6076546E+19  0.1667622E+21  0.1540109E+19  0.3555868E+16
  0.6424789E+21  0.2276830E+22 -0.9644336E+21 -0.6183372E+21  0.2413912E+21  0.1127853E+19
 -0.1882400E+22 -0.8735718E+19  0.8288013E+21  0.1231350E+21 -0.2089339E+21 -0.9674160E+18
  0.3975116E+20  0.3018919E+21 -0.1192489E+21  0.5731828E+21 -0.4528206E+21  0.8943329E+20
 -0.2329340E+21 -0.9446320E+21  0.4516734E+21 -0.2282860E+21  0.4785812E+21 -0.1534229E+21
  0.3412368E+21  0.1761411E+21 -0.2996873E+21  0.2273032E+20 -0.7734696E+20  0.6579925E+20
  0.2926100E+22 -0.1457449E+22 -0.2318242E+20  0.1814837E+21  0.5773418E+19  0.4591646E+17
  0.6793307E+21  0.2635104E+22 -0.1091321E+22 -0.6983877E+21  0.2600069E+21  0.4312408E+19
 -0.2114000E+22 -0.3298536E+20  0.9648026E+21  0.1393301E+21 -0.2359755E+21 -0.3788716E+19
  0.3942878E+20  0.3255251E+21 -0.1263695E+21  0.6718861E+21 -0.5216551E+21  0.1012538E+21
 -0.2453958E+21 -0.1077940E+22  0.5042710E+21 -0.2680859E+21  0.5623776E+21 -0.1779154E+21
  0.3818219E+21  0.2020954E+21 -0.3454922E+21  0.2674190E+20 -0.9143320E+20  0.7815481E+20
  0.3293264E+22 -0.1611848E+22 -0.4452734E+20  0.1972247E+21  0.1089668E+20  0.1505105E+18
  0.7156820E+21  0.3039949E+22 -0.1231213E+22 -0.7867929E+21  0.2783817E+21  0.8290739E+19
 -0.2373409E+22 -0.5990022E+20  0.1121006E+22  0.1567958E+21 -0.2660732E+21 -0.7469937E+19
  0.3888245E+20  0.3493466E+21 -0.1332559E+21  0.7846926E+21 -0.5986315E+21  0.1141720E+21
 -0.2578910E+21 -0.1228154E+22  0.5619787E+21 -0.3127545E+21  0.6586637E+21 -0.2057374E+21
  0.4276207E+21  0.2308783E+21 -0.3981648E+21  0.3116359E+20 -0.1074873E+21  0.9268447E+20
  0.3701417E+22 -0.1780530E+22 -0.7067070E+20  0.2141265E+21  0.1699772E+20  0.3373267E+18
  0.7527370E+21  0.3496891E+22 -0.1385976E+22 -0.8846180E+21  0.2965154E+21  0.1316254E+20
 -0.2665319E+22 -0.8947923E+20  0.1300812E+22  0.1757099E+21 -0.2997774E+21 -0.1217522E+20
  0.3827000E+20  0.3739812E+21 -0.1401985E+21  0.9136527E+21 -0.6850224E+21  0.1284010E+21
 -0.2710157E+21 -0.1398490E+22  0.6261024E+21 -0.3629540E+21  0.7697038E+21 -0.2375394E+21
  0.4798112E+21  0.2630245E+21 -0.4591839E+21  0.3604642E+20 -0.1258585E+21  0.1098608E+21
  0.4155025E+22 -0.1965149E+22 -0.1022603E+21  0.2323579E+21  0.2418237E+20  0.6291875E+18
  0.7915984E+21  0.4012453E+22 -0.1557802E+22 -0.9931274E+21  0.3144040E+21  0.1904983E+20
 -0.2994927E+22 -0.1218469E+21  0.1508183E+22  0.1962969E+21 -0.3377231E+21 -0.1810560E+20
  0.3770302E+20  0.4000500E+21 -0.1474651E+21  0.1061188E+22 -0.7823432E+21  0.1441924E+21
 -0.2852906E+21 -0.1592618E+22  0.6980740E+21 -0.4194990E+21  0.8981994E+21 -0.2740905E+21
  0.5396832E+21  0.2991605E+21 -0.5302641E+21  0.4145812E+20 -0.1469696E+21  0.1302524E+21
  0.4659018E+22 -0.2167421E+22 -0.1400563E+21  0.2520765E+21  0.3257779E+20  0.1052570E+19
  0.8330127E+21  0.4593851E+22 -0.1748885E+22 -0.1113623E+22  0.3319258E+21  0.2609871E+20
 -0.3367642E+22 -0.1571825E+21  0.1747453E+22  0.2187680E+21 -0.3805558E+21 -0.2550457E+20
  0.3723479E+20  0.4280026E+21 -0.1552273E+21  0.1229940E+22 -0.8921451E+21  0.1617809E+21
 -0.3010601E+21 -0.1814377E+22  0.7792349E+21 -0.4832362E+21  0.1047095E+22 -0.3161958E+21
  0.6085519E+21  0.3399119E+21 -0.6132553E+21  0.4746518E+20 -0.1712695E+21  0.1544988E+21
  0.5218623E+22 -0.2388966E+22 -0.1849227E+21  0.2734035E+21  0.4232670E+20  0.1638192E+19
  0.8771172E+21  0.5248579E+22 -0.1961052E+22 -0.1247292E+22  0.3487563E+21  0.3446976E+20
 -0.3788751E+22 -0.1955682E+21  0.2023069E+22  0.2432559E+21 -0.4288630E+21 -0.3465456E+20
  0.3685525E+20  0.4579475E+21 -0.1634954E+21  0.1422565E+22 -0.1015762E+22  0.1813226E+21
 -0.3183961E+21 -0.2067439E+22  0.8705984E+21 -0.5548777E+21  0.1219309E+22 -0.3645893E+21
  0.6876638E+21  0.3857885E+21 -0.7100126E+21  0.5410813E+20 -0.1991633E+21  0.1832719E+21
  0.5839577E+22 -0.2631438E+22 -0.2378157E+21  0.2964454E+21  0.5358239E+20  0.2421249E+19
  0.9232950E+21  0.5984458E+22 -0.2195626E+22 -0.1395233E+22  0.3643679E+21  0.4432539E+20
 -0.4263436E+22 -0.2368300E+21  0.2339511E+22  0.2697931E+21 -0.4831741E+21 -0.4587033E+20
  0.3649552E+20  0.4895467E+21 -0.1720888E+21  0.1641681E+22 -0.1154190E+22  0.2028643E+21
 -0.3370457E+21 -0.2355209E+22  0.9727295E+21 -0.6348963E+21  0.1417601E+22 -0.4198701E+21
  0.7781763E+21  0.4371168E+21 -0.8223395E+21  0.6138424E+20 -0.2309620E+21  0.2172522E+21
  0.6528054E+22 -0.2896584E+22 -0.2997779E+21  0.3213131E+21  0.6650769E+20  0.3441560E+19
  0.9701583E+21  0.6809584E+22 -0.2453403E+22 -0.1558503E+22  0.3780665E+21  0.5582047E+20
 -0.4796814E+22 -0.2804422E+21  0.2701279E+22  0.2983188E+21 -0.5439876E+21 -0.5949450E+20
  0.3604470E+20  0.5219923E+21 -0.1806494E+21  0.1889847E+22 -0.1308065E+22  0.2263454E+21
 -0.3564361E+21 -0.2680835E+22  0.1085736E+22 -0.7234854E+21  0.1644541E+22 -0.4824863E+21
  0.8811748E+21  0.4940233E+21 -0.9519851E+21  0.6924251E+20 -0.2668613E+21  0.2571214E+21
  0.7291248E+22 -0.3186577E+22 -0.3719861E+21  0.3481666E+21  0.8128667E+20  0.4744513E+19
  0.1015942E+22  0.7733105E+22 -0.2735143E+22 -0.1738356E+22  0.3890947E+21  0.6910992E+20
 -0.5394731E+22 -0.3255913E+21  0.3113374E+22  0.3287538E+21 -0.6118879E+21 -0.7590890E+20
  0.3538963E+20  0.5542213E+21 -0.1887481E+21  0.2169854E+22 -0.1477950E+22  0.2516686E+21
 -0.3758433E+21 -0.3047771E+22  0.1209584E+22 -0.8207152E+21  0.1902856E+22 -0.5528552E+21
  0.9978785E+21  0.5565653E+21 -0.1100869E+22  0.7760586E+20 -0.3070041E+21  0.3036224E+21
  0.8137323E+22 -0.3503935E+22 -0.4557747E+21  0.3771990E+21  0.9812841E+20  0.6382032E+19
  0.1059133E+22  0.8765381E+22 -0.3041961E+22 -0.1936284E+22  0.3966865E+21  0.8436007E+20
 -0.6064291E+22 -0.3713525E+21  0.3581670E+22  0.3610576E+21 -0.6876050E+21 -0.9554922E+20
  0.3446348E+20  0.5852795E+21 -0.1960366E+21  0.2484892E+22 -0.1664605E+22  0.2787757E+21
 -0.3946561E+21 -0.3460280E+22  0.1344487E+22 -0.9267123E+21  0.2195789E+22 -0.6315026E+21
  0.1129844E+22  0.6248854E+21 -0.1271326E+22  0.8640171E+20 -0.3515676E+21  0.3576312E+21
  0.9075319E+22 -0.3851335E+22 -0.5526149E+21  0.4086022E+21  0.1172579E+21  0.8412466E+19
  0.1099214E+22  0.9918059E+22 -0.3375699E+22 -0.2153977E+22  0.4001124E+21  0.1017577E+21
 -0.6814339E+22 -0.4169334E+21  0.4113251E+22  0.3952730E+21 -0.7720407E+21 -0.1189155E+21
  0.3328452E+20  0.6147688E+21 -0.2024076E+21  0.2838712E+22 -0.1869245E+22  0.3077169E+21
 -0.4126805E+21 -0.3923942E+22  0.1491319E+22 -0.1041855E+22  0.2527450E+22 -0.7192049E+21
  0.1279162E+22  0.6993741E+21 -0.1466357E+22  0.9559465E+20 -0.4008609E+21  0.4202366E+21
  0.1011488E+23 -0.4231411E+22 -0.6640439E+21  0.4425371E+21  0.1388965E+21  0.1089866E+20
  0.1137026E+22  0.1120391E+23 -0.3739041E+22 -0.2393242E+22  0.3987034E+21  0.1215093E+21
 -0.7655453E+22 -0.4618491E+21  0.4716467E+22  0.4315384E+21 -0.8662482E+21 -0.1465699E+21
  0.3195364E+20  0.6430902E+21 -0.2080574E+21  0.3235664E+22 -0.2093653E+22  0.3386773E+21
 -0.4302796E+21 -0.4445803E+22  0.1651792E+22 -0.1166880E+22  0.2902975E+22 -0.8170550E+21
  0.1448509E+22  0.7807377E+21 -0.1689736E+22  0.1052033E+21 -0.4553789E+21  0.4927839E+21
  0.1126654E+23 -0.4646874E+22 -0.7916380E+21  0.4791497E+21  0.1632552E+21  0.1390601E+20
  0.1174418E+22  0.1263720E+23 -0.4135433E+22 -0.2656046E+22  0.3918367E+21  0.1438375E+21
 -0.8599785E+22 -0.5059407E+21  0.5400896E+22  0.4700737E+21 -0.9714090E+21 -0.1791311E+21
  0.3060518E+20  0.6712704E+21 -0.2133872E+21  0.3680782E+22 -0.2340135E+22  0.3719476E+21
 -0.4482184E+21 -0.5034242E+22  0.1828293E+22 -0.1302868E+22  0.3328500E+22 -0.9264258E+21
  0.1641060E+22  0.8699466E+21 -0.1945951E+22  0.1152924E+21 -0.5157867E+21  0.5768720E+21
  0.1254138E+23 -0.5100423E+22 -0.9369831E+21  0.5185697E+21  0.1905297E+21  0.1750082E+20
  0.1213073E+22  0.1423313E+23 -0.4568294E+22 -0.2944377E+22  0.3788171E+21  0.1689589E+21
 -0.9659865E+22 -0.5491170E+21  0.6176604E+22  0.5110824E+21 -0.1088708E+22 -0.2172513E+21
  0.2933382E+20  0.7002841E+21 -0.2187441E+21  0.4179457E+22 -0.2611030E+22  0.4077969E+21
 -0.4671784E+21 -0.5698012E+22  0.2023155E+22 -0.1450933E+22  0.3810544E+22 -0.1048710E+22
  0.1860102E+22  0.9679563E+21 -0.2239761E+22  0.1259258E+21 -0.5827612E+21  0.6742278E+21
  0.1395189E+23 -0.5595177E+22 -0.1101771E+22  0.5609636E+21  0.2209236E+21  0.2175152E+20
  0.1253447E+22  0.1600862E+23 -0.5040613E+22 -0.3260395E+22  0.3587849E+21  0.1970727E+21
 -0.1084843E+23 -0.5910430E+21  0.7053974E+22  0.5546969E+21 -0.1219322E+22 -0.2616106E+21
  0.2815263E+20  0.7304026E+21 -0.2242028E+21  0.4737462E+22 -0.2908402E+22  0.4463783E+21
 -0.4873151E+21 -0.6445810E+22  0.2238073E+22 -0.1611986E+22  0.4355666E+22 -0.1185119E+22
  0.2108826E+22  0.1075496E+22 -0.2575911E+22  0.1371250E+21 -0.6568541E+21  0.7866128E+21
  0.1551196E+23 -0.6134599E+22 -0.1287823E+22  0.6065209E+21  0.2546511E+21  0.2672917E+20
  0.1294591E+22  0.1798211E+23 -0.5554692E+22 -0.3606361E+22  0.3306707E+21  0.2283481E+21
 -0.1217829E+23 -0.6309983E+21  0.8043517E+22  0.6009459E+21 -0.1364390E+22 -0.3129068E+21
  0.2701089E+20  0.7610544E+21 -0.2295483E+21  0.5360836E+22 -0.3233858E+22  0.4876960E+21
 -0.5081857E+21 -0.7286097E+22  0.2473924E+22 -0.1786606E+22  0.4970249E+22 -0.1336586E+22
  0.2390265E+22  0.1192986E+22 -0.2959001E+22  0.1488556E+21 -0.7384222E+21  0.9157658E+21
  0.1723695E+23 -0.6722420E+22 -0.1497089E+22  0.6554369E+21  0.2919328E+21  0.3250684E+20
  0.1335191E+22  0.2017387E+23 -0.6112769E+22 -0.3984681E+22  0.2932931E+21  0.2629396E+21
 -0.1366325E+23 -0.6681268E+21  0.9156456E+22  0.6498316E+21 -0.1525090E+22 -0.3718677E+21
  0.2585631E+20  0.7914279E+21 -0.2345049E+21  0.6056143E+22 -0.3588944E+22  0.5317129E+21
 -0.5291845E+21 -0.8227891E+22  0.2731384E+22 -0.1975302E+22  0.5661032E+22 -0.1503972E+22
  0.2707620E+22  0.1320776E+22 -0.3393868E+22  0.1610685E+21 -0.8277639E+21  0.1063512E+22
  0.1914360E+23 -0.7362465E+22 -0.1731609E+22  0.7078854E+21  0.3329810E+21  0.3915760E+20
  0.1374951E+22  0.2260624E+23 -0.6717896E+22 -0.4397926E+22  0.2454984E+21  0.3010168E+21
 -0.1531915E+23 -0.7019106E+21  0.1040548E+23  0.7014408E+21 -0.1702726E+22 -0.4392724E+21
  0.2468828E+20  0.8213189E+21 -0.2390166E+21  0.6830820E+22 -0.3975750E+22  0.5785027E+21
 -0.5501338E+21 -0.9281801E+22  0.3011823E+22 -0.2178943E+22  0.6435901E+22 -0.1688412E+22
  0.3064685E+22  0.1459495E+22 -0.3886143E+22  0.1737637E+21 -0.9253487E+21  0.1231946E+22
  0.2125069E+23 -0.8058817E+22 -0.1993536E+22  0.7640286E+21  0.3780005E+21  0.4675360E+20
  0.1415157E+22  0.2530474E+23 -0.7374582E+22 -0.4848990E+22  0.1862207E+21  0.3427928E+21
 -0.1716476E+23 -0.7324975E+21  0.1180551E+23  0.7560180E+21 -0.1898800E+22 -0.5159759E+21
  0.2356005E+20  0.8514998E+21 -0.2433393E+21  0.7693660E+22 -0.4397346E+22  0.6283308E+21
 -0.5715305E+21 -0.1046080E+23  0.3317796E+22 -0.2399075E+22  0.7304539E+22 -0.1891542E+22
  0.3466113E+22  0.1610270E+22 -0.4442661E+22  0.1870229E+21 -0.1031975E+22  0.1423586E+22
  0.2357799E+23 -0.8815437E+22 -0.2285012E+22  0.8239881E+21  0.4271648E+21  0.5536178E+20
  0.1457794E+22  0.2829682E+23 -0.8087918E+22 -0.5340811E+22  0.1143978E+21  0.3884889E+21
 -0.1922023E+23 -0.7605004E+21  0.1337263E+23  0.8138653E+21 -0.2114841E+22 -0.6028605E+21
  0.2253333E+20  0.8832009E+21 -0.2478485E+21  0.8654332E+22 -0.4857249E+22  0.6815334E+21
 -0.5941798E+21 -0.1177912E+23  0.3652362E+22 -0.2637600E+22  0.8277699E+22 -0.2115219E+22
  0.3916970E+22  0.1774464E+22 -0.5070922E+22  0.2009667E+21 -0.1148614E+22  0.1641208E+22
  0.2614766E+23 -0.9636681E+22 -0.2608262E+22  0.8878960E+21  0.4806355E+21  0.6504434E+20
  0.1504398E+22  0.3161316E+23 -0.8863089E+22 -0.5876575E+22  0.2885993E+20  0.4383098E+21
 -0.2150702E+23 -0.7866452E+21  0.1512397E+23  0.8752721E+21 -0.2352391E+22 -0.7008172E+21
  0.2163876E+20  0.9174014E+21 -0.2528090E+21  0.9723585E+22 -0.5359072E+22  0.7384019E+21
 -0.6186998E+21 -0.1325190E+23  0.4018402E+22 -0.2896511E+22  0.9366860E+22 -0.2361274E+22
  0.4422497E+22  0.1953421E+22 -0.5778748E+22  0.2157069E+21 -0.1276239E+22  0.1887730E+22
  0.2898392E+23 -0.1052709E+23 -0.2965540E+22  0.9558711E+21  0.5385486E+21  0.7585609E+20
  0.1555519E+22  0.3528720E+23 -0.9704736E+22 -0.6459532E+22 -0.7173685E+20  0.4924073E+21
 -0.2404722E+23 -0.8115238E+21  0.1707710E+23  0.9404364E+21 -0.2612902E+22 -0.8107006E+21
  0.2087052E+20  0.9544826E+21 -0.2582831E+21  0.1091297E+23 -0.5906098E+22  0.7990953E+21
 -0.6452871E+21 -0.1489459E+23  0.4418112E+22 -0.3177614E+22  0.1058368E+23 -0.2631265E+22
  0.4987842E+22  0.2148256E+22 -0.6573878E+22  0.2313127E+21 -0.1415680E+22  0.2166060E+22
  0.3211333E+23 -0.1149142E+23 -0.3359157E+22  0.1028020E+22  0.6010195E+21  0.8784465E+20
  0.1611267E+22  0.3935554E+23 -0.1061735E+23 -0.7093062E+22 -0.1888596E+21  0.5508970E+21
 -0.2686428E+23 -0.8357113E+21  0.1925048E+23  0.1009512E+22 -0.2897801E+22 -0.9333450E+21
  0.2021108E+20  0.9945524E+21 -0.2642455E+21  0.1223505E+23 -0.6501531E+22  0.8637052E+21
 -0.6739494E+21 -0.1672349E+23  0.4853395E+22 -0.3482678E+22  0.1194040E+23 -0.2926626E+22
  0.5618301E+22  0.2360005E+22 -0.7464265E+22  0.2478340E+21 -0.1567707E+22  0.2479186E+22
  0.3556485E+23 -0.1253448E+23 -0.3791479E+22  0.1104413E+22  0.6681345E+21  0.1010500E+21
  0.1672379E+22  0.4385832E+23 -0.1160601E+23 -0.7780648E+22 -0.3240183E+21  0.6138922E+21
 -0.2998395E+23 -0.8601797E+21  0.2166429E+23  0.1082688E+22 -0.3208541E+22 -0.1069594E+22
  0.1966023E+20  0.1038112E+22 -0.2707811E+21  0.1370377E+23 -0.7148978E+22  0.9323692E+21
 -0.7049733E+21 -0.1875668E+23  0.5326597E+22 -0.3813795E+22  0.1345057E+23 -0.3248964E+22
  0.6319704E+22  0.2589916E+22 -0.8458617E+22  0.2653473E+21 -0.1733239E+22  0.2830362E+22
  0.3937124E+23 -0.1366147E+23 -0.4265052E+22  0.1185102E+22  0.7399674E+21  0.1155074E+21
  0.1740876E+22  0.4884125E+23 -0.1267723E+23 -0.8526139E+22 -0.4787420E+21  0.6815492E+21
 -0.3343601E+23 -0.8866476E+21  0.2434169E+23  0.1160276E+22 -0.3546733E+22 -0.1220363E+22
  0.1924405E+20  0.1086483E+22 -0.2781894E+21  0.1533519E+23 -0.7853026E+22  0.1005367E+22
 -0.7392189E+21 -0.2101531E+23  0.5841144E+22 -0.4173768E+22  0.1513008E+23 -0.3600365E+22
  0.7098878E+22  0.2839739E+22 -0.9567070E+22  0.2839927E+21 -0.1913541E+22  0.3223356E+22
  0.4356712E+23 -0.1487726E+23 -0.4782367E+22  0.1270068E+22  0.8165392E+21  0.1312402E+21
  0.1819691E+22  0.5435334E+23 -0.1383814E+23 -0.9333312E+22 -0.6545727E+21  0.7540254E+21
 -0.3725230E+23 -0.9175084E+21  0.2730759E+23  0.1242634E+22 -0.3913942E+22 -0.1386561E+22
  0.1900101E+20  0.1141591E+22 -0.2869068E+21  0.1714686E+23 -0.8618760E+22  0.1083041E+22
 -0.7779686E+21 -0.2352238E+23  0.6401077E+22 -0.4565853E+22  0.1699635E+23 -0.3983162E+22
  0.7963197E+22  0.3111526E+22 -0.1080063E+23  0.3039481E+21 -0.2110110E+22  0.3662274E+22
