  0.1179386E+18 -0.1868904E+18  0.5269607E+17  0.7403857E+17 -0.4175219E+17  0.5886274E+16
  0.2068574E+18 -0.1336221E+18 -0.4406613E+17 -0.2398770E+17  0.7829357E+17 -0.2016876E+17
 -0.2806546E+18  0.3082450E+18 -0.1406543E+17 -0.6804175E+17 -0.1934860E+17  0.1086509E+17
  0.9070390E+17  0.2655049E+17 -0.7917205E+17  0.1942939E+16 -0.1158746E+17  0.1727658E+17
 -0.2461258E+18  0.3928869E+17  0.1500677E+18  0.1102240E+17 -0.2662588E+17 -0.1861410E+17
  0.1669661E+18 -0.1021788E+18 -0.5786650E+17  0.1563266E+17  0.1770637E+17  0.5013790E+16
  0.1261193E+18 -0.1967604E+18  0.5544970E+17  0.7674213E+17 -0.4325391E+17  0.6094763E+16
  0.2203479E+18 -0.1396506E+18 -0.4521138E+17 -0.2514374E+17  0.8013856E+17 -0.2058723E+17
 -0.2957239E+18  0.3192730E+18 -0.1483704E+17 -0.6910652E+17 -0.1966189E+17  0.1102933E+17
  0.9624459E+17  0.2815795E+17 -0.8181023E+17  0.2059519E+16 -0.1196747E+17  0.1738517E+17
 -0.2583353E+18  0.3960083E+17  0.1536244E+18  0.1132101E+17 -0.2648068E+17 -0.1862775E+17
  0.1733529E+18 -0.1038646E+18 -0.5882155E+17  0.1555766E+17  0.1762150E+17  0.4989784E+16
  0.1466330E+18 -0.2250014E+18  0.6330695E+17  0.8631352E+17 -0.4857077E+17  0.6832995E+16
  0.2546401E+18 -0.1578088E+18 -0.5056249E+17 -0.2881532E+17  0.8907396E+17 -0.2278091E+17
 -0.3382323E+18  0.3585014E+18 -0.1674976E+17 -0.7595590E+17 -0.2179610E+17  0.1214564E+17
  0.1105508E+18  0.3261105E+17 -0.9163183E+17  0.2404961E+16 -0.1351511E+17  0.1898764E+17
 -0.2936839E+18  0.4264481E+17  0.1705659E+18  0.1267874E+17 -0.2841964E+17 -0.2024652E+17
  0.1950466E+18 -0.1141803E+18 -0.6489093E+17  0.1671030E+17  0.1899358E+17  0.5397214E+16
  0.1715610E+18 -0.2587172E+18  0.7260811E+17  0.9753762E+17 -0.5474721E+17  0.7682309E+16
  0.2953981E+18 -0.1783194E+18 -0.5712256E+17 -0.3348831E+17  0.9960191E+17 -0.2531531E+17
 -0.3886117E+18  0.4038928E+18 -0.1871212E+17 -0.8360146E+17 -0.2443379E+17  0.1344192E+17
  0.1271560E+18  0.3823627E+17 -0.1029926E+18  0.2874446E+16 -0.1548512E+17  0.2085523E+17
 -0.3345609E+18  0.4515265E+17  0.1901791E+18  0.1435175E+17 -0.3043535E+17 -0.2214741E+17
  0.2200662E+18 -0.1255754E+18 -0.7194360E+17  0.1791412E+17  0.2052642E+17  0.5879915E+16
  0.2021536E+18 -0.2993282E+18  0.8370895E+17  0.1108036E+18 -0.6197381E+17  0.8665676E+16
  0.3442995E+18 -0.2016618E+18 -0.6521075E+17 -0.3941610E+17  0.1120772E+18 -0.2826045E+17
 -0.4488752E+18  0.4568679E+18 -0.2070530E+17 -0.9220581E+17 -0.2769033E+17  0.1495496E+17
  0.1465992E+18  0.4533801E+17 -0.1162368E+18  0.3505367E+16 -0.1797399E+17  0.2304070E+17
 -0.3822528E+18  0.4695016E+17  0.2130525E+18  0.1640016E+17 -0.3253490E+17 -0.2438550E+17
  0.2491781E+18 -0.1382726E+18 -0.8019344E+17  0.1918239E+17  0.2225027E+17  0.6452201E+16
  0.2400020E+18 -0.3486091E+18  0.9704976E+17  0.1265909E+18 -0.7048365E+17  0.9811020E+16
  0.4033536E+18 -0.2282914E+18 -0.7524919E+17 -0.4695245E+17  0.1269502E+18 -0.3170294E+17
 -0.5214552E+18  0.5190737E+18 -0.2268257E+17 -0.1019383E+18 -0.3171809E+17  0.1673044E+17
  0.1694717E+18  0.5432572E+17 -0.1317623E+18  0.4353653E+16 -0.2111881E+17  0.2561091E+17
 -0.4381857E+18  0.4771416E+17  0.2398764E+18  0.1890441E+17 -0.3470605E+17 -0.2703104E+17
  0.2832430E+18 -0.1524810E+18 -0.8989384E+17  0.2052165E+17  0.2419672E+17  0.7132480E+16
  0.2872075E+18 -0.4088596E+18  0.1131938E+18  0.1455100E+18 -0.8056962E+17  0.1115295E+17
  0.4751042E+18 -0.2586933E+18 -0.8779832E+17 -0.5657158E+17  0.1447954E+18 -0.3575091E+17
 -0.6094480E+18  0.5925455E+18 -0.2456548E+17 -0.1129957E+18 -0.3671502E+17  0.1882547E+17
  0.1964817E+18  0.6573746E+17 -0.1500559E+18  0.5498494E+16 -0.2510233E+17  0.2864999E+17
 -0.5040804E+18  0.4697771E+17  0.2715022E+18  0.2196531E+17 -0.3692102E+17 -0.3017262E+17
  0.3233089E+18 -0.1684319E+18 -0.1013584E+18  0.2193668E+17  0.2640197E+17  0.7944044E+16
  0.3461681E+18 -0.4826678E+18  0.1327690E+18  0.1682479E+18 -0.9256100E+17  0.1273053E+17
  0.5619214E+18 -0.2927477E+18 -0.1036326E+18 -0.6901895E+17  0.1663590E+18 -0.4053858E+17
 -0.7159153E+18  0.6790608E+18 -0.2615270E+17 -0.1254568E+18 -0.4297099E+17  0.2131291E+17
  0.2280364E+18  0.8035181E+17 -0.1715724E+18  0.7078270E+16 -0.3022796E+17  0.3227234E+17
 -0.5810590E+18  0.4368463E+17  0.3087947E+18  0.2573257E+17 -0.3905367E+17 -0.3393397E+17
  0.3701488E+18 -0.1860834E+18 -0.1149232E+18  0.2338724E+17  0.2888743E+17  0.8920288E+16
  0.4202665E+18 -0.5736515E+18  0.1566365E+18  0.1957544E+18 -0.1069021E+18  0.1459490E+17
  0.6671603E+18 -0.3304553E+18 -0.1237788E+18 -0.8522322E+17  0.1925995E+18 -0.4623560E+17
 -0.8452158E+18  0.7812604E+18 -0.2720104E+17 -0.1395089E+18 -0.5084025E+17  0.2428340E+17
  0.2647742E+18  0.9911514E+17 -0.1969309E+18  0.9275651E+16 -0.3685939E+17  0.3661778E+17
 -0.6708772E+18  0.3668214E+17  0.3529190E+18  0.3036815E+17 -0.4097924E+17 -0.3846405E+17
  0.4249623E+18 -0.2055518E+18 -0.1310341E+18  0.2485605E+17  0.3169021E+17  0.1010085E+17
  0.5148046E+18 -0.6873650E+18  0.1860879E+18  0.2294417E+18 -0.1242319E+18  0.1681644E+17
  0.7966065E+18 -0.3726769E+18 -0.1495835E+18 -0.1062389E+18  0.2247413E+18 -0.5305688E+17
 -0.1004612E+19  0.9038189E+18 -0.2748625E+17 -0.1556450E+18 -0.6072881E+17  0.2784857E+17
  0.3081664E+18  0.1231232E+18 -0.2271263E+18  0.1229800E+17 -0.4537243E+17  0.4184942E+17
 -0.7772664E+18  0.2510889E+17  0.4056466E+18  0.3603432E+17 -0.4265763E+17 -0.4393196E+17
  0.4901111E+18 -0.2274816E+18 -0.1503430E+18  0.2639600E+17  0.3489032E+17  0.1152953E+17
  0.6360655E+18 -0.8302455E+18  0.2225845E+18  0.2709264E+18 -0.1452679E+18  0.1947278E+17
  0.9558982E+18 -0.4190027E+18 -0.1829108E+18 -0.1336977E+18  0.2643753E+18 -0.6126815E+17
 -0.1201657E+19  0.1051086E+19 -0.2649680E+17 -0.1741470E+18 -0.7323952E+17  0.3215192E+17
  0.3591381E+18  0.1539320E+18 -0.2631186E+18  0.1649439E+17 -0.5638829E+17  0.4819274E+17
 -0.9029434E+18  0.6995593E+16  0.4688435E+18  0.4296934E+17 -0.4385712E+17 -0.5058057E+17
  0.5675440E+18 -0.2520521E+18 -0.1735772E+18  0.2798472E+17  0.3854370E+17  0.1327168E+17
  0.7921176E+18 -0.1010421E+19  0.2679325E+18  0.3222218E+18 -0.1708866E+18  0.2265693E+17
  0.1151521E+19 -0.4681616E+18 -0.2262614E+18 -0.1698296E+18  0.3135535E+18 -0.7120322E+17
 -0.1445422E+19  0.1228011E+19 -0.2345747E+17 -0.1952454E+18 -0.8917906E+17  0.3737617E+17
  0.4184986E+18  0.1935454E+18 -0.3060174E+18  0.2237751E+17 -0.7076280E+17  0.5594203E+17
 -0.1050623E+19 -0.2043330E+17  0.5447571E+18  0.5145283E+17 -0.4420782E+17 -0.5873044E+17
  0.6593858E+18 -0.2793014E+18 -0.2016341E+18  0.2957650E+17  0.4270390E+17  0.1541446E+17
  0.9948944E+18 -0.1239705E+19  0.3247168E+18  0.3861891E+18 -0.2023095E+18  0.2649552E+17
  0.1393706E+19 -0.5193745E+18 -0.2829552E+18 -0.2174083E+18  0.3749399E+18 -0.8329237E+17
 -0.1749804E+19  0.1442536E+19 -0.1744606E+17 -0.2195255E+18 -0.1095394E+18  0.4375283E+17
  0.4880960E+18  0.2444155E+18 -0.3574964E+18  0.3059795E+17 -0.8950868E+17  0.6546030E+17
 -0.1225613E+19 -0.6006908E+17  0.6366282E+18  0.6179182E+17 -0.4336211E+17 -0.6877156E+17
  0.7693814E+18 -0.3098530E+18 -0.2357712E+18  0.3119678E+17  0.4747607E+17  0.1806258E+17
  0.1260334E+19 -0.1533642E+19  0.3962654E+18  0.4665545E+18 -0.2410985E+18  0.3114774E+17
  0.1694858E+19 -0.5705425E+18 -0.3575148E+18 -0.2802746E+18  0.4520503E+18 -0.9809016E+17
 -0.2132347E+19  0.1704354E+19 -0.7104115E+16 -0.2476156E+18 -0.1356543E+18  0.5158174E+17
  0.5697982E+18  0.3097370E+18 -0.4195393E+18  0.4209255E+17 -0.1140289E+18  0.7722613E+17
 -0.1433757E+19 -0.1160437E+18  0.7484529E+18  0.7437541E+17 -0.4077833E+17 -0.8122035E+17
  0.9019241E+18 -0.3442799E+18 -0.2775669E+18  0.3285440E+17  0.5297604E+17  0.2135529E+17
  0.1609632E+19 -0.1912632E+19  0.4868392E+18  0.5681672E+18 -0.2892413E+18  0.3681158E+17
  0.2069720E+19 -0.6174294E+18 -0.4561106E+18 -0.3637410E+18  0.5495291E+18 -0.1163097E+18
 -0.2615058E+19  0.2025215E+19  0.9564116E+16 -0.2801607E+18 -0.1693256E+18  0.6125157E+17
  0.6653291E+18  0.3936157E+18 -0.4944724E+18  0.5821681E+17 -0.1462676E+18  0.9187296E+17
 -0.1681265E+19 -0.1941563E+18  0.8851593E+18  0.8967955E+17 -0.3563016E+17 -0.9676512E+17
  0.1062126E+19 -0.3830515E+18 -0.3290129E+18  0.3453650E+17  0.5932861E+17  0.2547944E+17
  0.2072739E+19 -0.2405014E+19  0.6021957E+18  0.6976390E+18 -0.3493661E+18  0.4373918E+17
  0.2538486E+19 -0.6541319E+18 -0.5871836E+18 -0.4749025E+18  0.6735030E+18 -0.1388651E+18
 -0.3228596E+19  0.2421470E+19  0.3532739E+17 -0.3181495E+18 -0.2129278E+18  0.7326207E+17
  0.7772221E+18  0.5012584E+18 -0.5853697E+18  0.8081988E+17 -0.1887630E+18  0.1102187E+18
 -0.1977033E+19 -0.3017238E+18  0.1053335E+19  0.1082867E+18 -0.2687012E+17 -0.1162978E+18
  0.1257253E+19 -0.4270977E+18 -0.3927853E+18  0.3627202E+17  0.6671596E+17  0.3067805E+17
  0.2691477E+19 -0.3049589E+19  0.7499396E+18  0.8638373E+18 -0.4248611E+18  0.5223986E+17
  0.3127658E+19 -0.6716062E+18 -0.7623415E+18 -0.6233480E+18  0.8320349E+18 -0.1669134E+18
 -0.4014572E+19  0.2914911E+19  0.7417139E+17 -0.3628873E+18 -0.2696394E+18  0.8825368E+17
  0.9086321E+18  0.6393058E+18 -0.6961201E+18  0.1124525E+18 -0.2448921E+18  0.1333277E+18
 -0.2332588E+19 -0.4484172E+18  0.1261586E+19  0.1309304E+18 -0.1308191E+17 -0.1409912E+18
  0.1497021E+19 -0.4777160E+18 -0.4724391E+18  0.3811111E+17  0.7538026E+17  0.3727380E+17
  0.3523493E+19 -0.3898731E+19  0.9399318E+18  0.1078482E+19 -0.5200153E+18  0.6268437E+17
  0.3871198E+19 -0.6558706E+18 -0.9974939E+18 -0.8220500E+18  0.1035712E+19 -0.2019166E+18
 -0.5028564E+19  0.3533906E+19  0.1318786E+18 -0.4159667E+18 -0.3437483E+18  0.1070502E+18
  0.1063304E+19  0.8162446E+18 -0.8316125E+18  0.1566475E+18 -0.3191935E+18  0.1626016E+18
 -0.2762396E+19 -0.6472470E+18  0.1521135E+19  0.1585308E+18  0.7711472E+16 -0.1724132E+18
  0.1794133E+19 -0.5365118E+18 -0.5727107E+18  0.4010920E+17  0.8563081E+17  0.4570420E+17
  0.4649072E+19 -0.5023633E+19  0.1185044E+19  0.1357093E+19 -0.6402597E+18  0.7551668E+17
  0.4815058E+19 -0.5872230E+18 -0.1314332E+19 -0.1088278E+19  0.1298389E+19 -0.2457238E+18
 -0.6346976E+19  0.4316646E+19  0.2167007E+18 -0.4794909E+18 -0.4410165E+18  0.1307148E+18
  0.1246742E+19  0.1043094E+19 -0.9984220E+18  0.2181777E+18 -0.4176677E+18  0.1998903E+18
 -0.3286791E+19 -0.9153732E+18  0.1847190E+19  0.1922564E+18  0.3815907E+17 -0.2126665E+18
  0.2166244E+19 -0.6058001E+18 -0.7000951E+18  0.4235369E+17  0.9789239E+17  0.5656485E+17
  0.6179095E+19 -0.6519935E+19  0.1501812E+19  0.1719894E+19 -0.7923261E+18  0.9125281E+17
  0.6021639E+19 -0.4382655E+18 -0.1742294E+19 -0.1444848E+19  0.1638076E+19 -0.3006574E+18
 -0.8074392E+19  0.5313941E+19  0.3404601E+18 -0.5560969E+18 -0.5692048E+18  0.1606165E+18
  0.1467049E+19  0.1334423E+19 -0.1205511E+19  0.3034467E+18 -0.5482642E+18  0.2476495E+18
 -0.3934320E+19 -0.1275726E+19  0.2260469E+19  0.2335828E+18  0.8187498E+17 -0.2645975E+18
  0.2637757E+19 -0.6886793E+18 -0.8635438E+18  0.4495099E+17  0.1127292E+18  0.7067632E+17
  0.8264744E+19 -0.8513953E+19  0.1910988E+19  0.2192669E+19 -0.9843055E+18  0.1104655E+18
  0.7575635E+19 -0.1713129E+18 -0.2321114E+19 -0.1921607E+19  0.2077981E+19 -0.3696010E+18
 -0.1035271E+20  0.6592114E+19  0.5201661E+18 -0.6488288E+18 -0.7387814E+18  0.1985099E+18
  0.1735996E+19  0.1709828E+19 -0.1465191E+19  0.4210134E+18 -0.7215522E+18  0.3091573E+18
 -0.4744755E+19 -0.1759294E+19  0.2789243E+19  0.2843096E+18  0.1439087E+18 -0.3320921E+18
  0.3242043E+19 -0.7889563E+18 -0.1075420E+19  0.4799843E+17  0.1308526E+18  0.8918206E+17
  0.1110977E+20 -0.1116961E+20  0.2438034E+19  0.2807442E+19 -0.1225583E+19  0.1337563E+18
  0.9593838E+19  0.2637808E+18 -0.3103999E+19 -0.2556966E+19  0.2647653E+19 -0.4560907E+18
 -0.1337395E+20  0.8236624E+19  0.7802286E+18 -0.7608918E+18 -0.9638114E+18  0.2466264E+18
  0.2071189E+19  0.2196238E+19 -0.1794750E+19  0.5822093E+18 -0.9515544E+18  0.3888016E+18
 -0.5774535E+19 -0.2408041E+19  0.3472400E+19  0.3465030E+18  0.2313835E+18 -0.4204810E+18
  0.4024894E+19 -0.9110552E+18 -0.1352881E+19  0.5155549E+17  0.1531157E+18  0.1136854E+18
  0.1498350E+20 -0.1469409E+20  0.3113204E+19  0.3602567E+19 -0.1526536E+19  0.1617119E+18
  0.1223801E+20  0.9322676E+18 -0.4161552E+19 -0.3399583E+19  0.3384258E+19 -0.5644150E+18
 -0.1739479E+20  0.1035449E+20  0.1155536E+19 -0.8949195E+18 -0.1263104E+19  0.3077821E+18
  0.2498898E+19  0.2831352E+19 -0.2218716E+19  0.8020093E+18 -0.1256948E+19  0.4924874E+18
 -0.7103736E+19 -0.3279075E+19  0.4363518E+19  0.4222480E+18  0.3545446E+18 -0.5371183E+18
  0.5048533E+19 -0.1059401E+19 -0.1719709E+19  0.5557710E+17  0.1804348E+18  0.1464484E+18
  0.2023377E+20 -0.1934119E+20  0.3971182E+19  0.4621997E+19 -0.1898000E+19  0.1948511E+18
  0.1573164E+20  0.1918216E+19 -0.5586726E+19 -0.4510375E+19  0.4334063E+19 -0.6997353E+18
 -0.2275242E+20  0.1307444E+20  0.1695641E+19 -0.1051510E+19 -0.1661651E+19  0.3855033E+18
  0.3057815E+19  0.3668625E+19 -0.2771966E+19  0.1100362E+19 -0.1662839E+19  0.6282098E+18
 -0.8844940E+19 -0.4450604E+19  0.5536204E+19  0.5130579E+18  0.5284435E+18 -0.6921960E+18
  0.6396149E+19 -0.1236966E+19 -0.2208696E+19  0.5980495E+17  0.2135725E+18  0.1906749E+18
  0.2729676E+20 -0.2540996E+20  0.5050049E+19  0.5913396E+19 -0.2350491E+19  0.2335716E+18
  0.2037793E+20  0.3331566E+19 -0.7500892E+19 -0.5965186E+19  0.5554106E+19 -0.8682217E+18
 -0.2987780E+20  0.1654168E+20  0.2470190E+19 -0.1226609E+19 -0.2192314E+19  0.4841562E+18
  0.3803199E+19  0.4783877E+19 -0.3503444E+19  0.1504357E+19 -0.2203414E+19  0.8068286E+18
 -0.1115238E+20 -0.6030347E+19  0.7090359E+19  0.6186760E+18  0.7756308E+18 -0.8998417E+18
  0.8175724E+19 -0.1442284E+19 -0.2864432E+19  0.6360855E+17  0.2526581E+18  0.2508944E+18
  0.3670293E+20 -0.3323912E+20  0.6390004E+19  0.7525551E+19 -0.2893476E+19  0.2781260E+18
  0.2657541E+20  0.5322531E+19 -0.1006156E+20 -0.7859121E+19  0.7114407E+19 -0.1077244E+19
 -0.3930297E+20  0.2090543E+20  0.3575591E+19 -0.1407584E+19 -0.2897701E+19  0.6090849E+18
  0.4810601E+19  0.6283541E+19 -0.4480156E+19  0.2051869E+19 -0.2925960E+19  0.1043102E+19
 -0.1422901E+20 -0.8167475E+19  0.9158928E+19  0.7349876E+18  0.1130322E+19 -0.1179561E+19
  0.1052180E+20 -0.1664371E+19 -0.3746296E+19  0.6581887E+17  0.2963004E+18  0.3334680E+18
  0.4908258E+20 -0.4320203E+20  0.8032832E+19  0.9506507E+19 -0.3535212E+19  0.3286624E+18
  0.3482505E+20  0.8110165E+19 -0.1347292E+20 -0.1031430E+20  0.9101325E+19 -0.1335678E+19
 -0.5166041E+20  0.2629864E+20  0.5143039E+19 -0.1568120E+19 -0.3832298E+19  0.7667775E+18
  0.6177263E+19  0.8314331E+19 -0.5790618E+19  0.2797683E+19 -0.3896961E+19  0.1357043E+19
 -0.1832703E+20 -0.1106964E+20  0.1191420E+20  0.8506833E+18  0.1644673E+19 -0.1558085E+19
  0.1359341E+20 -0.1875136E+19 -0.4931267E+19  0.6466621E+17  0.3401207E+18  0.4472277E+18
  0.6517681E+20 -0.5570864E+20  0.1002273E+20  0.1190398E+20 -0.4283369E+19  0.3853178E+18
  0.4571724E+20  0.1203273E+20 -0.1799942E+20 -0.1349223E+20  0.1162201E+20 -0.1654228E+19
 -0.6767056E+20  0.3281042E+20  0.7347520E+19 -0.1662605E+19 -0.5064580E+19  0.9650024E+18
  0.8016909E+19  0.1107238E+20 -0.7545524E+19  0.3823097E+19 -0.5210671E+19  0.1775464E+19
 -0.2373322E+20 -0.1502490E+20  0.1557059E+20  0.9422165E+18  0.2397576E+19 -0.2071452E+19
  0.1756493E+20 -0.2019604E+19 -0.6515415E+19  0.5805318E+17  0.3745691E+18  0.6041959E+18
  0.8587013E+20 -0.7122927E+20  0.1240984E+20  0.1477117E+20 -0.5146980E+19  0.4483633E+18
  0.5988888E+20  0.1762863E+20 -0.2398479E+20 -0.1761341E+20  0.1481121E+20 -0.2045829E+19
 -0.8812292E+20  0.4045811E+20  0.1041861E+20 -0.1621311E+19 -0.6679653E+19  0.1212968E+19
  0.1044216E+20  0.1480919E+20 -0.9873008E+19  0.5250639E+19 -0.7001006E+19  0.2333720E+19
 -0.3073003E+20 -0.2042765E+20  0.2038123E+20  0.9666405E+18  0.3506441E+19 -0.2767316E+19
  0.2260870E+20 -0.2005842E+19 -0.8613351E+19  0.4448953E+17  0.3820878E+18  0.8203679E+18
  0.1122635E+21 -0.9035257E+20  0.1525588E+20  0.1817953E+20 -0.6139164E+19  0.5182937E+18
  0.7794467E+20  0.2575078E+20 -0.3187760E+20 -0.2298452E+20  0.1884007E+20 -0.2525832E+19
 -0.1138609E+21  0.4916846E+20  0.1465450E+20 -0.1347818E+19 -0.8782846E+19  0.1521395E+19
  0.1352927E+20  0.1982811E+20 -0.1290487E+20  0.7264876E+19 -0.9456503E+19  0.3077322E+19
 -0.3952689E+20 -0.2780201E+20  0.2662437E+20  0.8520287E+18  0.5141442E+19 -0.3707152E+19
  0.2887027E+20 -0.1698500E+19 -0.1135480E+20  0.2498160E+17  0.3340135E+18  0.1116472E+19
  0.1458169E+21 -0.1138880E+21  0.1863953E+20  0.2223761E+20 -0.7279054E+19  0.5956647E+18
  0.1003602E+21  0.3771060E+20 -0.4226647E+20 -0.3003193E+20  0.2392591E+20 -0.3111398E+19
 -0.1458005E+21  0.5877980E+20  0.2044370E+20 -0.7194218E+18 -0.1150499E+20  0.1902239E+19
  0.1726853E+20  0.2646470E+20 -0.1675261E+20  0.1013955E+20 -0.1283701E+20  0.4063024E+19
 -0.5017446E+20 -0.3781319E+20  0.3457987E+20  0.4857903E+18  0.7540748E+19 -0.4968083E+19
  0.3644600E+20 -0.9210103E+18 -0.1487953E+20  0.5818608E+16  0.1880069E+18  0.1518687E+19
  0.1885581E+21 -0.1430010E+21  0.2265545E+20  0.2711272E+20 -0.8590858E+19  0.6805188E+18
  0.1273668E+21  0.5545154E+20 -0.5592633E+20 -0.3934105E+20  0.3034127E+20 -0.3819478E+19
 -0.1849884E+21  0.6906419E+20  0.2830000E+20  0.4105546E+18 -0.1501040E+20  0.2367772E+19
  0.2150835E+20  0.3503991E+20 -0.2147275E+20  0.1427115E+20 -0.1749095E+20  0.5359299E+19
 -0.6247776E+20 -0.5125788E+20  0.4449856E+20 -0.2978611E+18  0.1102553E+20 -0.6644677E+19
  0.4537156E+20  0.5310999E+18 -0.1933356E+20  0.1554207E+16 -0.1131551E+18  0.2059585E+19
  0.2433658E+21 -0.1793594E+21  0.2739862E+20  0.3304674E+20 -0.1009632E+20  0.7711482E+18
  0.1588739E+21  0.8173877E+20 -0.7387701E+20 -0.5169408E+20  0.3841572E+20 -0.4662033E+19
 -0.2327409E+21  0.7976550E+20  0.3891888E+20  0.2210590E+19 -0.1950696E+20  0.2928265E+19
  0.2592899E+20  0.4578986E+20 -0.2703331E+20  0.2021590E+20 -0.2387003E+20  0.7046165E+19
 -0.7596888E+20 -0.6903754E+20  0.5658206E+20 -0.1728982E+19  0.1601373E+20 -0.8851520E+19
  0.5564495E+20  0.2868513E+19 -0.2487450E+20  0.3696815E+17 -0.6411436E+18  0.2779860E+19
  0.3142244E+21 -0.2252053E+21  0.3292054E+20  0.4035128E+20 -0.1179711E+20  0.8622516E+18
  0.1944269E+21  0.1203357E+21 -0.9743477E+20 -0.6808987E+20  0.4851898E+20 -0.5637523E+19
 -0.2908109E+21  0.9062040E+20  0.5325284E+20  0.4870711E+19 -0.2525425E+20  0.3587590E+19
  0.3007551E+20  0.5878416E+20 -0.3329491E+20  0.2872418E+20 -0.3253832E+20  0.9214732E+19
 -0.8996990E+20 -0.9213049E+20  0.7098843E+20 -0.4109486E+19  0.2303422E+20 -0.1172809E+20
  0.6728551E+20  0.6289620E+19 -0.3169177E+20  0.1469831E+18 -0.1481220E+19  0.3731742E+19
  0.4063528E+21 -0.2832784E+21  0.3915396E+20  0.4937006E+20 -0.1364759E+20  0.9431660E+18
  0.2332932E+21  0.1760936E+21 -0.1282399E+21 -0.8972364E+20  0.6101856E+20 -0.6719736E+19
 -0.3615900E+21  0.1013545E+21  0.7260147E+20  0.8603257E+19 -0.3256735E+20  0.4337012E+19
  0.3348429E+20  0.7389169E+20 -0.4003858E+20  0.4076525E+20 -0.4417771E+20  0.1196895E+20
 -0.1037971E+21 -0.1216127E+21  0.8789877E+20 -0.7817648E+19  0.3274895E+20 -0.1544986E+20
  0.8043956E+20  0.1098161E+20 -0.4005266E+20  0.3748022E+18 -0.2733994E+19  0.4985781E+19
  0.5260088E+21 -0.3564776E+21  0.4581663E+20  0.6039645E+20 -0.1552503E+20  0.9976845E+18
  0.2747870E+21  0.2548211E+21 -0.1682336E+21 -0.1178976E+21  0.7621421E+20 -0.7847964E+19
 -0.4482908E+21  0.1116397E+21  0.9869865E+20  0.1364360E+20 -0.4181333E+20  0.5148721E+19
  0.3588718E+20  0.9088009E+20 -0.4706847E+20  0.5753581E+20 -0.5959770E+20  0.1543337E+20
 -0.1170935E+21 -0.1587799E+21  0.1076677E+21 -0.1331657E+20  0.4599645E+20 -0.2025038E+20
  0.9551390E+20  0.1715760E+20 -0.5037743E+20  0.7705242E+18 -0.4524763E+19  0.6642712E+19
  0.6798278E+21 -0.4472620E+21  0.5234435E+20  0.7356397E+20 -0.1721880E+20  0.1007583E+19
  0.3189351E+21  0.3628516E+21 -0.2196026E+21 -0.1538728E+21  0.9428600E+20 -0.8927011E+19
 -0.5550661E+21  0.1210212E+21  0.1337805E+21  0.2025331E+20 -0.5340713E+20  0.5972985E+19
  0.3740638E+20  0.1097241E+21 -0.5439244E+20  0.8046342E+20 -0.7977467E+20  0.1977295E+20
 -0.1302021E+21 -0.2054032E+21  0.1310567E+21 -0.2118179E+20  0.6387677E+20 -0.2645982E+20
  0.1133002E+21  0.2513499E+20 -0.6333829E+20  0.1394013E+19 -0.7025618E+19  0.8852015E+19
  0.8739448E+21 -0.5571146E+21  0.5794180E+20  0.8878611E+20 -0.1846811E+20  0.9603732E+18
  0.3673984E+21  0.5065660E+21 -0.2848174E+21 -0.1987855E+21  0.1153377E+21 -0.9845311E+19
 -0.6870998E+21  0.1288306E+21  0.1806579E+21  0.2874119E+20 -0.6783112E+20  0.6743782E+19
  0.3861274E+20  0.1310924E+21 -0.6242732E+20  0.1112665E+21 -0.1059721E+21  0.2523242E+20
 -0.1444252E+21 -0.2641197E+21  0.1595112E+21 -0.3217469E+20  0.8791000E+20 -0.3456710E+20
  0.1350503E+21  0.3544704E+20 -0.7997078E+20  0.2325972E+19 -0.1049508E+20  0.1183878E+20
  0.1113577E+22 -0.6866336E+21  0.6178901E+20  0.1058449E+21 -0.1904961E+20  0.8571211E+18
  0.4239944E+21  0.6925641E+21 -0.3669023E+21 -0.2538186E+21  0.1395836E+21 -0.1050550E+20
 -0.8506267E+21  0.1340694E+21  0.2428388E+21  0.3951786E+20 -0.8569926E+20  0.7391922E+19
  0.4035896E+20  0.1567323E+21 -0.7208842E+20  0.1521658E+21 -0.1399761E+21  0.3219074E+20
 -0.1619380E+21 -0.3388418E+21  0.1953485E+21 -0.4738240E+20  0.1202839E+21 -0.4530037E+20
  0.1624418E+21  0.4895617E+20 -0.1017619E+21  0.3688562E+19 -0.1533433E+20  0.1593722E+20
  0.1403910E+22 -0.8366668E+21  0.6327595E+20  0.1246539E+21 -0.1885480E+20  0.7129813E+18
  0.4938066E+21  0.9291769E+21 -0.4698973E+21 -0.3207191E+21  0.1675903E+21 -0.1084021E+20
 -0.1052806E+22  0.1352712E+21  0.3247383E+21  0.5317148E+20 -0.1078557E+21  0.7852849E+19
  0.4342248E+20  0.1892907E+21 -0.8459718E+20  0.2062926E+21 -0.1843913E+21  0.4120379E+20
 -0.1851553E+21 -0.4349539E+21  0.2416468E+21 -0.6840182E+20  0.1641464E+21 -0.5969758E+20
  0.1973775E+21  0.6690748E+20 -0.1306583E+21  0.5670112E+19 -0.2214542E+20  0.2162302E+20
  0.1752347E+22 -0.1010005E+22  0.6198064E+20  0.1455347E+21 -0.1786197E+20  0.5480649E+18
  0.5805793E+21  0.1229002E+22 -0.5991579E+21 -0.4023994E+21  0.2003219E+21 -0.1077771E+20
 -0.1301421E+22  0.1304100E+21  0.4319453E+21  0.7050232E+20 -0.1354400E+21  0.8045999E+19
  0.4808868E+20  0.2313105E+21 -0.1009560E+21  0.2781557E+21 -0.2428032E+21  0.5298598E+20
 -0.2155902E+21 -0.5590301E+21  0.3016696E+21 -0.9746845E+20  0.2238028E+21 -0.7911239E+20
  0.2416324E+21  0.9084430E+20 -0.1689435E+21  0.8538472E+19 -0.3175807E+20  0.2953031E+20
  0.2170720E+22 -0.1212218E+22  0.5720813E+20  0.1692379E+21 -0.1597367E+20  0.3769223E+18
  0.6835379E+21  0.1610706E+22 -0.7609475E+21 -0.5030329E+21  0.2387265E+21 -0.1014587E+20
 -0.1604369E+22  0.1169831E+21  0.5713689E+21  0.9241892E+20 -0.1698023E+21  0.7807640E+19
  0.5380982E+20  0.2836472E+21 -0.1212255E+21  0.3737966E+21 -0.3195074E+21  0.6827576E+20
 -0.2526000E+21 -0.7178764E+21  0.3778228E+21 -0.1373504E+21  0.3045744E+21 -0.1050817E+21
  0.2964456E+21  0.1223164E+21 -0.2189608E+21  0.1261724E+20 -0.4517269E+20  0.4043223E+20
  0.2675423E+22 -0.1450468E+22  0.4731534E+20  0.1965910E+21 -0.1282589E+20  0.2091950E+18
  0.7961151E+21  0.2098016E+22 -0.9611401E+21 -0.6272135E+21  0.2829072E+21 -0.8561216E+19
 -0.1969296E+22  0.9242501E+20  0.7510664E+21  0.1196507E+21 -0.2122170E+21  0.6795354E+19
  0.5922421E+20  0.3442573E+21 -0.1440487E+21  0.5002731E+21 -0.4186618E+21  0.8759101E+20
 -0.2929979E+21 -0.9172386E+21  0.4706604E+21 -0.1908697E+21  0.4121736E+21 -0.1390484E+21
  0.3623846E+21  0.1624494E+21 -0.2828272E+21  0.1820567E+20 -0.6339277E+20  0.5518395E+20
  0.3285277E+22 -0.1731119E+22  0.2940785E+20  0.2280456E+21 -0.7747974E+19  0.6581041E+17
  0.9086693E+21  0.2716092E+22 -0.1203930E+22 -0.7786731E+21  0.3314944E+21 -0.5406637E+19
 -0.2404430E+22  0.5490749E+20  0.9799974E+21  0.1524358E+21 -0.2636210E+21  0.4434343E+19
  0.6283183E+20  0.4087278E+21 -0.1670590E+21  0.6647045E+21 -0.5433682E+21  0.1110452E+21
 -0.3325186E+21 -0.1161548E+22  0.5790709E+21 -0.2602498E+21  0.5520241E+21 -0.1821511E+21
  0.4399386E+21  0.2117250E+21 -0.3625584E+21  0.2547372E+20 -0.8724251E+20  0.7469713E+20
  0.4019466E+22 -0.2058777E+22 -0.2442371E+18  0.2636273E+21  0.6254932E+17  0.3710179E+13
  0.1014000E+22  0.3488897E+22 -0.1492266E+22 -0.9600154E+21  0.3820489E+21  0.4533677E+17
 -0.2921336E+22  0.4109015E+19  0.1268556E+22  0.1905513E+21 -0.3248330E+21 -0.3853830E+17
  0.6395098E+20  0.4728317E+21 -0.1882248E+21  0.8739890E+21 -0.6958348E+21  0.1384989E+21
 -0.3684860E+21 -0.1456081E+22  0.7022757E+21 -0.3469522E+21  0.7296056E+21 -0.2354606E+21
  0.5308047E+21  0.2703859E+21 -0.4609592E+21  0.3443287E+20 -0.1174037E+21  0.1000761E+21
  0.4898087E+22 -0.2438069E+22 -0.4549982E+20  0.3033930E+21  0.1132398E+20  0.1056654E+18
  0.1111955E+22  0.4441423E+22 -0.1830812E+22 -0.1174256E+22  0.4324525E+21  0.8479499E+19
 -0.3538812E+22 -0.5900563E+20  0.1630614E+22  0.2338833E+21 -0.3973714E+21 -0.7497294E+19
  0.6310854E+20  0.5355549E+21 -0.2072277E+21  0.1136214E+22 -0.8792932E+21  0.1701169E+21
 -0.4016875E+21 -0.1811080E+22  0.8427288E+21 -0.4526124E+21  0.9525761E+21 -0.3008236E+21
  0.6391880E+21  0.3394773E+21 -0.5831126E+21  0.4507471E+20 -0.1548476E+21  0.1329892E+21
  0.5945405E+22 -0.2876610E+22 -0.1102124E+21  0.3479530E+21  0.2666244E+20  0.5107628E+18
  0.1209088E+22  0.5606234E+22 -0.2229364E+22 -0.1427015E+22  0.4819403E+21  0.2055944E+20
 -0.4285227E+22 -0.1335971E+21  0.2086235E+22  0.2831112E+21 -0.4842438E+21 -0.1896855E+20
  0.6147162E+20  0.5997987E+21 -0.2255480E+21  0.1463108E+22 -0.1100373E+22  0.2068918E+21
 -0.4357329E+21 -0.2244791E+22  0.1007478E+22 -0.5805438E+21  0.1233533E+22 -0.3817650E+21
  0.7721580E+21  0.4217449E+21 -0.7375264E+21  0.5758821E+20 -0.2014148E+21  0.1761120E+21
  0.7192339E+22 -0.3385742E+22 -0.1988969E+21  0.3984534E+21  0.4681464E+20  0.1375073E+19
  0.1313549E+22  0.7027718E+22 -0.2702833E+22 -0.1726894E+22  0.5304476E+21  0.3712094E+20
 -0.5196889E+22 -0.2201102E+21  0.2662586E+22  0.3397137E+21 -0.5898267E+21 -0.3582199E+20
  0.5997394E+20  0.6699744E+21 -0.2451530E+21  0.1871087E+22 -0.1369314E+22  0.2505255E+21
 -0.4745584E+21 -0.2782465E+22  0.1206491E+22 -0.7361584E+21  0.1590769E+22 -0.4835181E+21
  0.9387647E+21  0.5214380E+21 -0.9359769E+21  0.7240835E+20 -0.2599448E+21  0.2332994E+21
  0.8675327E+22 -0.3977843E+22 -0.3173148E+21  0.4559837E+21  0.7274816E+20  0.2901581E+19
  0.1429477E+22  0.8758557E+22 -0.3266356E+22 -0.2083137E+22  0.5766842E+21  0.5925815E+20
 -0.6312860E+22 -0.3194752E+21  0.3391295E+22  0.4050536E+21 -0.7187145E+21 -0.5990975E+20
  0.5888554E+20  0.7485961E+21 -0.2669531E+21  0.2379176E+22 -0.1696852E+22  0.3025530E+21
 -0.5201008E+21 -0.3451512E+22  0.1448808E+22 -0.9252329E+21  0.2045453E+22 -0.6117598E+21
  0.1148435E+22  0.6428225E+21 -0.1191882E+22  0.8995300E+20 -0.3335708E+21  0.3092434E+21
  0.1043556E+23 -0.4665087E+22 -0.4724059E+21  0.5213671E+21  0.1055916E+21  0.5346318E+19
  0.1552889E+22  0.1085509E+23 -0.3929954E+22 -0.2503899E+22  0.6170066E+21  0.8815666E+20
 -0.7670994E+22 -0.4304352E+21  0.4304921E+22  0.4794578E+21 -0.8748692E+21 -0.9350942E+20
  0.5777034E+20  0.8334843E+21 -0.2897879E+21  0.3006283E+22 -0.2090464E+22  0.3634088E+21
 -0.5707502E+21 -0.4276862E+22  0.1738884E+22 -0.1151313E+22  0.2617686E+22 -0.7709491E+21
  0.1409702E+22  0.7883921E+21 -0.1518419E+22  0.1102293E+21 -0.4245966E+21  0.4088801E+21
  0.1252261E+23 -0.5462286E+22 -0.6724152E+21  0.5956540E+21  0.1466517E+21  0.9026518E+19
  0.1672588E+22  0.1338093E+23 -0.4699840E+22 -0.2997900E+22  0.6461813E+21  0.1249759E+21
 -0.9312257E+22 -0.5480789E+21  0.5438699E+22  0.5624838E+21 -0.1062393E+22 -0.1393060E+21
  0.5585002E+20  0.9179769E+21 -0.3108693E+21  0.3772074E+22 -0.2554796E+22  0.4325859E+21
 -0.6218980E+21 -0.5283139E+22  0.2077302E+22 -0.1415478E+22  0.3327083E+22 -0.9643748E+21
  0.1731231E+22  0.9589380E+21 -0.1929244E+22  0.1327902E+21 -0.5343093E+21  0.5374764E+21
  0.1499727E+23 -0.6388073E+22 -0.9273342E+21  0.6802484E+21  0.1974986E+21  0.1433509E+20
  0.1779773E+22  0.1641339E+23 -0.5585774E+22 -0.3576361E+22  0.6587408E+21  0.1709929E+21
 -0.1129161E+23 -0.6660732E+21  0.6837589E+22  0.6540232E+21 -0.1286941E+22 -0.2006031E+21
  0.5280279E+20  0.9964053E+21 -0.3281756E+21  0.4700620E+22 -0.3096388E+22  0.5099125E+21
 -0.6700053E+21 -0.6503822E+22  0.2467086E+22 -0.1719242E+22  0.4198828E+22 -0.1196425E+22
  0.2125395E+22  0.1156057E+22 -0.2442628E+22  0.1572023E+21 -0.6643040E+21  0.7018026E+21
  0.1792959E+23 -0.7462085E+22 -0.1248366E+22  0.7764080E+21  0.2597776E+21  0.2172968E+20
  0.1878830E+22  0.2004447E+23 -0.6606599E+22 -0.4252495E+22  0.6497645E+21  0.2277185E+21
 -0.1368430E+23 -0.7805385E+21  0.8561098E+22  0.7549989E+21 -0.1556073E+22 -0.2814529E+21
  0.4922035E+20  0.1070708E+22 -0.3427236E+21  0.5822876E+22 -0.3727695E+22  0.5966000E+21
 -0.7169845E+21 -0.7988508E+22  0.2919794E+22 -0.2067617E+22  0.5269139E+22 -0.1474758E+22
  0.2611048E+22  0.1384550E+22 -0.3085222E+22  0.1835451E+21 -0.8179946E+21  0.9113772E+21
  0.2139870E+23 -0.8704494E+22 -0.1647179E+22  0.8851966E+21  0.3350172E+21  0.3169819E+20
  0.1981968E+22  0.2438138E+23 -0.7787264E+22 -0.5040878E+22  0.6144230E+21  0.2967791E+21
 -0.1658005E+23 -0.8903201E+21  0.1068057E+23  0.8669452E+21 -0.1878461E+22 -0.3865119E+21
  0.4589295E+20  0.1147782E+22 -0.3570994E+21  0.7176499E+22 -0.4465524E+22  0.6946597E+21
 -0.7678303E+21 -0.9799108E+22  0.3452367E+22 -0.2468472E+22  0.6583693E+22 -0.1809388E+22
  0.3211622E+22  0.1651331E+22 -0.3890522E+22  0.2122675E+21 -0.1000201E+22  0.1178233E+22
  0.2549733E+23 -0.1013869E+23 -0.2136418E+22  0.1007880E+22  0.4247596E+21  0.4475253E+20
  0.2090943E+22  0.2954858E+23 -0.9148935E+22 -0.5957460E+22  0.5462100E+21  0.3796240E+21
 -0.2007192E+23 -0.9923949E+21  0.1327169E+23  0.9907261E+21 -0.2262706E+22 -0.5207867E+21
  0.4286764E+20  0.1228631E+22 -0.3715435E+21  0.8803461E+22 -0.5324411E+22  0.8050626E+21
 -0.8230122E+21 -0.1199851E+23  0.4076317E+22 -0.2928033E+22  0.8189736E+22 -0.2208848E+22
  0.3950235E+22  0.1961375E+22 -0.4892857E+22  0.2434660E+21 -0.1214703E+22  0.1515103E+22
  0.3033561E+23 -0.1179180E+23 -0.2730261E+22  0.1145902E+22  0.5306418E+21  0.6143213E+20
  0.2198222E+22  0.3569119E+23 -0.1070939E+23 -0.7019824E+22  0.4368427E+21  0.4774810E+21
 -0.2426053E+23 -0.1081203E+22  0.1641612E+23  0.1126559E+22 -0.2717537E+22 -0.6896108E+21
  0.3982268E+20  0.1308633E+22 -0.3844356E+21  0.1075091E+23 -0.6316563E+22  0.9278047E+21
 -0.8790006E+21 -0.1465265E+23  0.4798025E+22 -0.3450664E+22  0.1013651E+23 -0.2679999E+22
  0.4850515E+22  0.2317790E+22 -0.6127738E+22  0.2768856E+21 -0.1464052E+22  0.1935319E+22
  0.3604167E+23 -0.1369272E+23 -0.3444049E+22  0.1300513E+22  0.6542206E+21  0.8227611E+20
  0.2306958E+22  0.4298125E+23 -0.1249597E+23 -0.8247826E+22  0.2782307E+21  0.5917750E+21
 -0.2927060E+23 -0.1155221E+22  0.2021328E+23  0.1275631E+22 -0.3253143E+22 -0.8989455E+21
  0.3691598E+20  0.1389598E+22 -0.3963939E+21  0.1307688E+23 -0.7460567E+22  0.1064093E+22
 -0.9367774E+21 -0.1784610E+23  0.5631581E+22 -0.4045011E+22  0.1248697E+23 -0.3232855E+22
  0.5942900E+22  0.2726885E+22 -0.7640042E+22  0.3128061E+21 -0.1752807E+22  0.2455461E+22
  0.4276488E+23 -0.1587242E+23 -0.4293945E+22  0.1472783E+22  0.7968605E+21  0.1077868E+21
  0.2430159E+22  0.5162398E+23 -0.1454638E+23 -0.9663953E+22  0.6246562E+20  0.7241629E+21
 -0.3525144E+23 -0.1218610E+22  0.2478194E+23  0.1440174E+22 -0.3880939E+22 -0.1155306E+22
  0.3452407E+20  0.1479607E+22 -0.4098401E+21  0.1585297E+23 -0.8782311E+22  0.1216317E+22
 -0.1001600E+22 -0.2168341E+23  0.6598911E+22 -0.4724991E+22  0.1531980E+23 -0.3880945E+22
  0.7264512E+22  0.3198518E+22 -0.9484563E+22  0.3520717E+21 -0.2087996E+22  0.3095766E+22
  0.5067774E+23 -0.1836403E+23 -0.5296540E+22  0.1663638E+22  0.9596504E+21  0.1383908E+21
  0.2574137E+22  0.6185683E+23 -0.1689613E+23 -0.1129200E+23 -0.2198859E+21  0.8759124E+21
 -0.4236319E+23 -0.1275991E+22  0.3024922E+23  0.1621880E+22 -0.4611805E+22 -0.1465050E+22
  0.3268783E+20  0.1582830E+22 -0.4256965E+21  0.1916119E+23 -0.1030667E+23  0.1385971E+22
 -0.1075903E+22 -0.2627636E+23  0.7717810E+22 -0.5504279E+22  0.1871928E+23 -0.4636347E+22
  0.8853196E+22  0.3741444E+22 -0.1171788E+23  0.3952924E+21 -0.2476042E+22  0.3877374E+22
  0.5998246E+23 -0.2120350E+23 -0.6469274E+22  0.1873833E+22  0.1143428E+22  0.1744323E+21
  0.2742485E+22  0.7395785E+23 -0.1958133E+23 -0.1315754E+23 -0.5796068E+21  0.1047975E+22
 -0.5078557E+23 -0.1333097E+22  0.3675597E+23  0.1822147E+22 -0.5456527E+22 -0.1834429E+22
  0.3134759E+20  0.1701811E+22 -0.4442624E+21  0.2309716E+23 -0.1205915E+23  0.1574037E+22
 -0.1160995E+22 -0.3174996E+23  0.9004550E+22 -0.6397307E+22  0.2277899E+23 -0.5510552E+22
  0.1074970E+23  0.4364316E+22 -0.1440077E+23  0.4429716E+21 -0.2923314E+22  0.4822977E+22
  0.7091515E+23 -0.2442813E+23 -0.7830618E+22  0.2103689E+22  0.1348706E+22  0.2161688E+21
  0.2949979E+22  0.8825600E+23 -0.2264919E+23 -0.1528828E+23 -0.1027841E+22  0.1241496E+22
 -0.6073331E+23 -0.1402646E+22  0.4446934E+23  0.2043231E+22 -0.6426671E+22 -0.2270073E+22
  0.3067884E+20  0.1846236E+22 -0.4677009E+21  0.2777638E+23 -0.1407300E+23  0.1782533E+22
 -0.1263214E+22 -0.3825651E+23  0.1048408E+23 -0.7424453E+22  0.2761326E+23 -0.6518716E+22
  0.1300334E+23  0.5079887E+22 -0.1760641E+23  0.4961275E+21 -0.3439061E+22  0.5959730E+22
  0.8375129E+23 -0.2807692E+23 -0.9399883E+22  0.2353139E+22  0.1575616E+22  0.2637506E+21
  0.3220431E+22  0.1051412E+24 -0.2615736E+23 -0.1771434E+23 -0.1576363E+22  0.1457753E+22
 -0.7245760E+23 -0.1505108E+22  0.5358494E+23  0.2288110E+22 -0.7534342E+22 -0.2778887E+22
  0.3095826E+20  0.2031840E+22 -0.4994310E+21  0.3333821E+23 -0.1638922E+23  0.2014255E+22
 -0.1393081E+22 -0.4597751E+23  0.1218893E+23 -0.8612402E+22  0.3335941E+23 -0.7679472E+22
  0.1567171E+23  0.5904884E+22 -0.2142064E+23  0.5562197E+21 -0.4035500E+22  0.7319617E+22
  0.9881170E+23 -0.3219041E+23 -0.1119671E+23  0.2621710E+22  0.1823806E+22  0.3171851E+21
  0.3579825E+22  0.1250731E+24 -0.3016837E+23 -0.2046784E+23 -0.2238263E+22  0.1697753E+22
 -0.8624295E+23 -0.1666903E+22  0.6432425E+23  0.2559749E+22 -0.8791364E+22 -0.3367568E+22
  0.3242316E+20  0.2276184E+22 -0.5428073E+21  0.3994839E+23 -0.1905319E+23  0.2271831E+22
 -0.1562238E+22 -0.5512108E+23  0.1415366E+23 -0.9992051E+22  0.4017568E+23 -0.9012556E+22
  0.1881823E+23  0.6857952E+22 -0.2593877E+23  0.6248130E+21 -0.4726450E+22  0.8938405E+22
  0.1164733E+24 -0.3681122E+23 -0.1324139E+23  0.2908532E+22  0.2092460E+22  0.3763403E+21
  0.4057832E+22  0.1485981E+24 -0.3475117E+23 -0.2358342E+23 -0.3028136E+22  0.1962250E+22
 -0.1024166E+24 -0.1921249E+22  0.7694201E+23  0.2861115E+22 -0.1020956E+23 -0.4042694E+22
  0.3534286E+20  0.2599685E+22 -0.6013326E+21  0.4780572E+23 -0.2211586E+23  0.2557807E+22
 -0.1784053E+22 -0.6592945E+23  0.1641606E+23 -0.1159948E+23  0.4824693E+23 -0.1053937E+23
  0.2251407E+23  0.7960226E+22 -0.3126854E+23  0.7036178E+21 -0.5527757E+22  0.1085678E+23
  0.1371726E+24 -0.4198120E+23 -0.1555413E+23  0.3212049E+22  0.2380143E+22  0.4409242E+21
  0.4691290E+22  0.1763581E+24 -0.3998175E+23 -0.2709675E+23 -0.3961969E+22  0.2251704E+22
 -0.1213532E+24 -0.2310076E+22  0.9173069E+23  0.3195116E+22 -0.1180030E+23 -0.4810639E+22
  0.4011043E+20  0.3027992E+22 -0.6791380E+21  0.5714682E+23 -0.2563453E+23  0.2874741E+22
 -0.2075134E+22 -0.7868443E+23  0.1901872E+23 -0.1347695E+23  0.5778943E+23 -0.1228344E+23
  0.2683955E+23  0.9235983E+22 -0.3753258E+23  0.7945680E+21 -0.6457826E+22  0.1312144E+23
  0.1614217E+24 -0.4774273E+23 -0.1815563E+23  0.3530147E+22  0.2684892E+22  0.5105060E+21
  0.5525058E+22  0.2091168E+24 -0.4594510E+23 -0.3104545E+23 -0.5057470E+22  0.2566326E+22
 -0.1434886E+24 -0.2884904E+22  0.1090318E+24  0.3564592E+22 -0.1357499E+23 -0.5677792E+22
  0.4727720E+20  0.3592754E+22 -0.7809752E+21  0.6825635E+23 -0.2967446E+23  0.3225245E+22
 -0.2455627E+22 -0.9371819E+23  0.2201018E+23 -0.1567419E+23  0.6905958E+23 -0.1427120E+23
  0.3188695E+23  0.1071322E+23 -0.4487305E+23  0.8998435E+21 -0.7538112E+22  0.1578695E+23
  0.1898182E+24 -0.5413649E+23 -0.2106639E+23  0.3859956E+22  0.3004086E+22  0.5844972E+21
  0.6612950E+22  0.2477779E+24 -0.5273416E+23 -0.3546783E+23 -0.6334156E+22  0.2905907E+22
 -0.1693267E+24 -0.3707960E+22  0.1292424E+24  0.3972020E+22 -0.1554453E+23 -0.6650385E+22
  0.5759604E+20  0.4332511E+22 -0.9121930E+21  0.8147546E+23 -0.3430867E+23  0.3611776E+22
 -0.2949530E+22 -0.1114206E+24  0.2544462E+23 -0.1824877E+23  0.8236016E+23 -0.1653164E+23
  0.3776184E+23  0.1242358E+23 -0.5345424E+23  0.1021834E+22 -0.8793177E+22  0.1891695E+23
  0.2230580E+24 -0.6120032E+23 -0.2430627E+23  0.4197877E+22  0.3334451E+22  0.6621541E+21
  0.8018683E+22  0.2934101E+24 -0.6044980E+23 -0.4040231E+23 -0.7813292E+22  0.3269756E+22
 -0.1994499E+24 -0.4853040E+22  0.1528245E+24  0.4419344E+22 -0.1771925E+23 -0.7734450E+22
  0.7206567E+20  0.5293654E+22 -0.1078698E+22  0.9721264E+23 -0.3961842E+23  0.4036562E+22
 -0.3584999E+22 -0.1322489E+24  0.2938223E+23 -0.2126690E+23  0.9804907E+23 -0.1909659E+23
  0.4458510E+23  0.1440250E+23 -0.6346654E+23  0.1163124E+22 -0.1025092E+23  0.2258603E+23
  0.2619590E+24 -0.6896886E+23 -0.2789442E+23  0.4539549E+22  0.3672037E+22  0.7425769E+21
  0.9817888E+22  0.3472878E+24 -0.6920233E+23 -0.4588728E+23 -0.9518072E+22  0.3656636E+22
 -0.2345380E+24 -0.6407456E+22  0.1803219E+24  0.4907844E+22 -0.2010886E+23 -0.8935843E+22
  0.9199045E+20  0.6532169E+22 -0.1287012E+22  0.1159610E+24 -0.4569483E+23  0.4501551E+22
 -0.4395092E+22 -0.1567446E+24  0.3389034E+23 -0.2480507E+23  0.1165532E+24 -0.2200118E+23
  0.5249684E+23  0.1668980E+23 -0.7513311E+23  0.1326505E+22 -0.1194316E+23  0.2688250E+23
  0.3074657E+24 -0.7746890E+23 -0.3184727E+23  0.4879756E+22  0.4012111E+22  0.8246844E+21
  0.1209735E+23  0.4109078E+24 -0.7910683E+23 -0.5195805E+23 -0.1147290E+23  0.4064492E+22
 -0.2753699E+24 -0.8471734E+22  0.2123630E+24  0.5437633E+22 -0.2272139E+23 -0.1025968E+23
  0.1189937E+21  0.8113639E+22 -0.1543918E+22  0.1383081E+24 -0.5263640E+23  0.5008005E+22
 -0.5417264E+22 -0.1855385E+24  0.3904113E+23 -0.2894907E+23  0.1383745E+24 -0.2528262E+23
  0.6165613E+23  0.1932854E+23 -0.8871108E+23  0.1514823E+22 -0.1390499E+23  0.3190946E+23
  0.3606850E+24 -0.8671980E+23 -0.3617871E+23  0.5212529E+22  0.4349239E+22  0.9072313E+21
  0.1495736E+23  0.4860511E+24 -0.9028555E+23 -0.5864701E+23 -0.1370346E+23  0.4490449E+22
 -0.3228523E+24 -0.1116158E+23  0.2496868E+24  0.6007575E+22 -0.2556338E+23 -0.1171042E+23
  0.1550679E+21  0.1011539E+23 -0.1856486E+22  0.1649617E+24 -0.6055114E+23  0.5556502E+22
 -0.6694233E+22 -0.2193753E+24  0.4491340E+23 -0.3379610E+23  0.1641109E+24 -0.2898105E+23
  0.7224700E+23  0.2236582E+23 -0.1045017E+24  0.1730972E+22 -0.1617552E+23  0.3778910E+23
  0.4229040E+24 -0.9673047E+23 -0.4089866E+23  0.5531269E+22  0.4677357E+22  0.9888179E+21
  0.1851110E+23  0.5748226E+24 -0.1028646E+24 -0.6598145E+23 -0.1623595E+23  0.4930690E+22
 -0.3780333E+24 -0.1460721E+23  0.2931561E+24  0.6614942E+22 -0.2863927E+23 -0.1329153E+23
  0.2025641E+21  0.1262673E+23 -0.2231675E+22  0.1967700E+24 -0.6955512E+23  0.6146660E+22
 -0.8273523E+22 -0.2591287E+24  0.5159108E+23 -0.3945419E+23  0.1944710E+24 -0.3313877E+23
  0.8448087E+23  0.2585192E+23 -0.1228559E+24  0.1977731E+22 -0.1879751E+23  0.4466564E+23
  0.4956217E+24 -0.1074963E+24 -0.4601174E+23  0.5828767E+22  0.4989785E+22  0.1067891E+22
  0.2288577E+23  0.6797120E+24 -0.1169722E+24 -0.7398115E+23 -0.1909626E+23  0.5380331E+22
 -0.4421264E+24 -0.1895400E+23  0.3437812E+24  0.7255119E+22 -0.3195065E+23 -0.1500508E+23
  0.2641926E+21  0.1575045E+23 -0.2676121E+22  0.2347499E+24 -0.7977157E+23  0.6776898E+22
 -0.1020779E+23 -0.3058250E+24  0.5916292E+23 -0.4604250E+23  0.2302961E+24 -0.3779987E+23
  0.9860128E+23  0.2983991E+23 -0.1441837E+24  0.2257628E+22 -0.2181730E+23  0.5270959E+23
  0.5805783E+24 -0.1189965E+24 -0.5151581E+23  0.6097437E+22  0.5279391E+22  0.1142774E+22
  0.2822151E+23  0.8036562E+24 -0.1327348E+24 -0.8265586E+23 -0.2230880E+23  0.5833357E+22
 -0.5165335E+24 -0.2436096E+23  0.4027425E+24  0.7921351E+22 -0.3549563E+23 -0.1685134E+23
  0.3429571E+21  0.1960288E+23 -0.3195643E+22  0.2801173E+24 -0.9132893E+23  0.7444178E+22
 -0.1255417E+23 -0.3606668E+24  0.6772084E+23 -0.5369027E+23  0.2725826E+24 -0.4300932E+23
  0.1148884E+24  0.3438457E+23 -0.1689633E+24  0.2572712E+22 -0.2528424E+23  0.6212244E+23
  0.6798137E+24 -0.1311950E+24 -0.5740221E+23  0.6329722E+22  0.5538931E+22  0.1211734E+22
  0.3467142E+23  0.9501441E+24 -0.1502778E+24 -0.9200540E+23 -0.2589589E+23  0.6282787E+22
 -0.6028926E+24 -0.3099993E+23  0.4714341E+24  0.8604799E+22 -0.3926926E+23 -0.1882888E+23
  0.4420723E+21  0.2431463E+23 -0.3794857E+22  0.3343351E+24 -0.1043614E+24  0.8143994E+22
 -0.1537417E+23 -0.4250750E+24  0.7736061E+23 -0.6253734E+23  0.3225209E+24 -0.4881347E+23
  0.1336688E+24  0.3954243E+23 -0.1977588E+24  0.2924400E+22 -0.2925091E+23  0.7314453E+23
  0.7956777E+24 -0.1440310E+24 -0.6365117E+23  0.6518010E+22  0.5760966E+22  0.1272962E+22
  0.4239802E+23  0.1123260E+25 -0.1697128E+24 -0.1020118E+24 -0.2987478E+23  0.6720357E+22
 -0.7030828E+24 -0.3905132E+23  0.5514752E+24  0.9293967E+22 -0.4326062E+23 -0.2093313E+23
  0.5647992E+21  0.3002893E+23 -0.4476428E+22  0.3991403E+24 -0.1190001E+24  0.8869705E+22
 -0.1873203E+23 -0.5007030E+24  0.8817578E+23 -0.7272879E+23  0.3815131E+24 -0.5525619E+23
  0.1553159E+24  0.4536820E+23 -0.2312247E+24  0.3313044E+22 -0.3377069E+23  0.8605828E+23
  0.9309177E+24 -0.1574250E+24 -0.7023399E+23  0.6655427E+22  0.5938539E+22  0.1324718E+22
  0.5157134E+23  0.1327837E+25 -0.1911411E+24 -0.1126421E+24 -0.3425727E+23  0.7137025E+22
 -0.8192987E+24 -0.4870086E+23  0.6447769E+24  0.9975262E+22 -0.4745459E+23 -0.2315703E+23
  0.7142421E+21  0.3690078E+23 -0.5240567E+22  0.4766128E+24 -0.1353750E+24  0.9612825E+22
 -0.2269391E+23 -0.5894997E+24  0.1002591E+24 -0.8441491E+23  0.4512305E+24 -0.6238018E+23
  0.1802658E+24  0.5191501E+23 -0.2701330E+24  0.3737771E+22 -0.3889801E+23  0.1012004E+24
  0.1088726E+25 -0.1712725E+24 -0.7711011E+23  0.6735916E+22  0.6065273E+22  0.1365350E+22
  0.6236472E+23  0.1569559E+25 -0.2146430E+24 -0.1238431E+24 -0.3904699E+23  0.7522944E+22
 -0.9540872E+24 -0.6013416E+23  0.7535806E+24  0.1063290E+23 -0.5182988E+23 -0.2549005E+23
  0.8930985E+21  0.4509447E+23 -0.6084368E+22  0.5692293E+24 -0.1536064E+24  0.1036267E+23
 -0.2732615E+23 -0.6937498E+24  0.1136975E+24 -0.9774556E+23  0.5336542E+24 -0.7022382E+23
  0.2090247E+24  0.5923142E+23 -0.3153896E+24  0.4196110E+22 -0.4468606E+23  0.1189699E+24
  0.1272814E+25 -0.1854468E+24 -0.8422735E+23  0.6754818E+22  0.6135888E+22  0.1393417E+22
  0.7494805E+23  0.1855109E+25 -0.2402732E+24 -0.1355408E+24 -0.4423771E+23  0.7867883E+22
 -0.1110411E+25 -0.7352860E+23  0.8805203E+24  0.1124944E+23 -0.5635930E+23 -0.2791820E+23
  0.1103305E+22  0.5477863E+23 -0.7001081E+22  0.6799337E+24 -0.1738003E+24  0.1110643E+23
 -0.3269258E+23 -0.8161327E+24  0.1285687E+24 -0.1128645E+24  0.6311335E+24 -0.7881956E+23
  0.2421825E+24  0.6735898E+23 -0.3680596E+24  0.4683691E+22 -0.5118478E+23  0.1398407E+24
  0.1487492E+25 -0.1997962E+24 -0.9152042E+23  0.6709034E+22  0.6146398E+22  0.1407737E+22
  0.8948148E+23  0.2192319E+25 -0.2680510E+24 -0.1476370E+24 -0.4981081E+23  0.8161459E+22
 -0.1291716E+25 -0.8904539E+23  0.1028686E+25  0.1180621E+23 -0.6100847E+23 -0.3042334E+23
  0.1345711E+22  0.6612126E+23 -0.7979634E+22  0.8122141E+24 -0.1960390E+24  0.1182917E+23
 -0.3885220E+23 -0.9597857E+24  0.1449361E+24 -0.1299019E+24  0.7464480E+24 -0.8819080E+23
  0.2804269E+24  0.7632910E+23 -0.4293940E+24  0.5193985E+22 -0.5843816E+23  0.1643737E+24
  0.1737811E+25 -0.2141542E+24 -0.9891480E+23  0.6597672E+22  0.6094742E+22  0.1407537E+22
  0.1061082E+24  0.2590429E+25 -0.2979623E+24 -0.1600149E+24 -0.5573541E+23  0.8393943E+22
 -0.1502055E+25 -0.1068213E+24  0.1201736E+25  0.1228452E+23 -0.6573828E+23 -0.3298434E+23
  0.1619702E+22  0.7928346E+23 -0.9004375E+22  0.9702199E+24 -0.2203795E+24  0.1251446E+23
 -0.4585661E+23 -0.1128414E+25  0.1628479E+24 -0.1489697E+24  0.8829088E+24 -0.9835215E+23
  0.3245704E+24  0.8616230E+23 -0.5008783E+24  0.5718283E+22 -0.6648301E+23  0.1932394E+24
  0.2029596E+25 -0.2283293E+24 -0.1063217E+24  0.6421758E+22  0.5980589E+22  0.1392432E+22
  0.1249401E+24  0.3060174E+25 -0.3299356E+24 -0.1725300E+24 -0.6196388E+23  0.8556226E+22
 -0.1746113E+25 -0.1269530E+24  0.1403936E+25  0.1266590E+23 -0.7050084E+23 -0.3557511E+23
  0.1922801E+22  0.9440711E+23 -0.1005454E+23  0.1158818E+25 -0.2468328E+24  0.1314409E+23
 -0.5374458E+23 -0.1326326E+25  0.1823231E+24 -0.1701440E+24  0.1044403E+25 -0.1093011E+24
  0.3755563E+24  0.9686049E+23 -0.5842473E+24  0.6245372E+22 -0.7534220E+23  0.2272262E+24
  0.2369666E+25 -0.2421229E+24 -0.1136455E+24  0.6184783E+22  0.5805916E+22  0.1362564E+22
  0.1460517E+24  0.3614168E+25 -0.3638516E+24 -0.1850217E+24 -0.6843432E+23  0.8640894E+22
 -0.2029408E+25 -0.1494905E+24  0.1640327E+25  0.1293388E+23 -0.7524406E+23 -0.3816683E+23
  0.2250434E+22  0.1116076E+24 -0.1110487E+23  0.1383761E+25 -0.2753662E+24  0.1369936E+23
 -0.6254015E+23 -0.1558603E+25  0.2033538E+24 -0.1934626E+24  0.1235542E+25 -0.1210202E+24
  0.4345017E+24  0.1084083E+24 -0.6815589E+24  0.6761971E+22 -0.8502453E+23  0.2672731E+24
  0.2765957E+25 -0.2553289E+24 -0.1207836E+24  0.5892429E+22  0.5574841E+22  0.1318592E+22
  0.1694660E+24  0.4267130E+25 -0.3995294E+24 -0.1973130E+24 -0.7506939E+23  0.8642521E+22
 -0.2358395E+25 -0.1744229E+24  0.1916828E+25  0.1307478E+23 -0.7991062E+23 -0.4072765E+23
  0.2595732E+22  0.1309599E+24 -0.1212593E+23  0.1651798E+25 -0.3058889E+24  0.1416154E+23
 -0.7224764E+23 -0.1831198E+25  0.2258951E+24 -0.2189100E+24  0.1461763E+25 -0.1334717E+24
  0.5027216E+24  0.1207677E+24 -0.7952393E+24  0.7252941E+22 -0.9551930E+23  0.3144909E+24
  0.3227719E+25 -0.2677421E+24 -0.1276301E+24  0.5552360E+22  0.5293513E+22  0.1261683E+22
  0.1951441E+24  0.5036234E+25 -0.4367239E+24 -0.2092157E+24 -0.8177781E+23  0.8558163E+22
 -0.2740644E+25 -0.2016688E+24  0.2240397E+25  0.1307879E+23 -0.8443956E+23 -0.4322347E+23
  0.2949544E+22  0.1524870E+24 -0.1308527E+23  0.1970838E+25 -0.3382446E+24  0.1451278E+23
 -0.8284802E+23 -0.2151092E+25  0.2498602E+24 -0.2464076E+24  0.1729467E+25 -0.1465952E+24
  0.5817674E+24  0.1338762E+24 -0.9281519E+24  0.7701892E+22 -0.1067931E+24  0.3701935E+24
  0.3765710E+25 -0.2791656E+24 -0.1340789E+24  0.5173886E+22  0.4969876E+22  0.1193477E+22
  0.2229723E+24  0.5941458E+25 -0.4751210E+24 -0.2205371E+24 -0.8845651E+23  0.8387727E+22
 -0.3185016E+25 -0.2310654E+24  0.2619188E+25  0.1294090E+23 -0.8876783E+23 -0.4561894E+23
  0.3300617E+22  0.1761452E+24 -0.1394873E+23  0.2350101E+25 -0.3722035E+24  0.1473718E+23
 -0.9429437E+23 -0.2526457E+25  0.2751126E+24 -0.2758031E+24  0.2046171E+25 -0.1603043E+24
  0.6734672E+24  0.1476434E+24 -0.1083668E+25  0.8091925E+22 -0.1187857E+24  0.4359295E+24
  0.4392577E+25 -0.2894249E+24 -0.1400317E+24  0.4767519E+22  0.4613311E+22  0.1116023E+22
  0.2527628E+24  0.7006220E+25 -0.5143517E+24 -0.2310927E+24 -0.9499647E+23  0.8134330E+22
 -0.3702001E+25 -0.2623707E+24  0.3062839E+25  0.1266174E+23 -0.9283442E+23 -0.4787979E+23
  0.3636192E+22  0.2018196E+24 -0.1468279E+23  0.2800399E+25 -0.4074696E+24  0.1482213E+23
 -0.1065124E+24 -0.2966938E+25  0.3014713E+24 -0.3068719E+24  0.2420748E+25 -0.1744902E+24
  0.7799983E+24  0.1619549E+24 -0.1265793E+25  0.8406869E+22 -0.1314113E+24  0.5135367E+24
  0.5122924E+25 -0.2983622E+24 -0.1453946E+24  0.4344200E+22  0.4233934E+22  0.1031617E+22
  0.2842323E+24  0.8257535E+25 -0.5539681E+24 -0.2407030E+24 -0.1012824E+24  0.7803895E+22
 -0.4303784E+25 -0.2952463E+24  0.3582546E+25  0.1224724E+23 -0.9657817E+23 -0.4997176E+23
  0.3942476E+22  0.2293037E+24 -0.1525586E+23  0.3334211E+25 -0.4436584E+24  0.1475857E+23
 -0.1193922E+24 -0.3483734E+25  0.3286909E+24 -0.3392968E+24  0.2863513E+25 -0.1890112E+24
  0.9039055E+24  0.1766627E+24 -0.1479200E+25  0.8631902E+22 -0.1445502E+24  0.6051607E+24
  0.5973892E+25 -0.3058561E+24 -0.1500896E+24  0.3914867E+22  0.3842204E+22  0.9427226E+21
  0.3170174E+24  0.9726970E+25 -0.5934779E+24 -0.2492124E+24 -0.1072027E+24  0.7405320E+22
 -0.5004756E+25 -0.3292756E+24  0.4191493E+25  0.1170902E+23 -0.9994443E+23 -0.5186430E+23
  0.4205804E+22  0.2583067E+24 -0.1564143E+23  0.3966087E+25 -0.4803225E+24  0.1454265E+23
 -0.1327941E+24 -0.4090025E+25  0.3564784E+24 -0.3726861E+24  0.3386581E+25 -0.2037035E+24
  0.1048211E+25  0.1915960E+24 -0.1729421E+25  0.8755163E+22 -0.1580552E+24  0.7133343E+24
  0.6965453E+25 -0.3118211E+24 -0.1540549E+24  0.3489808E+22  0.3448272E+22  0.8518077E+21
  0.3506701E+24  0.1145118E+26 -0.6323420E+24 -0.2564920E+24 -0.1126524E+24  0.6949868E+22
 -0.5821780E+25 -0.3639638E+24  0.4905090E+25  0.1106356E+23 -0.1028856E+24 -0.5353097E+23
  0.4413551E+22  0.2884477E+24 -0.1581976E+23  0.4712877E+25 -0.5169503E+24  0.1417593E+23
 -0.1465464E+24 -0.4801213E+25  0.3844884E+24 -0.4065716E+24  0.4004079E+25 -0.2183786E+24
  0.1216472E+25  0.2065594E+24 -0.2022951E+25  0.8768553E+22 -0.1717506E+24  0.8410245E+24
  0.8120917E+25 -0.3162093E+24 -0.1572470E+24  0.3078111E+22  0.3061413E+22  0.7612016E+21
  0.3846713E+24  0.1347275E+26 -0.6699910E+24 -0.2624442E+24 -0.1175389E+24  0.6450531E+22
 -0.6774623E+25 -0.3987547E+24  0.5741345E+25  0.1033110E+23 -0.1053627E+24 -0.5495041E+23
  0.4555274E+22  0.3192656E+24 -0.1577985E+23  0.5594095E+25 -0.5529814E+24  0.1366568E+23
 -0.1604501E+24 -0.5635302E+25  0.4123307E+24 -0.4404224E+24  0.4732475E+25 -0.2328288E+24
  0.1412880E+25  0.2213386E+24 -0.2367411E+25  0.8668602E+22 -0.1854367E+24  0.9917044E+24
  0.9467415E+25 -0.3190102E+24 -0.1596418E+24  0.2687310E+22  0.2689613E+22  0.6729794E+21
  0.4184443E+24  0.1584105E+26 -0.7058396E+24 -0.2670057E+24 -0.1217848E+24  0.5921273E+22
 -0.7886394E+25 -0.4330469E+24  0.6721242E+25  0.9534428E+22 -0.1073466E+24 -0.5610699E+23
  0.4623639E+22  0.3502301E+24 -0.1552051E+23  0.6632284E+25 -0.5878219E+24  0.1302472E+23
 -0.1742829E+24 -0.6613272E+25  0.4395788E+24 -0.4736606E+24  0.5590894E+25 -0.2468313E+24
  0.1642349E+25  0.2357049E+24 -0.2771717E+25  0.8456906E+22 -0.1988941E+24  0.1169425E+25
  0.1103685E+26 -0.3202561E+24 -0.1612384E+24  0.2323217E+22  0.2339327E+22  0.5888870E+21
  0.4513900E+24  0.1861389E+26 -0.7393274E+24 -0.2701546E+24 -0.1253353E+24  0.5376369E+22
 -0.9184341E+25 -0.4662311E+24  0.7869438E+25  0.8697582E+22 -0.1088214E+24 -0.5699265E+23
  0.4615286E+22  0.3807735E+24 -0.1505124E+23  0.7853711E+25 -0.6208841E+24  0.1227117E+23
 -0.1878126E+24 -0.7759781E+25  0.4657966E+24 -0.5056978E+24  0.6601723E+25 -0.2601633E+24
  0.1910693E+25  0.2494302E+24 -0.3246372E+25  0.8140428E+22 -0.2118978E+24  0.1378941E+25
  0.1286606E+26 -0.3199983E+24 -0.1620482E+24  0.1989709E+22  0.2015190E+22  0.5102495E+21
  0.4828896E+24  0.2185782E+26 -0.7698994E+24 -0.2718930E+24 -0.1281511E+24  0.4829294E+22
 -0.1070000E+26 -0.4976923E+24  0.9214404E+25  0.7843909E+22 -0.1097779E+24 -0.5760340E+23
  0.4530958E+22  0.4102969E+24 -0.1439088E+23  0.9288520E+25 -0.6515768E+24  0.1142680E+23
 -0.2007965E+24 -0.9103311E+25  0.4905303E+24 -0.5359336E+24  0.7790749E+25 -0.2725958E+24
  0.2224652E+25  0.2622822E+24 -0.3803539E+25  0.7730641E+22 -0.2242150E+24  0.1625750E+25
  0.1499827E+26 -0.3183192E+24 -0.1621010E+24  0.1688980E+22  0.1720194E+22  0.4379959E+21
  0.5123584E+24  0.2565061E+26 -0.7970692E+24 -0.2722585E+24 -0.1302160E+24  0.4292391E+22
 -0.1247043E+26 -0.5268627E+24  0.1078948E+26  0.6995310E+22 -0.1102191E+24 -0.5794205E+23
  0.4375691E+22  0.4382203E+24 -0.1356711E+23  0.1097181E+26 -0.6793653E+24  0.1051643E+23
 -0.2130022E+24 -0.1067722E+26  0.5133531E+24 -0.5638115E+24  0.9188061E+25 -0.2839181E+24
  0.2592158E+25  0.2740472E+24 -0.4457482E+25  0.7243183E+22 -0.2356262E+24  0.1916274E+25
  0.1748381E+26 -0.3153143E+24 -0.1614363E+24  0.1421645E+22  0.1455723E+22  0.3726545E+21
  0.5392647E+24  0.3008266E+26 -0.8204187E+24 -0.2713089E+24 -0.1315307E+24  0.3776164E+22
 -0.1453878E+26 -0.5532376E+24  0.1263343E+26  0.6170902E+22 -0.1101551E+24 -0.5801536E+23
  0.4158226E+22  0.4640048E+24 -0.1261397E+23  0.1294425E+26 -0.7037786E+24  0.9566108E+22
 -0.2242147E+24 -0.1252030E+26  0.5338728E+24 -0.5888320E+24  0.1082856E+26 -0.2939392E+24
  0.3022456E+25  0.2845332E+24 -0.5224801E+25  0.6696471E+22 -0.2459307E+24  0.2257978E+25
  0.2038136E+26 -0.3110874E+24 -0.1601004E+24  0.1187057E+22  0.1221832E+22  0.3144066E+21
  0.5631583E+24  0.3525914E+26 -0.8396200E+24 -0.2691186E+24 -0.1321105E+24  0.3289019E+22
 -0.1695539E+26 -0.5764006E+24  0.1479138E+26  0.5386416E+22 -0.1096025E+24 -0.5783334E+23
  0.3890163E+22  0.4871827E+24 -0.1156923E+23  0.1525303E+26 -0.7244336E+24  0.8601638E+22
 -0.2342476E+24 -0.1467770E+26  0.5517534E+24 -0.6105793E+24  0.1275277E+26 -0.3024984E+24
  0.3526326E+25  0.2935792E+24 -0.6124825E+25  0.6110380E+22 -0.2549568E+24  0.2659530E+25
  0.2375921E+26 -0.3057408E+24 -0.1581407E+24  0.9835916E+21  0.1017502E+22  0.2631453E+21
  0.5836899E+24  0.4130224E+26 -0.8544420E+24 -0.2657691E+24 -0.1319808E+24  0.2837108E+22
 -0.1977877E+26 -0.5960377E+24  0.1731571E+26  0.4653806E+22 -0.1085813E+24 -0.5740743E+23
  0.3584862E+22  0.5073799E+24 -0.1047163E+23  0.1795288E+26 -0.7410461E+24  0.7647091E+22
 -0.2429514E+24 -0.1720183E+26  0.5667271E+24 -0.6287355E+24  0.1500766E+26 -0.3094699E+24
  0.4116296E+25  0.3010607E+24 -0.7179986E+25  0.5504802E+22 -0.2625676E+24  0.3130982E+25
  0.2769758E+26 -0.2993815E+24 -0.1556080E+24  0.8089990E+21  0.8409789E+21  0.2185558E+21
  0.6006405E+24  0.4835541E+26 -0.8647822E+24 -0.2613529E+24 -0.1311775E+24  0.2424481E+22
 -0.2307757E+26 -0.6119637E+24  0.2026783E+26  0.3981396E+22 -0.1071171E+24 -0.5675135E+23
  0.3256323E+22  0.5243449E+24 -0.9358396E+22  0.2110798E+26 -0.7534614E+24  0.6723809E+22
 -0.2502263E+24 -0.2015415E+26  0.5786224E+24 -0.6431091E+24  0.1764822E+26 -0.3147768E+24
  0.4807046E+25  0.3069026E+24 -0.8416552E+25  0.4898496E+22 -0.2686745E+24  0.3684090E+25
  0.3228906E+26 -0.2920997E+24 -0.1525448E+24  0.6606124E+21  0.6899906E+21  0.1801688E+21
  0.6138919E+24  0.5658415E+26 -0.8706171E+24 -0.2559539E+24 -0.1297368E+24  0.2053125E+22
 -0.2693093E+26 -0.6240890E+24  0.2371852E+26  0.3373867E+22 -0.1052339E+24 -0.5587702E+23
  0.2917887E+22  0.5379261E+24 -0.8262468E+22  0.2479230E+26 -0.7616123E+24  0.5849127E+22
 -0.2560106E+24 -0.2360547E+26  0.5873356E+24 -0.6536015E+24  0.2073777E+26 -0.3183750E+24
  0.5615487E+25  0.3110630E+24 -0.9864774E+25  0.4307738E+22 -0.2732235E+24  0.4332383E+25
