  0.9222452E+17 -0.1461349E+18  0.4120360E+17  0.5788973E+17 -0.3264470E+17  0.4602183E+16
  0.1617533E+18 -0.1044784E+18 -0.3445667E+17 -0.1875731E+17  0.6121589E+17 -0.1576899E+17
 -0.2194544E+18  0.2410139E+18 -0.1099538E+17 -0.5319745E+17 -0.1512940E+17  0.8494973E+16
  0.7092511E+17  0.2076203E+17 -0.6190446E+17  0.1519427E+16 -0.9060702E+16  0.1350778E+17
 -0.1924514E+18  0.3071469E+17  0.1173360E+18  0.8618465E+16 -0.2081585E+17 -0.1455365E+17
  0.1305517E+18 -0.7988794E+17 -0.4524507E+17  0.1222138E+17  0.1384332E+17  0.3920127E+16
  0.9717216E+17 -0.1521072E+18  0.4287374E+17  0.5952476E+17 -0.3355593E+17  0.4729127E+16
  0.1699360E+18 -0.1081540E+18 -0.3513473E+17 -0.1944897E+17  0.6232238E+17 -0.1602133E+17
 -0.2285808E+18  0.2476931E+18 -0.1147542E+17 -0.5383986E+17 -0.1531025E+17  0.8592900E+16
  0.7429661E+17  0.2172862E+17 -0.6350277E+17  0.1588676E+16 -0.9285941E+16  0.1356927E+17
 -0.1998726E+18  0.3092339E+17  0.1194767E+18  0.8795748E+16 -0.2072550E+17 -0.1455551E+17
  0.1344243E+18 -0.8090847E+17 -0.4581294E+17  0.1217447E+17  0.1378715E+17  0.3903360E+16
  0.1092574E+18 -0.1688386E+18  0.4754137E+17  0.6522780E+17 -0.3673352E+17  0.5171689E+16
  0.1902720E+18 -0.1190852E+18 -0.3828049E+17 -0.2158143E+17  0.6764059E+17 -0.1733503E+17
 -0.2538158E+18  0.2711550E+18 -0.1265823E+17 -0.5798115E+17 -0.1656098E+17  0.9260347E+16
  0.8283977E+17  0.2432110E+17 -0.6937899E+17  0.1785121E+16 -0.1018456E+17  0.1452637E+17
 -0.2210104E+18  0.3289818E+17  0.1296111E+18  0.9591892E+16 -0.2192150E+17 -0.1551992E+17
  0.1474098E+18 -0.8716330E+17 -0.4943952E+17  0.1288490E+17  0.1461678E+17  0.4145359E+16
  0.1233222E+18 -0.1880439E+18  0.5286372E+17  0.7168315E+17 -0.4030377E+17  0.5665187E+16
  0.2135432E+18 -0.1311222E+18 -0.4196554E+17 -0.2415694E+17  0.7368076E+17 -0.1880432E+17
 -0.2826248E+18  0.2974476E+18 -0.1387292E+17 -0.6249612E+17 -0.1803725E+17  0.1000984E+17
  0.9244218E+17  0.2743269E+17 -0.7596010E+17  0.2035198E+16 -0.1127077E+17  0.1560418E+17
 -0.2446948E+18  0.3466357E+17  0.1409681E+18  0.1053047E+17 -0.2315887E+17 -0.1661270E+17
  0.1619270E+18 -0.9392996E+17 -0.5351550E+17  0.1362163E+17  0.1552153E+17  0.4421604E+16
  0.1397662E+18 -0.2101807E+18  0.5895649E+17  0.7901758E+17 -0.4432946E+17  0.6217291E+16
  0.2402753E+18 -0.1443965E+18 -0.4629973E+17 -0.2726905E+17  0.8056581E+17 -0.2045342E+17
 -0.3156429E+18  0.3270114E+18 -0.1510868E+17 -0.6742984E+17 -0.1978147E+17  0.1085432E+17
  0.1032657E+18  0.3117355E+17 -0.8335725E+17  0.2352645E+16 -0.1258182E+17  0.1682173E+17
 -0.2713145E+18  0.3613291E+17  0.1537405E+18  0.1163505E+17 -0.2443485E+17 -0.1785407E+17
  0.1782091E+18 -0.1012640E+18 -0.5811215E+17  0.1438535E+17  0.1651057E+17  0.4737442E+16
  0.1591124E+18 -0.2358411E+18  0.6596749E+17  0.8739268E+17 -0.4888950E+17  0.6837480E+16
  0.2711668E+18 -0.1591069E+18 -0.5141538E+17 -0.3102223E+17  0.8844187E+17 -0.2231108E+17
 -0.3537083E+18  0.3604368E+18 -0.1635781E+17 -0.7285031E+17 -0.2184082E+17  0.1180884E+17
  0.1155338E+18  0.3566892E+17 -0.9171220E+17  0.2753030E+16 -0.1415722E+17  0.1820058E+17
 -0.3014032E+18  0.3723592E+17  0.1681704E+18  0.1293002E+17 -0.2575262E+17 -0.1926645E+17
  0.1965743E+18 -0.1092590E+18 -0.6331731E+17  0.1518195E+17  0.1759636E+17  0.5098685E+16
  0.1819831E+18 -0.2657187E+18  0.7406881E+17  0.9699582E+17 -0.5407498E+17  0.7536674E+16
  0.3069995E+18 -0.1754260E+18 -0.5747862E+17 -0.3555657E+17  0.9748580E+17 -0.2441129E+17
 -0.3977687E+18  0.3983631E+18 -0.1760112E+17 -0.7882238E+17 -0.2427546E+17  0.1289134E+17
  0.1294745E+18  0.4108049E+17 -0.1011796E+18  0.3258568E+16 -0.1605145E+17  0.1976704E+17
 -0.3355114E+18  0.3784130E+17  0.1845268E+18  0.1444729E+17 -0.2710651E+17 -0.2087753E+17
  0.2173553E+18 -0.1179935E+18 -0.6922984E+17  0.1601349E+17  0.1879106E+17  0.5512600E+16
  0.2091657E+18 -0.3006780E+18  0.8347260E+17  0.1080570E+18 -0.5999639E+17  0.8327937E+16
  0.3487438E+18 -0.1935569E+18 -0.6469599E+17 -0.4104421E+17  0.1079113E+18 -0.2679449E+17
 -0.4490005E+18  0.4415726E+18 -0.1881275E+17 -0.8542480E+17 -0.2715797E+17  0.1412313E+17
  0.1453659E+18  0.4760546E+17 -0.1119458E+18  0.3897544E+16 -0.1833041E+17  0.2155229E+17
 -0.3743112E+18  0.3778959E+17  0.2031336E+18  0.1622382E+17 -0.2848907E+17 -0.2272003E+17
  0.2409590E+18 -0.1275643E+18 -0.7596854E+17  0.1688322E+17  0.2010897E+17  0.5987759E+16
  0.2415740E+18 -0.3417087E+18  0.9441972E+17  0.1208375E+18 -0.6677879E+17  0.9226037E+16
  0.3974160E+18 -0.2135967E+18 -0.7333210E+17 -0.4772388E+17  0.1199806E+18 -0.2950885E+17
 -0.5086675E+18  0.4908520E+18 -0.1993956E+17 -0.9271719E+17 -0.3058436E+17  0.1552999E+17
  0.1634483E+18  0.5550409E+17 -0.1242038E+18  0.4712046E+16 -0.2108869E+17  0.2359552E+17
 -0.4184071E+18  0.3679072E+17  0.2243394E+18  0.1830898E+17 -0.2987216E+17 -0.2483580E+17
  0.2677674E+18 -0.1380188E+18 -0.8366472E+17  0.1778520E+17  0.2156219E+17  0.6535322E+16
  0.2801875E+18 -0.3898644E+18  0.1071645E+18  0.1356184E+18 -0.7455657E+17  0.1024692E+17
  0.4538807E+18 -0.2353716E+18 -0.8372966E+17 -0.5593777E+17  0.1340162E+18 -0.3261139E+17
 -0.5779335E+18  0.5468332E+18 -0.2087887E+17 -0.1007076E+18 -0.3468469E+17  0.1714317E+17
  0.1838124E+18  0.6512283E+17 -0.1381211E+18  0.5768086E+16 -0.2446744E+17  0.2594689E+17
 -0.4681025E+18  0.3432200E+17  0.2484794E+18  0.2076916E+17 -0.3118792E+17 -0.2727954E+17
  0.2980211E+18 -0.1492886E+18 -0.9245235E+17  0.1869588E+17  0.2315621E+17  0.7170160E+16
  0.3264551E+18 -0.4466920E+18  0.1220737E+18  0.1528034E+18 -0.8351741E+17  0.1141198E+17
  0.5196298E+18 -0.2589660E+18 -0.9630691E+17 -0.6604947E+17  0.1504079E+18 -0.3617122E+17
 -0.6587146E+18  0.6107104E+18 -0.2154169E+17 -0.1094972E+18 -0.3959820E+17  0.1899925E+17
  0.2067782E+18  0.7683431E+17 -0.1539696E+18  0.7137493E+16 -0.2860589E+17  0.2866192E+17
 -0.5242494E+18  0.2997652E+17  0.2760552E+18  0.2366516E+17 -0.3239753E+17 -0.3010985E+17
  0.3322853E+18 -0.1614701E+18 -0.1025207E+18  0.1961612E+17  0.2490936E+17  0.7907730E+16
  0.3824637E+18 -0.5143798E+18  0.1396568E+18  0.1729488E+18 -0.9391300E+17  0.1274894E+17
  0.5969854E+18 -0.2847748E+18 -0.1115819E+18 -0.7845630E+17  0.1696293E+18 -0.4027183E+17
 -0.7539077E+18  0.6843675E+18 -0.2184939E+17 -0.1192923E+18 -0.4547882E+17  0.2114139E+17
  0.2329577E+18  0.9105581E+17 -0.1721484E+18  0.8897709E+16 -0.3364368E+17  0.3180305E+17
 -0.5883850E+18  0.2345925E+17  0.3077711E+18  0.2705782E+17 -0.3349318E+17 -0.3339111E+17
  0.3715233E+18 -0.1748424E+18 -0.1141273E+18  0.2057063E+17  0.2685469E+17  0.8764617E+16
  0.4505969E+18 -0.5953791E+18  0.1604735E+18  0.1966704E+18 -0.1060177E+18  0.1428757E+17
  0.6882305E+18 -0.3128109E+18 -0.1302268E+18 -0.9372903E+17  0.1922625E+18 -0.4501165E+17
 -0.8664971E+18  0.7695830E+18 -0.2163667E+17 -0.1302328E+18 -0.5253973E+17  0.2362217E+17
  0.2627965E+18  0.1083464E+18 -0.1930437E+18  0.1116733E+17 -0.3979427E+17  0.3545126E+17
 -0.6617331E+18  0.1413260E+17  0.3443558E+18  0.3103313E+17 -0.3440849E+17 -0.3720974E+17
  0.4165681E+18 -0.1895370E+18 -0.1275510E+18  0.2155966E+17  0.2901761E+17  0.9763860E+16
  0.5335457E+18 -0.6924192E+18  0.1851351E+18  0.2246501E+18 -0.1201313E+18  0.1606002E+17
  0.7955059E+18 -0.3425865E+18 -0.1531008E+18 -0.1126496E+18  0.2190211E+18 -0.5050740E+17
 -0.9994884E+18  0.8679717E+18 -0.2063124E+17 -0.1423777E+18 -0.6106527E+17  0.2650573E+17
  0.2965208E+18  0.1294208E+18 -0.2170249E+18  0.1412190E+17 -0.4736183E+17  0.3971037E+17
 -0.7451085E+18  0.9680237E+15  0.3865664E+18  0.3569728E+17 -0.3500557E+17 -0.4167914E+17
  0.4680841E+18 -0.2055183E+18 -0.1430964E+18  0.2255886E+17  0.3141415E+17  0.1093638E+17
  0.6348597E+18 -0.8090585E+18  0.2144288E+18  0.2577639E+18 -0.1366329E+18  0.1810625E+17
  0.9217111E+18 -0.3736311E+18 -0.1812731E+18 -0.1361547E+18  0.2507762E+18 -0.5690046E+17
 -0.1156909E+19  0.9817643E+18 -0.1851052E+17 -0.1558502E+18 -0.7139292E+17  0.2986909E+17
  0.3345429E+18  0.1551128E+18 -0.2445837E+18  0.1797974E+17 -0.5670133E+17  0.4470367E+17
 -0.8398199E+18 -0.1714304E+17  0.4353861E+18  0.4116121E+17 -0.3513892E+17 -0.4693311E+17
  0.5270606E+18 -0.2228572E+18 -0.1611529E+18  0.2355770E+17  0.3407016E+17  0.1231844E+17
  0.7594560E+18 -0.9501542E+18  0.2494158E+18  0.2971841E+18 -0.1560219E+18  0.2047790E+17
  0.1071129E+19 -0.4057153E+18 -0.2160845E+18 -0.1653505E+18  0.2886018E+18 -0.6436437E+17
 -0.1344535E+19  0.1114287E+19 -0.1491166E+17 -0.1709092E+18 -0.8391821E+17  0.3380531E+17
  0.3776772E+18  0.1864031E+18 -0.2764161E+18  0.2299987E+17 -0.6821275E+17  0.5057615E+17
 -0.9481589E+18 -0.4131294E+17  0.4921499E+18  0.4754615E+17 -0.3467938E+17 -0.5312697E+17
  0.5950883E+18 -0.2418485E+18 -0.1822355E+18  0.2457228E+17  0.3703095E+17  0.1395161E+17
  0.9134018E+18 -0.1121628E+19  0.2913670E+18  0.3443309E+18 -0.1788947E+18  0.2323587E+17
  0.1248535E+19 -0.4380877E+18 -0.2592492E+18 -0.2016895E+18  0.3338343E+18 -0.7311037E+17
 -0.1569084E+19  0.1269264E+19 -0.9324353E+16 -0.1878003E+18 -0.9914664E+17  0.3842846E+17
  0.4266580E+18  0.2245098E+18 -0.3132849E+18  0.2953458E+17 -0.8242613E+17  0.5750943E+17
 -0.1072396E+19 -0.7310133E+17  0.5583871E+18  0.5500138E+17 -0.3342486E+17 -0.6045650E+17
  0.6738612E+18 -0.2627202E+18 -0.2069468E+18  0.2560687E+17  0.4034147E+17  0.1588865E+17
  0.1104219E+19 -0.1330750E+19  0.3418125E+18  0.4009383E+18 -0.2059677E+18  0.2645212E+17
  0.1459278E+19 -0.4693081E+18 -0.3129616E+18 -0.2470655E+18  0.3881413E+18 -0.8339655E+17
 -0.1838447E+19  0.1450921E+19 -0.1045613E+16 -0.2067550E+18 -0.1177242E+18  0.4387906E+17
  0.4821260E+18  0.2709278E+18 -0.3560394E+18  0.3806155E+17 -0.1000371E+18  0.6573182E+17
 -0.1214797E+19 -0.1145998E+18  0.6358803E+18  0.6370308E+17 -0.3108086E+17 -0.6916954E+17
  0.7652206E+18 -0.2856344E+18 -0.2360045E+18  0.2665474E+17  0.4404679E+17  0.1819676E+17
  0.1341593E+19 -0.1586776E+19  0.4026610E+18  0.4691917E+18 -0.2381247E+18  0.3021332E+17
  0.1709904E+19 -0.4973599E+18 -0.3800207E+18 -0.3038728E+18  0.4535955E+18 -0.9553693E+17
 -0.2162547E+19  0.1664537E+19  0.1084126E+17 -0.2280682E+18 -0.1404561E+18  0.5032853E+17
  0.5448323E+18  0.3274524E+18 -0.4056986E+18  0.4920094E+17 -0.1219155E+18  0.7552384E+17
 -0.1378118E+19 -0.1683693E+18  0.7268149E+18  0.7385440E+17 -0.2727759E+17 -0.7957141E+17
  0.8714656E+18 -0.3108242E+18 -0.2702963E+18  0.2771529E+17  0.4820307E+17  0.2095897E+17
  0.1638455E+19 -0.1901871E+19  0.4763639E+18  0.5519092E+18 -0.2764747E+18  0.3462447E+17
  0.2009139E+19 -0.5197821E+18 -0.4640186E+18 -0.3750990E+18  0.5327732E+18 -0.1099122E+18
 -0.2554623E+19  0.1917177E+19  0.2751601E+17 -0.2521840E+18 -0.1683400E+18  0.5798527E+17
  0.6159214E+18  0.3962549E+18 -0.4635718E+18  0.6373296E+17 -0.1491202E+18  0.8722655E+17
 -0.1566290E+19 -0.2374313E+18  0.8339941E+18  0.8569702E+17 -0.2158563E+17 -0.9203447E+17
  0.9957700E+18 -0.3387375E+18 -0.3109608E+18  0.2880762E+17  0.5289077E+17  0.2427685E+17
  0.2011440E+19 -0.2291452E+19  0.5659354E+18  0.6526109E+18 -0.3223596E+18  0.3980767E+17
  0.2367437E+19 -0.5329122E+18 -0.5695787E+18 -0.4645647E+18  0.6288779E+18 -0.1269810E+18
 -0.3031164E+19  0.2217455E+19  0.5057396E+17 -0.2796126E+18 -0.2026412E+18  0.6710337E+17
  0.6966102E+18  0.4799699E+18 -0.5311903E+18  0.8267575E+17 -0.1829971E+18  0.1012629E+18
 -0.1783819E+19 -0.3256480E+18  0.9608218E+18  0.9952191E+17 -0.1343724E+17 -0.1070252E+18
  0.1141963E+19 -0.3698755E+18 -0.3594073E+18  0.2995017E+17  0.5820504E+17  0.2827886E+17
  0.2481940E+19 -0.2775022E+19  0.6750701E+18  0.7756783E+18 -0.3773932E+18  0.4590357E+17
  0.2797463E+19 -0.5315704E+18 -0.7026252E+18 -0.5771177E+18  0.7458762E+18 -0.1472937E+18
 -0.3612837E+19  0.2575947E+19  0.8215393E+17 -0.3109484E+18 -0.2449605E+18  0.7799219E+17
  0.7882746E+18  0.5817848E+18 -0.6103792E+18  0.1073463E+18 -0.2252447E+18  0.1181577E+18
 -0.2036064E+19 -0.4378940E+18  0.1111482E+19  0.1156754E+18 -0.2093495E+16 -0.1251293E+18
  0.1314757E+19 -0.4048277E+18 -0.4173982E+18  0.3116269E+17  0.6426069E+17  0.3312804E+17
  0.3077893E+19 -0.3377568E+19  0.8083556E+18  0.9266050E+18 -0.4435300E+18  0.5307517E+17
  0.3315461E+19 -0.5090320E+18 -0.8707317E+18 -0.7188286E+18  0.8886743E+18 -0.1715131E+18
 -0.4326401E+19  0.3006154E+19  0.1250807E+18 -0.3469517E+18 -0.2973144E+18  0.9102957E+17
  0.8928414E+18  0.7056108E+18 -0.7034591E+18  0.1394107E+18 -0.2779711E+18  0.1385617E+18
 -0.2330168E+19 -0.5801914E+18  0.1291312E+19  0.1345767E+18  0.1336523E+17 -0.1470816E+18
  0.1520337E+19 -0.4444181E+18 -0.4871994E+18  0.3247757E+17  0.7120796E+17  0.3903135E+17
  0.3835159E+19 -0.4130550E+19  0.9713754E+18  0.1112173E+19 -0.5230962E+18  0.6150788E+17
  0.3941610E+19 -0.4563097E+18 -0.1083546E+19 -0.8973154E+18  0.1063329E+19 -0.2004362E+18
 -0.5205728E+19  0.3524799E+19  0.1831120E+18 -0.3885129E+18 -0.3622591E+18  0.1066784E+18
  0.1012754E+19  0.8562704E+18 -0.8133225E+18  0.1809914E+18 -0.3438268E+18  0.1632908E+18
 -0.2675111E+19 -0.7601441E+18  0.1507039E+19  0.1567286E+18  0.3412773E+17 -0.1738168E+18
  0.1766524E+19 -0.4896424E+18 -0.5717033E+18  0.3392958E+17  0.7923193E+17  0.4625535E+17
  0.4800289E+19 -0.5073853E+19  0.1170960E+19  0.1340752E+19 -0.6188460E+18  0.7140963E+17
  0.4702206E+19 -0.3620457E+18 -0.1353345E+19 -0.1122017E+19  0.1277279E+19 -0.2350149E+18
 -0.6294750E+19  0.4153103E+19  0.2612294E+18 -0.4367276E+18 -0.4430238E+18  0.1255029E+18
  0.1151532E+19  0.1039832E+19 -0.9437456E+18  0.2347420E+18 -0.4261008E+18  0.1933633E+18
 -0.3083065E+19 -0.9872646E+18  0.1767354E+19  0.1827393E+18  0.6169381E+17 -0.2065202E+18
  0.2063620E+19 -0.5418153E+18 -0.6746684E+18  0.3556419E+17  0.8856906E+17  0.5514309E+17
  0.6032187E+19 -0.6256699E+19  0.1415189E+19  0.1622392E+19 -0.7339304E+18  0.8300305E+17
  0.5630038E+19 -0.2113888E+18 -0.1695640E+19 -0.1404603E+19  0.1539579E+19 -0.2763733E+18
 -0.7648621E+19  0.4916813E+19  0.3660797E+18 -0.4927649E+18 -0.5436952E+18  0.1481875E+18
  0.1313675E+19  0.1263920E+19 -0.1099494E+19  0.3040126E+18 -0.5289259E+18  0.2300584E+18
 -0.3569354E+19 -0.1273673E+19  0.2083238E+19  0.2133083E+18  0.9804414E+17 -0.2467082E+18
  0.2424552E+19 -0.6023899E+18 -0.8009038E+18  0.3741656E+17  0.9949392E+17  0.6614076E+17
  0.7605942E+19 -0.7740023E+19  0.1713649E+19  0.1969117E+19 -0.8719289E+18  0.9652298E+17
  0.6767902E+19  0.1411082E+17 -0.2130015E+19 -0.1759335E+19  0.1861230E+19 -0.3258383E+18
 -0.9338028E+19  0.5847792E+19  0.5065020E+18 -0.5578998E+18 -0.6694416E+18  0.1755624E+18
  0.1505550E+19  0.1538369E+19 -0.1286869E+19  0.3929756E+18 -0.6574604E+18  0.2749879E+18
 -0.4154572E+19 -0.1634738E+19  0.2468928E+19  0.2492317E+18  0.1457549E+18 -0.2963282E+18
  0.2866139E+19 -0.6730838E+18 -0.9566759E+18  0.3951672E+17  0.1123328E+18  0.7983115E+17
  0.9615989E+19 -0.9597867E+19  0.2077450E+19  0.2394945E+19 -0.1036768E+19  0.1122037E+18
  0.8171556E+19  0.3370874E+18 -0.2681016E+19 -0.2203423E+19  0.2255427E+19 -0.3849545E+18
 -0.1145261E+20  0.6984621E+19  0.6942231E+18 -0.6333572E+18 -0.8267613E+18  0.2086247E+18
  0.1736023E+19  0.1875978E+19 -0.1514201E+19  0.5068040E+18 -0.8181364E+18  0.3301804E+18
 -0.4866149E+19 -0.2089988E+19  0.2942801E+19  0.2913540E+18  0.2082191E+18 -0.3578803E+18
  0.3410006E+19 -0.7557506E+18 -0.1150111E+19  0.4187375E+17  0.1274480E+18  0.9697599E+17
  0.1217764E+20 -0.1191734E+20  0.2518983E+19  0.2915653E+19 -0.1232570E+19  0.1302649E+18
  0.9911252E+19  0.7858787E+18 -0.3379128E+19 -0.2757560E+19  0.2737907E+19 -0.4555130E+18
 -0.1410256E+20  0.8371818E+19  0.9447595E+18 -0.7199050E+18 -0.1023817E+19  0.2485692E+18
  0.2016666E+19  0.2293370E+19 -0.1792272E+19  0.6520097E+18 -0.1019094E+19  0.3982117E+18
 -0.5738964E+19 -0.2664478E+19  0.3528222E+19  0.3404351E+18  0.2900592E+18 -0.4346009E+18
  0.4082939E+19 -0.8519101E+18 -0.1391618E+19  0.4443801E+17  0.1451814E+18  0.1185788E+18
  0.1543278E+20 -0.1480104E+20  0.3052126E+19  0.3548787E+19 -0.1463593E+19  0.1509040E+18
  0.1207948E+20  0.1394434E+19 -0.4262295E+19 -0.3446367E+19  0.3327373E+19 -0.5395898E+18
 -0.1742597E+20  0.1006139E+20  0.1278550E+19 -0.8176371E+18 -0.1270811E+19  0.2968224E+18
  0.2363699E+19  0.2812663E+19 -0.2135549E+19  0.8367258E+18 -0.1270589E+19  0.4823550E+18
 -0.6819788E+19 -0.3390280E+19  0.4255504E+19  0.3970198E+18  0.3974947E+18 -0.5306763E+18
  0.4919144E+19 -0.9626433E+18 -0.1694693E+19  0.4709570E+17  0.1658200E+18  0.1459596E+18
  0.1955050E+20 -0.1836517E+20  0.3691715E+19  0.4312927E+19 -0.1733945E+19  0.1742764E+18
  0.1479341E+20  0.2204799E+19 -0.5377255E+19 -0.4299053E+19  0.4045820E+19 -0.6395636E+18
 -0.2158975E+20  0.1211010E+20  0.1722314E+19 -0.9251409E+18 -0.1580380E+19  0.3550667E+18
  0.2798457E+19  0.3462949E+19 -0.2562854E+19  0.1071306E+19 -0.1585701E+19  0.5867715E+18
 -0.8168232E+19 -0.4308673E+19  0.5163093E+19  0.4610825E+18  0.5390967E+18 -0.6515161E+18
  0.5960429E+19 -0.1087578E+19 -0.2076488E+19  0.4961165E+17  0.1894447E+18  0.1808512E+18
  0.2472722E+20 -0.2273756E+20  0.4453135E+19  0.5226999E+19 -0.2047408E+19  0.2004917E+18
  0.1819739E+20  0.3270830E+19 -0.6781324E+19 -0.5350504E+19  0.4919097E+19 -0.7581726E+18
 -0.2679016E+20  0.1457601E+20  0.2310631E+19 -0.1038503E+19 -0.1968074E+19  0.4252796E+18
  0.3347981E+19  0.4282131E+19 -0.3098214E+19  0.1369232E+19 -0.1981337E+19  0.7167699E+18
 -0.9857782E+19 -0.5473007E+19  0.6299056E+19  0.5315204E+18  0.7268193E+18 -0.8041114E+18
  0.7256303E+19 -0.1223599E+19 -0.2558492E+19  0.5158257E+17  0.2157137E+18  0.2255239E+18
  0.3119200E+20 -0.2805875E+20  0.5352535E+19  0.6310056E+19 -0.2407435E+19  0.2296232E+18
  0.2247020E+20  0.4662708E+19 -0.8545126E+19 -0.6642828E+19  0.5977717E+19 -0.8985868E+18
 -0.3325807E+20  0.1751627E+20  0.3087919E+19 -0.1150358E+19 -0.2452871E+19  0.5097756E+18
  0.4046790E+19  0.5319756E+19 -0.3772311E+19  0.1748287E+19 -0.2479468E+19  0.8791122E+18
 -0.1197928E+20 -0.6952514E+19  0.7723447E+19  0.6055122E+18  0.9772455E+18 -0.9974550E+18
  0.8865245E+19 -0.1363521E+19 -0.3167499E+19  0.5242917E+17  0.2435890E+18  0.2829322E+18
  0.3920451E+20 -0.3447858E+20  0.6406374E+19  0.7580585E+19 -0.2817057E+19  0.2617150E+18
  0.2782093E+20  0.6477215E+19 -0.1075507E+20 -0.8227665E+19  0.7257600E+19 -0.1064461E+19
 -0.4125304E+20  0.2097891E+20  0.4110405E+19 -0.1248307E+19 -0.3057640E+19  0.6112291E+18
  0.4935684E+19  0.6638942E+19 -0.4622629E+19  0.2232495E+19 -0.3108927E+19  0.1082357E+19
 -0.1463732E+20 -0.8836998E+19  0.9508843E+19  0.6774315E+18  0.1313503E+19 -0.1243011E+19
  0.1085216E+20 -0.1493579E+19 -0.3935933E+19  0.5139021E+17  0.2708507E+18  0.3568777E+18
  0.4905789E+20 -0.4215775E+20  0.7631854E+19  0.9057033E+19 -0.3279205E+19  0.2968187E+18
  0.3448297E+20  0.8852347E+19 -0.1351703E+20 -0.1016984E+20  0.8801447E+19 -0.1260046E+19
 -0.5105885E+20  0.2499578E+20  0.5448378E+19 -0.1313574E+19 -0.3809704E+19  0.7327228E+18
  0.6059552E+19  0.8318431E+19 -0.5693259E+19  0.2854844E+19 -0.3907796E+19  0.1337277E+19
 -0.1794473E+20 -0.1124264E+20  0.1174065E+20  0.7374841E+18  0.1767657E+19 -0.1555266E+19
  0.1328536E+20 -0.1590919E+19 -0.4902083E+19  0.4762807E+17  0.2935118E+18  0.4521975E+18
  0.6109186E+20 -0.5127679E+20  0.9048245E+19  0.1075965E+20 -0.3797273E+19  0.3350313E+18
  0.4270762E+20  0.1198693E+20 -0.1696163E+20 -0.1255233E+20  0.1066053E+20 -0.1490295E+19
 -0.6298370E+20  0.2957768E+20  0.7189092E+19 -0.1320004E+19 -0.4741549E+19  0.8777903E+18
  0.7463927E+19  0.1045463E+20 -0.7034174E+19  0.3660919E+19 -0.4926341E+19  0.1657291E+19
 -0.2201508E+20 -0.1431872E+20  0.1451691E+20  0.7699651E+18  0.2383583E+19 -0.1952304E+19
  0.1623353E+20 -0.1621371E+19 -0.6110188E+19  0.4048479E+17  0.3051364E+18  0.5749581E+18
  0.7570383E+20 -0.6204566E+20  0.1067771E+20  0.1271291E+20 -0.4375643E+19  0.3765120E+18
  0.5274103E+20  0.1616805E+20 -0.2124939E+20 -0.1548232E+20  0.1289646E+20 -0.1760876E+19
 -0.7735051E+20  0.3470696E+20  0.9439643E+19 -0.1233201E+19 -0.5891474E+19  0.1050413E+19
  0.9185851E+19  0.1316052E+20 -0.8697595E+19  0.4713753E+19 -0.6230500E+19  0.2058823E+19
 -0.2694412E+20 -0.1825309E+20  0.1794434E+20  0.7509220E+18  0.3220398E+19 -0.2456293E+19
  0.1975825E+20 -0.1537396E+19 -0.7609306E+19  0.2990631E+17  0.2960412E+18  0.7326247E+18
  0.9337855E+20 -0.7472636E+20  0.1254708E+20  0.1494998E+20 -0.5020413E+19  0.4214814E+18
  0.6480190E+20  0.2180419E+20 -0.2657879E+20 -0.1909926E+20  0.1558377E+20 -0.2078164E+19
 -0.9449879E+20  0.4033675E+20  0.1233153E+20 -0.1010452E+19 -0.7304822E+19  0.1255019E+19
  0.1124264E+20  0.1656267E+20 -0.1073309E+20  0.6100037E+19 -0.7905999E+19  0.2561658E+19
 -0.3278966E+20 -0.2327663E+20  0.2213356E+20  0.6454484E+18  0.4356223E+19 -0.3094009E+19
  0.2390812E+20 -0.1277815E+19 -0.9452217E+19  0.1707382E+17  0.2525959E+18  0.9342475E+18
  0.1147344E+21 -0.8966476E+20  0.1468906E+20  0.1751822E+20 -0.5739741E+19  0.4701480E+18
  0.7905855E+20  0.2946374E+20 -0.3319663E+20 -0.2358399E+20  0.1881264E+20 -0.2448986E+19
 -0.1147972E+21  0.4639558E+20  0.1602743E+20 -0.6012357E+18 -0.9035652E+19  0.1496375E+19
  0.1361896E+20  0.2079430E+20 -0.1318078E+20  0.7937514E+19 -0.1006262E+20  0.3189173E+19
 -0.3955090E+20 -0.2966430E+20  0.2719287E+20  0.4047082E+18  0.5891915E+19 -0.3897284E+19
  0.2871499E+20 -0.7697578E+18 -0.1169438E+20  0.5158691E+16  0.1567447E+18  0.1190655E+19
  0.1405746E+21 -0.1073220E+21  0.1714089E+20  0.2048380E+20 -0.6543128E+19  0.5225168E+18
  0.9559768E+20  0.3991821E+20 -0.4140909E+20 -0.2916783E+20  0.2269029E+20 -0.2879936E+19
 -0.1386566E+21  0.5279196E+20  0.2073034E+20  0.5225590E+17 -0.1114859E+20  0.1779260E+19
  0.1625279E+20  0.2598141E+20 -0.1606189E+20  0.1038335E+20 -0.1283812E+20  0.3968310E+19
 -0.4714669E+20 -0.3773046E+20  0.3321970E+20 -0.3720478E+17  0.7954549E+19 -0.4903340E+19
  0.3419120E+20  0.6751297E+17 -0.1439284E+20  0.3332729E+14 -0.1420984E+17  0.1514671E+19
  0.1719590E+21 -0.1283121E+21  0.1994074E+20  0.2393594E+20 -0.7439675E+19  0.5780926E+18
  0.1144062E+21  0.5418918E+20 -0.5159656E+20 -0.3614225E+20  0.2734177E+20 -0.3376235E+19
 -0.1665665E+21  0.5942505E+20  0.2669758E+20  0.1014486E+19 -0.1372143E+20  0.2107918E+19
  0.1902891E+20  0.3222529E+20 -0.1937051E+20  0.1364331E+20 -0.1640189E+20  0.4929558E+19
 -0.5540925E+20 -0.4782207E+20  0.4029574E+20 -0.7659154E+18  0.1070074E+20 -0.6155440E+19
  0.4033579E+20  0.1316941E+19 -0.1760761E+20  0.1074934E+17 -0.2874392E+18  0.1921543E+19
  0.2102751E+21 -0.1534280E+21  0.2311871E+20  0.2798733E+20 -0.8434327E+19  0.6354469E+18
  0.1353609E+21  0.7359468E+20 -0.6422828E+20 -0.4486567E+20  0.3290734E+20 -0.3939849E+19
 -0.1991391E+21  0.6619203E+20  0.3425920E+20  0.2356510E+19 -0.1684758E+20  0.2485109E+19
  0.2178405E+20  0.3958245E+20 -0.2306796E+20  0.1798071E+20 -0.2095768E+20  0.6106886E+19
 -0.6409614E+20 -0.6031159E+20  0.4848733E+20 -0.1888826E+19  0.1432010E+20 -0.7703989E+19
  0.4714820E+20  0.3058588E+19 -0.2140614E+20  0.4960403E+17 -0.6943273E+18  0.2429693E+19
  0.2572808E+21 -0.1836360E+21  0.2668074E+20  0.3276788E+20 -0.9521783E+19  0.6917166E+18
  0.1582282E+21  0.9978211E+20 -0.7987053E+20 -0.5576240E+20  0.3953383E+20 -0.4566805E+19
 -0.2371496E+21  0.7298797E+20  0.4383806E+20  0.4156077E+19 -0.2063708E+20  0.2910657E+19
  0.2432765E+20  0.4804712E+20 -0.2708310E+20  0.2372327E+20 -0.2674457E+20  0.7537663E+19
 -0.7292370E+20 -0.7559321E+20  0.5785311E+20 -0.3536280E+19  0.1903900E+20 -0.9608271E+19
  0.5464838E+20  0.5367203E+19 -0.2587114E+20  0.1317828E+18 -0.1270446E+19  0.3061920E+19
  0.3151197E+21 -0.2200385E+21  0.3058737E+20  0.3841155E+20 -0.1067911E+20  0.7422473E+18
  0.1827082E+21  0.1347362E+21 -0.9919055E+20 -0.6931235E+20  0.4736183E+20 -0.5244368E+19
 -0.2815923E+21  0.7970209E+20  0.5597330E+20  0.6497957E+19 -0.2521696E+20  0.3379824E+19
  0.2648383E+20  0.5755328E+20 -0.3132631E+20  0.3126795E+20 -0.3403835E+20  0.9263554E+19
 -0.8163444E+20 -0.9409742E+20  0.6846930E+20 -0.5862672E+19  0.2512767E+20 -0.1194012E+20
  0.6290803E+20  0.8315703E+19 -0.3111522E+20  0.2748095E+18 -0.2056533E+19  0.3847508E+19
  0.3862480E+21 -0.2637752E+21  0.3472938E+20  0.4503412E+20 -0.1185864E+20  0.7806705E+18
  0.2085218E+21  0.1807338E+21 -0.1229470E+21 -0.8602542E+20  0.5650867E+20 -0.5948831E+19
 -0.3337180E+21  0.8620535E+20  0.7134042E+20  0.9473912E+19 -0.3073007E+20  0.3881775E+19
  0.2814341E+20  0.6800554E+20 -0.3571792E+20  0.4108203E+20 -0.4315426E+20  0.1133276E+20
 -0.9008134E+20 -0.1163254E+21  0.8046982E+20 -0.9048664E+19  0.3291188E+20 -0.1478987E+20
  0.7208302E+20  0.1198602E+20 -0.3730036E+20  0.4982611E+18 -0.3101166E+19  0.4825397E+19
  0.4732737E+21 -0.3158703E+21  0.3890928E+20  0.5270421E+20 -0.1298434E+20  0.7997129E+18
  0.2355785E+21  0.2402335E+21 -0.1519740E+21 -0.1064021E+21  0.6705322E+20 -0.6645192E+19
 -0.3950652E+21  0.9233110E+20  0.9076745E+20  0.1318322E+20 -0.3733308E+20  0.4398696E+19
  0.2931562E+20  0.7935548E+20 -0.4023371E+20  0.5370253E+20 -0.5445501E+20  0.1380451E+20
 -0.9832458E+20 -0.1429113E+21  0.9410408E+20 -0.1330749E+20  0.4279274E+20 -0.1827542E+20
  0.8244515E+20  0.1648850E+20 -0.4466213E+20  0.8243990E+18 -0.4466071E+19  0.6048584E+19
  0.5787291E+21 -0.3770802E+21  0.4284508E+20  0.6142316E+20 -0.1395820E+20  0.7929879E+18
  0.2641983E+21  0.3157408E+21 -0.1871788E+21 -0.1309035E+21  0.7903942E+20 -0.7290719E+19
 -0.4674807E+21  0.9785633E+20  0.1152506E+21  0.1773593E+20 -0.4519940E+20  0.4906728E+19
  0.3015259E+20  0.9171653E+20 -0.4495722E+20  0.6974461E+20 -0.6837423E+20  0.1675769E+20
 -0.1067059E+21 -0.1747127E+21  0.1098054E+21 -0.1889920E+20  0.5528047E+20 -0.2255619E+20
  0.9440437E+20  0.2198791E+20 -0.5353708E+20  0.1280313E+19 -0.6234716E+19  0.7590272E+19
  0.7048890E+21 -0.4478223E+21  0.4620573E+20  0.7112637E+20 -0.1467746E+20  0.7572008E+18
  0.2953379E+21  0.4097437E+21 -0.2295818E+21 -0.1599578E+21  0.9250675E+20 -0.7841842E+19
 -0.5531452E+21  0.1024767E+21  0.1459776E+21  0.2326256E+20 -0.5452954E+20  0.5378639E+19
  0.3093554E+20  0.1054919E+21 -0.5012351E+20  0.8993322E+20 -0.8546192E+20  0.2030323E+20
 -0.1158798E+21 -0.2129197E+21  0.1282567E+21 -0.2615787E+20  0.7104613E+20 -0.2785156E+20
  0.1085169E+21  0.2873366E+20 -0.6438959E+20  0.1902061E+19 -0.8524701E+19  0.9551549E+19
  0.8537197E+21 -0.5282672E+21  0.4867311E+20  0.8172069E+20 -0.1505905E+20  0.6937498E+18
  0.3306233E+21  0.5248360E+21 -0.2803982E+21 -0.1940281E+21  0.1075460E+21 -0.8261842E+19
 -0.6545452E+21  0.1057734E+21  0.1843594E+21  0.2992971E+20 -0.6556975E+20  0.5787337E+19
  0.3201045E+20  0.1214352E+21 -0.5612047E+20  0.1151694E+21 -0.1064496E+21  0.2459749E+20
 -0.1267441E+21 -0.2591408E+21  0.1504152E+21 -0.3553081E+20  0.9098720E+20 -0.3446059E+20
  0.1254596E+21  0.3708417E+20 -0.7782683E+20  0.2740394E+19 -0.1150228E+20  0.1206965E+20
  0.1027187E+22 -0.6186792E+21  0.5000220E+20  0.9315830E+20 -0.1505827E+20  0.6085113E+18
  0.3720888E+21  0.6641637E+21 -0.3411697E+21 -0.2337601E+21  0.1243640E+21 -0.8524287E+19
 -0.7744629E+21  0.1071799E+21  0.2320906E+21  0.3796063E+20 -0.7863930E+20  0.6107737E+19
  0.3369642E+20  0.1405890E+21 -0.6343305E+20  0.1466422E+21 -0.1323285E+21  0.2985297E+20
 -0.1402709E+21 -0.3154514E+21  0.1774795E+21 -0.4762689E+20  0.1163037E+21 -0.4277990E+20
  0.1459794E+21  0.4751913E+20 -0.9460016E+20  0.3867099E+19 -0.1539709E+20  0.1532612E+20
  0.1227810E+22 -0.7198546E+21  0.5002558E+20  0.1055112E+21 -0.1466479E+20  0.5095575E+18
  0.4215373E+21  0.8320665E+21 -0.4138526E+21 -0.2801414E+21  0.1433047E+21 -0.8605897E+19
 -0.9159009E+21  0.1059574E+21  0.2912171E+21  0.4764648E+20 -0.9414992E+20  0.6312751E+19
  0.3618103E+20  0.1640471E+21 -0.7251704E+20  0.1859500E+21 -0.1643984E+21  0.3633617E+20
 -0.1572257E+21 -0.3843367E+21  0.2107564E+21 -0.6325278E+20  0.1485533E+21 -0.5330790E+20
  0.1708071E+21  0.6062259E+20 -0.1155780E+21  0.5379020E+19 -0.2051038E+20  0.1955168E+20
  0.1459270E+22 -0.8334336E+21  0.4856745E+20  0.1189999E+21 -0.1386918E+20  0.4041057E+18
  0.4797090E+21  0.1034652E+22 -0.5007785E+21 -0.3345798E+21  0.1647819E+21 -0.8466303E+19
 -0.1081953E+22  0.1011921E+21  0.3641861E+21  0.5933363E+20 -0.1125981E+21  0.6360044E+19
  0.3942396E+20  0.1925779E+21 -0.8362313E+20  0.2351759E+21 -0.2042409E+21  0.4434377E+20
 -0.1778364E+21 -0.4684984E+21  0.2514258E+21 -0.8341115E+20  0.1896492E+21 -0.6662372E+20
  0.2005492E+21  0.7702614E+20 -0.1416847E+21  0.7395974E+19 -0.2720886E+20  0.2502449E+20
  0.1726776E+22 -0.9618783E+21  0.4528189E+20  0.1339504E+21 -0.1261184E+20  0.2968609E+18
  0.5456036E+21  0.1279956E+22 -0.6044315E+21 -0.3988154E+21  0.1891126E+21 -0.8018912E+19
 -0.1275662E+22  0.9185172E+20  0.4538449E+21  0.7337393E+20 -0.1345169E+21  0.6169978E+19
  0.4309813E+20  0.2262190E+21 -0.9662025E+20  0.2968518E+21 -0.2535764E+21  0.5415243E+20
 -0.2015332E+21 -0.5705365E+21  0.3002477E+21 -0.1092294E+21  0.2417618E+21 -0.8333282E+20
  0.2355998E+21  0.9730994E+20 -0.1738179E+21  0.1004800E+20 -0.3589606E+20  0.3205931E+20
  0.2036922E+22 -0.1108029E+22  0.3948838E+20  0.1506844E+21 -0.1074030E+20  0.1913835E+18
  0.6164175E+21  0.1577461E+22 -0.7270826E+21 -0.4746482E+21  0.2162973E+21 -0.7105640E+19
 -0.1499987E+22  0.7691925E+20  0.5633802E+21  0.9004287E+20 -0.1603952E+21  0.5601865E+19
  0.4663539E+20  0.2640557E+21 -0.1109197E+21  0.3737796E+21 -0.3140210E+21  0.6595413E+20
 -0.2269647E+21 -0.6926445E+21  0.3573572E+21 -0.1418153E+21  0.3071356E+21 -0.1039924E+21
  0.2761474E+21  0.1218950E+21 -0.2127899E+21  0.1345149E+20 -0.4696407E+20  0.4099217E+20
  0.2397043E+22 -0.1274449E+22  0.3010595E+20  0.1693982E+21 -0.8003294E+19  0.9452978E+17
  0.6883230E+21  0.1937081E+22 -0.8704499E+21 -0.5635925E+21  0.2458610E+21 -0.5493403E+19
 -0.1758015E+22  0.5559806E+20  0.6962394E+21  0.1094582E+21 -0.1906072E+21  0.4441579E+19
  0.4941385E+20  0.3043933E+21 -0.1255976E+21  0.4687719E+21 -0.3868458E+21  0.7980944E+20
 -0.2524114E+21 -0.8365550E+21  0.4223327E+21 -0.1820853E+21  0.3879076E+21 -0.1290566E+21
  0.3223362E+21  0.1509901E+21 -0.2593628E+21  0.1768186E+20 -0.6074592E+20  0.5217304E+20
  0.2814608E+22 -0.1463077E+22  0.1574332E+20  0.1901325E+21 -0.4091810E+19  0.2201479E+17
  0.7578298E+21  0.2368331E+22 -0.1035700E+22 -0.6667405E+21  0.2769118E+21 -0.2902486E+19
 -0.2053563E+22  0.2753480E+20  0.8561982E+21  0.1315659E+21 -0.2254409E+21  0.2410605E+19
  0.5101118E+20  0.3453515E+21 -0.1397158E+21  0.5845172E+21 -0.4729460E+21  0.9566782E+20
 -0.2764597E+21 -0.1003979E+22  0.4946396E+21 -0.2306820E+21  0.4861213E+21 -0.1589102E+21
  0.3745746E+21  0.1846648E+21 -0.3144401E+21  0.2275988E+20 -0.7750929E+20  0.6598990E+20
  0.3297090E+22 -0.1675474E+22 -0.5111870E+19  0.2128553E+21  0.1298843E+19  0.1981384E+16
  0.8231957E+21  0.2880405E+22 -0.1224005E+22 -0.7850082E+21  0.3084425E+21  0.9483652E+18
 -0.2392151E+22 -0.7115387E+19  0.1047736E+22  0.1562417E+21 -0.2652649E+21 -0.8107774E+18
  0.5138252E+20  0.3856912E+21 -0.1527211E+21  0.7237757E+21 -0.5731829E+21  0.1134808E+21
 -0.2986282E+21 -0.1197557E+22  0.5743615E+21 -0.2881088E+21  0.6041078E+21 -0.1940343E+21
  0.4338967E+21  0.2230734E+21 -0.3794114E+21  0.2867142E+20 -0.9753081E+20  0.8294200E+20
  0.3852589E+22 -0.1913581E+22 -0.3394611E+20  0.2376189E+21  0.8430516E+19  0.7477688E+17
  0.8851758E+21  0.3483474E+22 -0.1437532E+22 -0.9197164E+21  0.3397271E+21  0.6316043E+19
 -0.2782007E+22 -0.4790952E+20  0.1276741E+22  0.1834862E+21 -0.3107798E+21 -0.5570844E+19
  0.5084478E+20  0.4254384E+21 -0.1646966E+21  0.8899527E+21 -0.6890407E+21  0.1333714E+21
 -0.3195988E+21 -0.1421981E+22  0.6628876E+21 -0.3550965E+21  0.7452098E+21 -0.2352712E+21
  0.5022314E+21  0.2667564E+21 -0.4565509E+21  0.3542140E+20 -0.1212468E+21  0.1037563E+21
  0.4490540E+22 -0.2180342E+22 -0.7224265E+20  0.2646614E+21  0.1753839E+20  0.2905552E+18
  0.9464895E+21  0.4190297E+22 -0.1680146E+22 -0.1073064E+22  0.3704871E+21  0.1345363E+20
 -0.3234309E+22 -0.9452914E+20  0.1551100E+22  0.2135711E+21 -0.3631690E+21 -0.1226757E+20
  0.4987387E+20  0.4658188E+21 -0.1762632E+21  0.1087680E+22 -0.8231438E+21  0.1557365E+21
 -0.3408542E+21 -0.1684490E+22  0.7630442E+21 -0.4329599E+21  0.9144059E+21 -0.2840139E+21
  0.5823772E+21  0.3168103E+21 -0.5492202E+21  0.4308581E+20 -0.1493865E+21  0.1294877E+21
  0.5222547E+22 -0.2479981E+22 -0.1216692E+21  0.2944111E+21  0.2888793E+20  0.7086286E+18
  0.1010485E+22  0.5017486E+22 -0.1957460E+22 -0.1248267E+22  0.4007246E+21  0.2266426E+20
 -0.3762861E+22 -0.1470850E+21  0.1880991E+22  0.2470465E+21 -0.4240767E+21 -0.2140005E+20
  0.4887849E+20  0.5086150E+21 -0.1882310E+21  0.1323124E+22 -0.9793379E+21  0.1812193E+21
 -0.3640289E+21 -0.1994649E+22  0.8786689E+21 -0.5237233E+21  0.1118533E+22 -0.3422219E+21
  0.6777882E+21  0.3748423E+21 -0.6618393E+21  0.5182547E+20 -0.1830110E+21  0.1615664E+21
  0.6062136E+22 -0.2817328E+22 -0.1842630E+21  0.3273325E+21  0.4281736E+20  0.1400202E+19
  0.1079705E+22  0.5984840E+22 -0.2275748E+22 -0.1449003E+22  0.4302349E+21  0.3433713E+20
 -0.4382850E+22 -0.2060361E+21  0.2278355E+22  0.2845342E+21 -0.4953357E+21 -0.3361380E+20
  0.4807555E+20  0.5553116E+21 -0.2012013E+21  0.1603575E+22 -0.1162019E+22  0.2105122E+21
 -0.3903067E+21 -0.2363223E+22  0.1013700E+22 -0.6297738E+21  0.1365721E+22 -0.4121553E+21
  0.7921869E+21  0.4426432E+21 -0.7995325E+21  0.6183294E+20 -0.2233738E+21  0.2017365E+21
  0.7024204E+22 -0.3197071E+22 -0.2624568E+21  0.3637872E+21  0.5972868E+20  0.2451650E+19
  0.1154684E+22  0.7113694E+22 -0.2640313E+22 -0.1678703E+22  0.4581512E+21  0.4892414E+20
 -0.5109402E+22 -0.2716214E+21  0.2755834E+22  0.3264329E+21 -0.5786386E+21 -0.4970203E+20
  0.4745359E+20  0.6062959E+21 -0.2152427E+21  0.1936601E+22 -0.1375036E+22  0.2440776E+21
 -0.4199582E+21 -0.2800718E+22  0.1171100E+22 -0.7531654E+21  0.1664282E+22 -0.4959169E+21
  0.9291441E+21  0.5216891E+21 -0.9675790E+21  0.7322856E+20 -0.2716346E+21  0.2519009E+21
  0.8125122E+22 -0.3623875E+22 -0.3590128E+21  0.4040699E+21  0.8006141E+20  0.3965793E+19
  0.1233156E+22  0.8426235E+22 -0.3054504E+22 -0.1940413E+22  0.4828578E+21  0.6688055E+20
 -0.5957056E+22 -0.3431179E+21  0.3326089E+22  0.3727667E+21 -0.6754536E+21 -0.7057492E+20
  0.4678924E+20  0.6602964E+21 -0.2297248E+21  0.2329549E+22 -0.1620954E+22  0.2819744E+21
 -0.4520534E+21 -0.3316568E+22  0.1352155E+22 -0.8950449E+21  0.2021889E+22 -0.5951003E+21
  0.1091876E+22  0.6127674E+21 -0.1171041E+22  0.8597214E+20 -0.3285975E+21  0.3139864E+21
  0.9384164E+22 -0.4103429E+22 -0.4770999E+21  0.4485784E+21  0.1043111E+21  0.6064054E+19
  0.1310602E+22  0.9947236E+22 -0.3520577E+22 -0.2237471E+22  0.5022926E+21  0.8864784E+20
 -0.6941538E+22 -0.4186063E+21  0.4002707E+22  0.4233392E+21 -0.7873342E+21 -0.9726509E+20
  0.4576002E+20  0.7146303E+21 -0.2435172E+21  0.2790080E+22 -0.1901494E+22  0.3239763E+21
 -0.4847312E+21 -0.3920214E+22  0.1556966E+22 -0.1055790E+22  0.2446105E+22 -0.7109386E+21
  0.1283677E+22  0.7161389E+21 -0.1415153E+22  0.9988004E+20 -0.3947433E+21  0.3900236E+21
  0.1082387E+23 -0.4642627E+22 -0.6204210E+21  0.4978346E+21  0.1330570E+21  0.8890586E+19
  0.1382584E+22  0.1170536E+23 -0.4041460E+22 -0.2573950E+22  0.5142717E+21  0.1146920E+21
 -0.8082286E+22 -0.4955167E+21  0.4801877E+22  0.4780076E+21 -0.9162660E+21 -0.1309824E+21
  0.4415098E+20  0.7665275E+21 -0.2555866E+21  0.3327018E+22 -0.2218684E+22  0.3698928E+21
 -0.5161942E+21 -0.4623306E+22  0.1785993E+22 -0.1235719E+22  0.2945849E+22 -0.8448619E+21
  0.1508780E+22  0.8321569E+21 -0.1706321E+22  0.1147426E+21 -0.4705546E+21  0.4824314E+21
  0.1247020E+23 -0.5249080E+22 -0.7931800E+21  0.5523736E+21  0.1669366E+21  0.1261276E+20
  0.1448147E+22  0.1373416E+23 -0.4622721E+22 -0.2954706E+22  0.5167468E+21  0.1455518E+21
 -0.9405103E+22 -0.5717217E+21  0.5744219E+22  0.5369309E+21 -0.1064870E+22 -0.1731709E+21
  0.4204281E+20  0.8151615E+21 -0.2657409E+21  0.3951259E+22 -0.2576204E+22  0.4199184E+21
 -0.5461006E+21 -0.5442262E+22  0.2042041E+22 -0.1436051E+22  0.3533200E+22 -0.9991997E+21
  0.1773347E+22  0.9620526E+21 -0.2053367E+22  0.1304800E+21 -0.5569829E+21  0.5944012E+21
  0.1435153E+23 -0.5930315E+22 -0.9997909E+21  0.6126288E+21  0.2065660E+21  0.1741247E+20
  0.1510953E+22  0.1607162E+23 -0.5272901E+22 -0.3385044E+22  0.5078721E+21  0.1818336E+21
 -0.1094193E+23 -0.6462357E+21  0.6854928E+22  0.6006003E+21 -0.1236291E+22 -0.2254967E+21
  0.3976892E+20  0.8624570E+21 -0.2747995E+21  0.4675964E+22 -0.2979749E+22  0.4747097E+21
 -0.5759923E+21 -0.6398713E+22  0.2330812E+22 -0.1659290E+22  0.4223955E+22 -0.1177400E+22
  0.2085593E+22  0.1108158E+22 -0.2467884E+22  0.1472020E+21 -0.6556422E+21  0.7300626E+21
  0.1649901E+23 -0.6694058E+22 -0.1244764E+22  0.6789864E+21  0.2525157E+21  0.2347772E+20
  0.1575997E+22  0.1876035E+23 -0.6001820E+22 -0.3870628E+22  0.4857383E+21  0.2241603E+21
 -0.1272823E+23 -0.7187616E+21  0.8162324E+22  0.6696165E+21 -0.1433911E+22 -0.2897903E+21
  0.3763508E+20  0.9112704E+21 -0.2838096E+21  0.5516222E+22 -0.3435988E+22  0.5350588E+21
 -0.6079045E+21 -0.7517345E+22  0.2659036E+22 -0.1908607E+22  0.5036405E+22 -0.1383428E+22
  0.2454811E+22  0.1273223E+22 -0.2963226E+22  0.1650940E+21 -0.7684603E+21  0.8942351E+21
  0.1894850E+23 -0.7549271E+22 -0.1532942E+22  0.7519260E+21  0.3053697E+21  0.3100393E+20
  0.1644474E+22  0.2184877E+23 -0.6817956E+22 -0.4417641E+22  0.4478809E+21  0.2730971E+21
 -0.1480038E+23 -0.7882996E+21  0.9696019E+22  0.7443509E+21 -0.1661088E+22 -0.3679894E+21
  0.3567952E+20  0.9623040E+21 -0.2929667E+21  0.6488520E+22 -0.3950769E+22  0.6013918E+21
 -0.6422364E+21 -0.8822949E+22  0.3031484E+22 -0.2186568E+22  0.5989217E+22 -0.1620712E+22
  0.2890087E+22  0.1459303E+22 -0.3552896E+22  0.1842130E+21 -0.8969891E+21  0.1091928E+22
  0.2174056E+23 -0.8505941E+22 -0.1869606E+22  0.8319819E+21  0.3657393E+21  0.4019476E+20
  0.1713217E+22  0.2539065E+23 -0.7727628E+22 -0.5032577E+22  0.3911361E+21  0.3291059E+21
 -0.1719543E+23 -0.8526291E+21  0.1148636E+23  0.8248403E+21 -0.1921066E+22 -0.4621001E+21
  0.3375158E+20  0.1013632E+22 -0.3015768E+21  0.7610391E+22 -0.4528500E+22  0.6736617E+21
 -0.6775240E+21 -0.1033989E+23  0.3450350E+22 -0.2494689E+22  0.7100724E+22 -0.1891787E+22
  0.3400128E+22  0.1667480E+22 -0.4250099E+22  0.2044400E+21 -0.1042160E+22  0.1328137E+22
  0.2492164E+23 -0.9574980E+22 -0.2260492E+22  0.9196851E+21  0.4342445E+21  0.5125891E+20
  0.1780189E+22  0.2944766E+23 -0.8738665E+22 -0.5722640E+22  0.3121841E+21  0.3926544E+21
 -0.1995640E+23 -0.9098775E+21  0.1356797E+23  0.9112415E+21 -0.2217437E+22 -0.5742879E+21
  0.3179038E+20  0.1063958E+22 -0.3092243E+21  0.8902125E+22 -0.5174550E+22  0.7519545E+21
 -0.7127573E+21 -0.1209668E+23  0.3918752E+22 -0.2835050E+22  0.8392154E+22 -0.2199585E+22
  0.3995101E+22  0.1899231E+22 -0.5070011E+22  0.2257189E+21 -0.1205116E+22  0.1608533E+22
  0.2854383E+23 -0.1076762E+23 -0.2711616E+22  0.1015471E+22  0.5114531E+21  0.6439976E+20
  0.1848484E+22  0.3409063E+23 -0.9863170E+22 -0.6495785E+22  0.2079494E+21  0.4643219E+21
 -0.2313520E+23 -0.9602489E+21  0.1598220E+23  0.1004172E+22 -0.2554340E+22 -0.7069441E+21
  0.2992672E+20  0.1115135E+22 -0.3165240E+21  0.1038810E+23 -0.5897189E+22  0.8369395E+21
 -0.7491119E+21 -0.1412916E+23  0.4443459E+22 -0.3211755E+22  0.9890284E+22 -0.2548531E+22
  0.4687857E+22  0.2157554E+22 -0.6031566E+22  0.2482498E+21 -0.1387993E+22  0.1940108E+22
  0.3266559E+23 -0.1209565E+23 -0.3229189E+22  0.1119716E+22  0.5978638E+21  0.7980616E+20
  0.1923482E+22  0.3940051E+23 -0.1111591E+23 -0.7360687E+22  0.7534737E+20  0.5447378E+21
 -0.2679051E+23 -0.1005578E+22  0.1877585E+23  0.1104506E+22 -0.2936192E+22 -0.8626002E+21
  0.2831561E+20  0.1170516E+22 -0.3244757E+21  0.1209675E+23 -0.6706619E+22  0.9295626E+21
 -0.7887668E+21 -0.1647873E+23  0.5033152E+22 -0.3630348E+22  0.1162639E+23 -0.2943952E+22
  0.5493023E+22  0.2446356E+22 -0.7156441E+22  0.2723755E+21 -0.1593585E+22  0.2330895E+22
  0.3735261E+23 -0.1357159E+23 -0.3819544E+22  0.1232766E+22  0.6938912E+21  0.9764323E+20
  0.2008060E+22  0.4546821E+23 -0.1251070E+23 -0.8326419E+22 -0.8921016E+20  0.6344005E+21
 -0.3098399E+23 -0.1047727E+22  0.2199809E+23  0.1212919E+22 -0.3367212E+22 -0.1043728E+22
  0.2698811E+20  0.1231982E+22 -0.3335252E+21  0.1405970E+23 -0.7612554E+22  0.1030445E+22
 -0.8328431E+21 -0.1918871E+23  0.5694954E+22 -0.4096182E+22  0.1363325E+23 -0.3390617E+22
  0.6425306E+22  0.2769097E+22 -0.8466682E+22  0.2983477E+21 -0.1824432E+22  0.2789155E+22
  0.4268002E+23 -0.1520912E+23 -0.4489302E+22  0.1354950E+22  0.7998862E+21  0.1180519E+21
  0.2102850E+22  0.5239721E+23 -0.1406068E+23 -0.9402688E+22 -0.2898358E+21  0.7336707E+21
 -0.3578232E+23 -0.1088389E+22  0.2570149E+23  0.1329896E+22 -0.3851536E+22 -0.1252734E+22
  0.2590192E+20  0.1300039E+22 -0.3436613E+21  0.1631250E+23 -0.8624323E+22  0.1139907E+22
 -0.8814996E+21 -0.2230547E+23  0.6434575E+22 -0.4614411E+22  0.1594573E+23 -0.3892754E+22
  0.7499846E+22  0.3128831E+22 -0.9985009E+22  0.3263261E+21 -0.2082803E+22  0.3323415E+22
  0.4873129E+23 -0.1702191E+23 -0.5245226E+22  0.1486445E+22  0.9160829E+21  0.1411434E+21
  0.2210476E+22  0.6030337E+23 -0.1578076E+23 -0.1059946E+23 -0.5308301E+21  0.8428841E+21
 -0.4126005E+23 -0.1130630E+22  0.2994439E+23  0.1456016E+22 -0.4393329E+22 -0.1492039E+22
  0.2506708E+20  0.1376452E+22 -0.3552134E+21  0.1889549E+23 -0.9752516E+22  0.1258390E+22
 -0.9357884E+21 -0.2588149E+23  0.7259087E+22 -0.5191238E+22  0.1860318E+23 -0.4455099E+22
  0.8733567E+22  0.3529292E+22 -0.1173669E+23  0.3565526E+21 -0.2371437E+22  0.3943117E+22
  0.5560176E+23 -0.1902435E+23 -0.6094487E+22  0.1627313E+22  0.1042626E+22  0.1670036E+21
  0.2337849E+22  0.6932058E+23 -0.1769023E+23 -0.1192757E+23 -0.8165507E+21  0.9624875E+21
 -0.4750439E+23 -0.1180172E+22  0.3479479E+23  0.1592225E+22 -0.4997118E+22 -0.1764239E+22
  0.2457449E+20  0.1465746E+22 -0.3692109E+21  0.2185611E+23 -0.1101080E+23  0.1386770E+22
 -0.9986923E+21 -0.2997918E+23  0.8179016E+22 -0.5835195E+22  0.2165262E+23 -0.5083897E+22
  0.1014656E+23  0.3975835E+22 -0.1375162E+23  0.3894734E+21 -0.2694222E+22  0.4659389E+22
  0.6339882E+23 -0.2123122E+23 -0.7044456E+22  0.1777496E+22  0.1179536E+22  0.1956833E+21
  0.2494314E+22  0.7960160E+23 -0.1981131E+23 -0.1339856E+23 -0.1151568E+22  0.1092952E+22
 -0.5461334E+23 -0.1245050E+22  0.4032920E+23  0.1739653E+22 -0.5667538E+22 -0.2071990E+22
  0.2453359E+20  0.1574108E+22 -0.3869944E+21  0.2524921E+23 -0.1241504E+23  0.1526118E+22
 -0.1074333E+22 -0.3466968E+23  0.9206949E+22 -0.6556655E+22  0.2514806E+23 -0.5786352E+22
  0.1176133E+23  0.4474934E+22 -0.1606345E+23  0.4256541E+21 -0.3055900E+22  0.5484809E+22
  0.7224376E+23 -0.2365779E+23 -0.8102602E+22  0.1936815E+22  0.1326687E+22  0.2271897E+21
  0.2689754E+22  0.9132057E+23 -0.2216762E+23 -0.1502457E+23 -0.1540855E+22  0.1234662E+22
 -0.6269505E+23 -0.1335085E+22  0.4663200E+23  0.1899421E+22 -0.6409129E+22 -0.2417878E+22
  0.2503599E+20  0.1708206E+22 -0.4098605E+21  0.2913773E+23 -0.1398239E+23  0.1677441E+22
 -0.1167120E+22 -0.4003226E+23  0.1035602E+23 -0.7367242E+22  0.2914984E+23 -0.6569975E+22
  0.1360210E+23  0.5033617E+22 -0.1870868E+23  0.4656871E+21 -0.3461682E+22  0.6433097E+22
  0.8227301E+23 -0.2631961E+23 -0.9276406E+22  0.2104949E+22  0.1483788E+22  0.2614822E+21
  0.2934664E+22  0.1046753E+24 -0.2478398E+23 -0.1681820E+23 -0.1989807E+22  0.1387888E+22
 -0.7186855E+23 -0.1461927E+22  0.5379611E+23  0.2072591E+22 -0.7226280E+22 -0.2804382E+22
  0.2616974E+20  0.1875247E+22 -0.4390694E+21  0.3359366E+23 -0.1573121E+23  0.1841650E+22
 -0.1281769E+22 -0.4615501E+23  0.1163979E+23 -0.8279832E+22  0.3372528E+23 -0.7442512E+22
  0.1569497E+23  0.5659434E+22 -0.2172682E+23  0.5101826E+21 -0.3917228E+22  0.7519208E+22
  0.9364278E+23 -0.2923305E+23 -0.1057367E+23  0.2281466E+22  0.1650425E+22  0.2984815E+21
  0.3241386E+22  0.1198942E+24 -0.2768799E+23 -0.1879304E+23 -0.2504289E+22  0.1552862E+22
 -0.8226872E+23 -0.1639645E+22  0.6192680E+23  0.2260283E+22 -0.8123508E+22 -0.3234004E+22
  0.2804963E+20  0.2083788E+22 -0.4760339E+21  0.3870080E+23 -0.1768212E+23  0.2019708E+22
 -0.1423840E+22 -0.5313867E+23  0.1307348E+23 -0.9309275E+22  0.3895160E+23 -0.8412522E+22
  0.1806905E+23  0.6360972E+22 -0.2516225E+23  0.5598243E+21 -0.4429022E+22  0.8759994E+22
  0.1065265E+24 -0.3241352E+23 -0.1200192E+23  0.2465669E+22  0.1825952E+22  0.3380525E+21
  0.3624600E+22  0.1372344E+24 -0.3090888E+23 -0.2096251E+23 -0.3090539E+22  0.1729689E+22
 -0.9404413E+23 -0.1885084E+22  0.7114042E+23  0.2463544E+22 -0.9104996E+22 -0.3709116E+22
  0.3083206E+20  0.2344105E+22 -0.5223688E+21  0.4455452E+23 -0.1985737E+23  0.2212544E+22
 -0.1599942E+22 -0.6109581E+23  0.1467358E+23 -0.1047222E+23  0.4491549E+23 -0.9489084E+22
  0.2075610E+23  0.7147693E+22 -0.2906372E+23  0.6153554E+21 -0.5004277E+22  0.1017412E+23
  0.1211222E+24 -0.3587688E+23 -0.1356894E+23  0.2656718E+22  0.2009587E+22  0.3800215E+21
  0.4101434E+22  0.1569922E+24 -0.3447889E+23 -0.2334082E+23 -0.3755331E+22  0.1918413E+22
 -0.1073632E+24 -0.2218011E+22  0.8156929E+23  0.2683417E+22 -0.1017503E+23 -0.4232123E+22
  0.3472063E+20  0.2668316E+22 -0.5798715E+21  0.5126569E+23 -0.2228185E+23  0.2421118E+22
 -0.1817764E+22 -0.7015526E+23  0.1645852E+23 -0.1178769E+23  0.5171665E+23 -0.1068223E+23
  0.2379180E+23  0.8030251E+22 -0.3348635E+23  0.6775962E+21 -0.5651186E+22  0.1178279E+23
  0.1376532E+24 -0.3963846E+23 -0.1528241E+23  0.2853560E+22  0.2200352E+22  0.4241674E+21
  0.4691560E+22  0.1795056E+24 -0.3843250E+23 -0.2594236E+23 -0.4505959E+22  0.2118952E+22
 -0.1224146E+24 -0.2661293E+22  0.9336210E+23  0.2920833E+22 -0.1133772E+23 -0.4805370E+22
  0.3997497E+20  0.3070507E+22 -0.6504989E+21  0.5896197E+23 -0.2498265E+23  0.2646336E+22
 -0.2086094E+22 -0.8046292E+23  0.1844835E+23 -0.1327698E+23  0.5946855E+23 -0.1200275E+23
  0.2721571E+23  0.9020342E+22 -0.3849178E+23  0.7474228E+21 -0.6378834E+22  0.1360994E+23
  0.1563719E+24 -0.4371263E+23 -0.1714980E+23  0.3054887E+22  0.2397051E+22  0.4702184E+21
  0.5417752E+22  0.2051610E+24 -0.4280658E+23 -0.2878147E+23 -0.5350244E+22  0.2331075E+22
 -0.1394099E+24 -0.3241377E+22  0.1066867E+24  0.3176568E+22 -0.1259697E+23 -0.5431124E+22
  0.4692664E+20  0.3567181E+22 -0.7364042E+21  0.6779082E+23 -0.2798930E+23  0.2889037E+22
 -0.2415038E+22 -0.9218462E+23  0.2066493E+23 -0.1496394E+23  0.6830081E+23 -0.1346221E+23
  0.3107195E+23  0.1013083E+23 -0.4414933E+23  0.8257740E+21 -0.7197315E+22  0.1568266E+23
  0.1775617E+24 -0.4811269E+23 -0.1917828E+23  0.3259192E+22  0.2598304E+22  0.5178572E+21
  0.6305701E+22  0.2343981E+24 -0.4764014E+23 -0.3187236E+23 -0.6296472E+22  0.2554394E+22
 -0.1585859E+24 -0.3988145E+22  0.1217320E+24  0.3451205E+22 -0.1395644E+23 -0.6111565E+22
  0.5598315E+20  0.4177226E+22 -0.8398689E+21  0.7792174E+23 -0.3133374E+23  0.3149965E+22
 -0.2815908E+22 -0.1055079E+24  0.2313181E+23 -0.1687505E+23  0.7836103E+23 -0.1507302E+23
  0.3540948E+23  0.1137563E+23 -0.5053674E+23  0.9136325E+21 -0.8117704E+22  0.1803163E+23
  0.2015479E+24 -0.5285117E+23 -0.2137489E+23  0.3464741E+22  0.2802529E+22  0.5667212E+21
  0.7385106E+22  0.2677262E+24 -0.5297558E+23 -0.3522937E+23 -0.7353562E+22  0.2788361E+22
 -0.1802125E+24 -0.4935914E+22  0.1387143E+24  0.3745134E+22 -0.1541968E+23 -0.6848852E+22
  0.6765114E+20  0.4922742E+22 -0.9633892E+21  0.8955277E+23 -0.3505127E+23  0.3429797E+22
 -0.3301667E+22 -0.1206488E+24  0.2587507E+23 -0.1904020E+23  0.8982013E+23 -0.1684873E+23
  0.4028388E+23  0.1277020E+23 -0.5774291E+23  0.1012054E+22 -0.9152399E+22  0.2069217E+23
  0.2286900E+24 -0.5793730E+23 -0.2374545E+23  0.3669521E+22  0.3007886E+22  0.6163870E+21
  0.8688618E+22  0.3057172E+24 -0.5885553E+23 -0.3886527E+23 -0.8530610E+22  0.3032139E+22
 -0.2045862E+24 -0.6122628E+22  0.1578738E+24  0.4058322E+22 -0.1698949E+23 -0.7644791E+22
  0.8252665E+20  0.5828464E+22 -0.1109480E+22  0.1029092E+24 -0.3917864E+23  0.3728934E+22
 -0.3886421E+22 -0.1378483E+24  0.2892160E+23 -0.2149160E+23  0.1028703E+24 -0.1880318E+23
  0.4575572E+23  0.1433060E+23 -0.6586605E+23  0.1122079E+22 -0.1031456E+23  0.2370379E+23
  0.2593986E+24 -0.6337862E+23 -0.2629521E+23  0.3871310E+22  0.3212343E+22  0.6663859E+21
  0.1025313E+23  0.3490314E+24 -0.6532540E+23 -0.4279228E+23 -0.9837170E+22  0.3284675E+22
 -0.2320441E+24 -0.7590927E+22  0.1794847E+24  0.4390408E+22 -0.1866833E+23 -0.8501059E+22
  0.1013178E+21  0.6922761E+22 -0.1280774E+22  0.1182532E+24 -0.4375584E+23  0.4047614E+22
 -0.4585952E+22 -0.1573829E+24  0.3230062E+23 -0.2426512E+23  0.1177336E+24 -0.2095124E+23
  0.5189354E+23  0.1607432E+23 -0.7501822E+23  0.1244778E+22 -0.1161866E+23  0.2711192E+23
  0.2941354E+24 -0.6917957E+23 -0.2902830E+23  0.4067695E+22  0.3413674E+22  0.7162023E+21
  0.1211925E+23  0.3984207E+24 -0.7243165E+23 -0.4702114E+23 -0.1128294E+23  0.3544639E+22
 -0.2629631E+24 -0.9387645E+22  0.2038566E+24  0.4740572E+22 -0.2045803E+23 -0.9419029E+22
  0.1248372E+21  0.8237414E+22 -0.1479879E+22  0.1358870E+24 -0.4882509E+23  0.4385794E+22
 -0.5417428E+22 -0.1795657E+24  0.3604279E+23 -0.2739968E+23  0.1346634E+24 -0.2330840E+23
  0.5877360E+23  0.1801971E+23 -0.8532561E+23  0.1381189E+22 -0.1308021E+23  0.3096824E+23
  0.3334211E+24 -0.7534089E+23 -0.3194735E+23  0.4256066E+22  0.3609462E+22  0.7652733E+21
  0.1433166E+23  0.4547434E+24 -0.8022158E+23 -0.5156057E+23 -0.1287762E+23  0.3810393E+22
 -0.2977665E+24 -0.1156411E+23  0.2313401E+24  0.5107471E+22 -0.2235966E+23 -0.1039969E+23
  0.1540068E+21  0.9808068E+22 -0.1709352E+22  0.1561590E+24 -0.5443084E+23  0.4743109E+22
 -0.6399547E+22 -0.2047522E+24  0.4018025E+23 -0.3093750E+23  0.1539497E+24 -0.2589070E+23
  0.6648116E+23  0.2018604E+23 -0.9693076E+23  0.1532299E+22 -0.1471581E+23  0.3533171E+23
  0.3778402E+24 -0.8185852E+23 -0.3505309E+23  0.4433631E+22  0.3797100E+22  0.8129888E+21
  0.1693907E+23  0.5189761E+24 -0.8874216E+23 -0.5641646E+23 -0.1463059E+23  0.4079958E+22
 -0.3369272E+24 -0.1417591E+23  0.2623301E+24  0.5489147E+22 -0.2437320E+23 -0.1144352E+23
  0.1898502E+21  0.1167432E+23 -0.1971601E+22  0.1794701E+24 -0.6061911E+23  0.5118786E+22
 -0.7552445E+22 -0.2333443E+24  0.4474617E+23 -0.3492377E+23  0.1759233E+24 -0.2871447E+23
  0.7511107E+23  0.2259316E+23 -0.1099941E+24  0.1698988E+22 -0.1654293E+23  0.4026937E+23
  0.4280608E+24 -0.8872584E+23 -0.3834517E+23  0.4597638E+22  0.3973977E+22  0.8587284E+21
  0.1999432E+23  0.5922454E+24 -0.9804216E+23 -0.6159326E+23 -0.1655114E+23  0.4351138E+22
 -0.3809846E+24 -0.1728292E+23  0.2972809E+24  0.5883160E+22 -0.2649827E+23 -0.1255074E+23
  0.2334790E+21  0.1388001E+23 -0.2268814E+22  0.2062869E+24 -0.6743895E+23  0.5511756E+22
 -0.8897718E+22 -0.2658043E+24  0.4977577E+23 -0.3940752E+23  0.2009674E+24 -0.3179703E+23
  0.8477140E+23  0.2526201E+23 -0.1246999E+24  0.1882030E+22 -0.1858039E+23  0.4585885E+23
  0.4848214E+24 -0.9592751E+23 -0.4181949E+23  0.4745092E+22  0.4137235E+22  0.9018116E+21
  0.2355361E+23  0.6758159E+24 -0.1081657E+24 -0.6708952E+23 -0.1864718E+23  0.4621243E+22
 -0.4305318E+24 -0.2094837E+23  0.3366973E+24  0.6286182E+22 -0.2873229E+23 -0.1372051E+23
  0.2860706E+21  0.1647286E+23 -0.2602780E+22  0.2371400E+24 -0.7493821E+23  0.5920274E+22
 -0.1045806E+23 -0.3026476E+24  0.5530338E+23 -0.4443928E+23  0.2295138E+24 -0.3515469E+23
  0.9558037E+23  0.2821298E+23 -0.1412527E+24  0.2081945E+22 -0.2084716E+23  0.5218728E+23
  0.5489632E+24 -0.1034447E+24 -0.4547035E+23  0.4873190E+22  0.4284137E+22  0.9415716E+21
  0.2767638E+23  0.7711414E+24 -0.1191570E+24 -0.7290129E+23 -0.2092586E+23  0.4887386E+22
 -0.4862435E+24 -0.2523850E+23  0.3811579E+24  0.6694350E+22 -0.3107212E+23 -0.1495157E+23
  0.3488312E+21  0.1950456E+23 -0.2974799E+22  0.2726447E+24 -0.8316651E+23  0.6342200E+22
 -0.1225716E+23 -0.3444647E+24  0.6136449E+23 -0.5007262E+23  0.2620612E+24 -0.3880431E+23
  0.1076724E+24  0.3146690E+23 -0.1598866E+24  0.2299024E+22 -0.2336317E+23  0.5935536E+23
  0.6214317E+24 -0.1112512E+24 -0.4928868E+23  0.4979158E+22  0.4411928E+22  0.9773293E+21
  0.3242504E+23  0.8798742E+24 -0.1310558E+24 -0.7901909E+23 -0.2339262E+23  0.5146332E+22
 -0.5488764E+24 -0.3022200E+23  0.4313177E+24  0.7103047E+22 -0.3351277E+23 -0.1624170E+23
  0.4229681E+21  0.2303074E+23 -0.3385565E+22  0.3135077E+24 -0.9217252E+23  0.6774773E+22
 -0.1431963E+23 -0.3919242E+24  0.6799407E+23 -0.5636258E+23  0.2991796E+24 -0.4276203E+23
  0.1211981E+24  0.3504407E+23 -0.1808668E+24  0.2533223E+22 -0.2614855E+23  0.6747795E+23
  0.7032916E+24 -0.1193145E+24 -0.5326241E+23  0.5060472E+22  0.4518025E+22  0.1008431E+22
  0.3786342E+23  0.1003893E+25 -0.1438977E+24 -0.8542847E+23 -0.2605096E+23  0.5394615E+22
 -0.6192812E+24 -0.3596823E+23  0.4879195E+24  0.7507015E+22 -0.3604782E+23 -0.1758784E+23
  0.5096173E+21  0.2710998E+23 -0.3834948E+22  0.3605407E+24 -0.1020034E+24  0.7214642E+22
 -0.1667026E+23 -0.4457840E+24  0.7522603E+23 -0.6336492E+23  0.3415209E+24 -0.4704319E+23
  0.1363265E+24  0.3896386E+23 -0.2044936E+24  0.2784092E+22 -0.2922343E+23  0.7668649E+23
  0.7957370E+24 -0.1275941E+24 -0.5737559E+23  0.5114835E+22  0.4600004E+22  0.1034248E+22
  0.4405604E+23  0.1145329E+25 -0.1577110E+24 -0.9210826E+23 -0.2890167E+23  0.5628513E+22
 -0.6984116E+24 -0.4254615E+23  0.5518030E+24  0.7900321E+22 -0.3866874E+23 -0.1898577E+23
  0.6097916E+21  0.3180339E+23 -0.4321872E+22  0.4146728E+24 -0.1127026E+24  0.7657773E+22
 -0.1933381E+23 -0.5069006E+24  0.8309206E+23 -0.7113473E+23  0.3898287E+24 -0.5166151E+23
  0.1532475E+24  0.4324397E+23 -0.2311067E+24  0.3050689E+22 -0.3260730E+23  0.8713079E+23
  0.9001335E+24 -0.1360457E+24 -0.6161014E+23  0.5140466E+22  0.4655861E+22  0.1054235E+22
  0.5106786E+23  0.1306630E+25 -0.1725201E+24 -0.9903328E+23 -0.3194335E+23  0.5844307E+22
 -0.7873594E+24 -0.5002369E+23  0.6239360E+24  0.8276714E+22 -0.4136617E+23 -0.2043067E+23
  0.7243166E+21  0.3717441E+23 -0.4844272E+22  0.4769796E+24 -0.1243123E+24  0.8099693E+22
 -0.2233489E+23 -0.5762584E+24  0.9162324E+23 -0.7972722E+23  0.4449634E+24 -0.5663020E+23
  0.1721786E+24  0.4790118E+23 -0.2610979E+24  0.3331604E+22 -0.3631956E+23  0.9898461E+23
  0.1017988E+25 -0.1446137E+24 -0.6594235E+23  0.5135891E+22  0.4683827E+22  0.1067889E+22
  0.5895988E+23  0.1490531E+25 -0.1883348E+24 -0.1061686E+24 -0.3517017E+23  0.6038042E+22
 -0.8873291E+24 -0.5846315E+23  0.7053959E+24  0.8629283E+22 -0.4412746E+23 -0.2191593E+23
  0.8537099E+21  0.4328559E+23 -0.5398690E+22  0.5486764E+24 -0.1368647E+24  0.8535056E+22
 -0.2569617E+23 -0.6549537E+24  0.1008440E+24 -0.8919181E+23  0.5078939E+24 -0.6195839E+23
  0.1933600E+24  0.5294807E+23 -0.2949037E+24  0.3624713E+22 -0.4037697E+23  0.1124434E+24
