  0.8126744E+17 -0.1287728E+18  0.3630825E+17  0.5101192E+17 -0.2876622E+17  0.4055403E+16
  0.1425356E+18 -0.9206547E+17 -0.3036291E+17 -0.1652878E+17  0.5394291E+17 -0.1389550E+17
 -0.1933813E+18  0.2123793E+18 -0.9689035E+16 -0.4687713E+17 -0.1333189E+17  0.7485696E+16
  0.6249858E+17  0.1829532E+17 -0.5454967E+17  0.1338906E+16 -0.7984211E+16  0.1190294E+17
 -0.1695865E+18  0.2706551E+17  0.1033955E+18  0.7594516E+16 -0.1834275E+17 -0.1282455E+17
  0.1150410E+18 -0.7039656E+17 -0.3986956E+17  0.1076937E+17  0.1219861E+17  0.3454382E+16
  0.8509062E+17 -0.1333887E+18  0.3760047E+17  0.5227529E+17 -0.2947139E+17  0.4153794E+16
  0.1488667E+18 -0.9491560E+17 -0.3088188E+17 -0.1706081E+17  0.5479476E+17 -0.1409025E+17
 -0.2004376E+18  0.2175434E+18 -0.1006454E+17 -0.4737279E+17 -0.1346872E+17  0.7560892E+16
  0.6511085E+17  0.1904049E+17 -0.5578570E+17  0.1392011E+16 -0.8156759E+16  0.1194902E+17
 -0.1753336E+18  0.2723320E+17  0.1050461E+18  0.7730402E+16 -0.1827194E+17 -0.1282380E+17
  0.1180367E+18 -0.7118511E+17 -0.4030501E+17  0.1073251E+17  0.1215350E+17  0.3440655E+16
  0.9432498E+17 -0.1462048E+18  0.4118014E+17  0.5665474E+17 -0.3191483E+17  0.4494578E+16
  0.1644476E+18 -0.1033425E+18 -0.3328434E+17 -0.1868168E+17  0.5887784E+17 -0.1510151E+17
 -0.2197816E+18  0.2355855E+18 -0.1098650E+17 -0.5057185E+17 -0.1442282E+17  0.8074350E+16
  0.7167509E+17  0.2101271E+17 -0.6030592E+17  0.1540053E+16 -0.8839825E+16  0.1268503E+17
 -0.1915853E+18  0.2879885E+17  0.1128418E+18  0.8337938E+16 -0.1920326E+17 -0.1356466E+17
  0.1280254E+18 -0.7602191E+17 -0.4309343E+17  0.1128552E+17  0.1279452E+17  0.3626320E+16
  0.1048849E+18 -0.1606822E+18  0.4519995E+17  0.6154072E+17 -0.3462284E+17  0.4869708E+16
  0.1820102E+18 -0.1125344E+18 -0.3604448E+17 -0.2059301E+17  0.6344370E+17 -0.1621721E+17
 -0.2415371E+18  0.2555499E+18 -0.1193438E+17 -0.5402874E+17 -0.1552612E+17  0.8642787E+16
  0.7896204E+17  0.2332640E+17 -0.6530311E+17  0.1722730E+16 -0.9645688E+16  0.1350173E+17
 -0.2095735E+18  0.3024483E+17  0.1214632E+18  0.9039661E+16 -0.2016629E+17 -0.1439120E+17
  0.1390575E+18 -0.8121586E+17 -0.4618486E+17  0.1185843E+17  0.1348702E+17  0.3834818E+16
  0.1169827E+18 -0.1770648E+18  0.4972197E+17  0.6700121E+17 -0.3762953E+17  0.5283418E+16
  0.2018178E+18 -0.1225348E+18 -0.3922734E+17 -0.2285587E+17  0.6856452E+17 -0.1745145E+17
 -0.2660263E+18  0.2776495E+18 -0.1289750E+17 -0.5775970E+17 -0.1680555E+17  0.9273880E+16
  0.8704368E+17  0.2605104E+17 -0.7083415E+17  0.1949184E+16 -0.1059987E+17  0.1441080E+17
 -0.2294734E+18  0.3149510E+17  0.1310121E+18  0.9851673E+16 -0.2115434E+17 -0.1531609E+17
  0.1512403E+18 -0.8677954E+17 -0.4961783E+17  0.1244822E+17  0.1423500E+17  0.4069565E+16
  0.1309193E+18 -0.1956952E+18  0.5483198E+17  0.7313014E+17 -0.4098078E+17  0.5741220E+16
  0.2242835E+18 -0.1334728E+18 -0.4290695E+17 -0.2552636E+17  0.7432338E+17 -0.1882073E+17
 -0.2937431E+18  0.3022383E+18 -0.1387370E+17 -0.6180764E+17 -0.1828722E+17  0.9976239E+16
  0.9605744E+17  0.2925541E+17 -0.7698390E+17  0.2227519E+16 -0.1172317E+17  0.1542442E+17
 -0.2516119E+18  0.3252121E+17  0.1416320E+18  0.1078710E+17 -0.2217156E+17 -0.1635194E+17
  0.1647675E+18 -0.9277474E+17 -0.5344419E+17  0.1305954E+17  0.1504627E+17  0.4333806E+16
  0.1470408E+18 -0.2169621E+18  0.6062683E+17  0.8003314E+17 -0.4472815E+17  0.6249308E+16
  0.2498544E+18 -0.1454599E+18 -0.4717380E+17 -0.2867904E+17  0.8081840E+17 -0.2034413E+17
 -0.3252267E+18  0.3296875E+18 -0.1485473E+17 -0.6621245E+17 -0.2000382E+17  0.1075990E+17
  0.1061393E+18  0.3302690E+17 -0.8384192E+17  0.2569209E+16 -0.1304436E+17  0.1655717E+17
 -0.2763156E+18  0.3326057E+17  0.1534776E+18  0.1186327E+17 -0.2321694E+17 -0.1751400E+17
  0.1798352E+18 -0.9925264E+17 -0.5772045E+17  0.1369460E+17  0.1592821E+17  0.4631533E+16
  0.1657570E+18 -0.2413200E+18  0.6721887E+17  0.8783243E+17 -0.4893085E+17  0.6814760E+16
  0.2790371E+18 -0.1585999E+18 -0.5213831E+17 -0.3240796E+17  0.8816570E+17 -0.2204378E+17
 -0.3610928E+18  0.3604076E+18 -0.1582640E+17 -0.7101437E+17 -0.2199526E+17  0.1163658E+17
  0.1174335E+18  0.3747317E+17 -0.9150753E+17  0.2989432E+16 -0.1460007E+17  0.1782631E+17
 -0.3039338E+18  0.3362076E+17  0.1667224E+18  0.1310126E+17 -0.2428544E+17 -0.1882049E+17
  0.1966554E+18 -0.1062605E+18 -0.6251051E+17  0.1435415E+17  0.1688842E+17  0.4967527E+16
  0.1875825E+18 -0.2693323E+18  0.7474597E+17  0.9667728E+17 -0.5366039E+17  0.7446004E+16
  0.3124652E+18 -0.1730265E+18 -0.5793424E+17 -0.3682370E+17  0.9650298E+17 -0.2394569E+17
 -0.4021091E+18  0.3949089E+18 -0.1677213E+17 -0.7626528E+17 -0.2430809E+17  0.1261995E+17
  0.1301221E+18  0.4272093E+17 -0.1001017E+18  0.3506472E+16 -0.1643240E+17  0.1925181E+17
 -0.3349063E+18  0.3350175E+17  0.1815760E+18  0.1452445E+17 -0.2537275E+17 -0.2029232E+17
  0.2154942E+18 -0.1138629E+18 -0.6789124E+17  0.1504074E+17  0.1793621E+17  0.5347268E+16
  0.2130817E+18 -0.3016087E+18  0.8335642E+17  0.1067287E+18 -0.5899383E+17  0.8152145E+16
  0.3507500E+18 -0.1887779E+18 -0.6472931E+17 -0.4208046E+17  0.1059951E+18 -0.2607998E+17
 -0.4490411E+18  0.4336589E+18 -0.1765545E+17 -0.8199692E+17 -0.2700379E+17  0.1372619E+17
  0.1443408E+18  0.4893667E+17 -0.1097402E+18  0.4147818E+16 -0.1860292E+17  0.2085847E+17
 -0.3695793E+18  0.3270650E+17  0.1982504E+18  0.1616466E+17 -0.2645824E+17 -0.2195611E+17
  0.2365735E+18 -0.1220787E+18 -0.7394302E+17  0.1574903E+17  0.1907836E+17  0.5777877E+16
  0.2428473E+18 -0.3387868E+18  0.9320422E+17  0.1181571E+18 -0.6501279E+17  0.8942890E+16
  0.3944019E+18 -0.2057318E+18 -0.7273502E+17 -0.4839158E+17  0.1168408E+18 -0.2848168E+17
 -0.5025821E+18  0.4770273E+18 -0.1841122E+17 -0.8821031E+17 -0.3016320E+17  0.1497458E+17
  0.1601345E+18  0.5633552E+17 -0.1205227E+18  0.4954728E+16 -0.2120003E+17  0.2267740E+17
 -0.4081152E+18  0.3090313E+17  0.2169471E+18  0.1806339E+17 -0.2749819E+17 -0.2384582E+17
  0.2600284E+18 -0.1308579E+18 -0.8074692E+17  0.1646338E+17  0.2031772E+17  0.6268608E+16
  0.2777304E+18 -0.3817773E+18  0.1045058E+18  0.1312009E+18 -0.7182854E+17  0.9830989E+16
  0.4442842E+18 -0.2239175E+18 -0.8220288E+17 -0.5597943E+17  0.1292748E+18 -0.3119245E+17
 -0.5638467E+18  0.5257019E+18 -0.1898345E+17 -0.9496018E+17 -0.3387141E+17  0.1638723E+17
  0.1776799E+18  0.6514471E+17 -0.1326081E+18  0.5971179E+16 -0.2430977E+17  0.2474240E+17
 -0.4509916E+18  0.2783163E+17  0.2379614E+18  0.2025831E+17 -0.2846630E+17 -0.2599727E+17
  0.2861796E+18 -0.1402466E+18 -0.8841505E+17  0.1718249E+17  0.2166456E+17  0.6828947E+16
  0.3189315E+18 -0.4318450E+18  0.1175567E+18  0.1461835E+18 -0.7958806E+17  0.1083272E+17
  0.5017330E+18 -0.2435589E+18 -0.9343431E+17 -0.6507740E+17  0.1435748E+18 -0.3426142E+17
 -0.6345041E+18  0.5807710E+18 -0.1932637E+17 -0.1023653E+18 -0.3821881E+17  0.1798954E+17
  0.1973276E+18  0.7560925E+17 -0.1462280E+18  0.7242726E+16 -0.2801481E+17  0.2709027E+17
 -0.4990909E+18  0.2331426E+17  0.2617031E+18  0.2278528E+17 -0.2935700E+17 -0.2844841E+17
  0.3155814E+18 -0.1504039E+18 -0.9709729E+17  0.1792036E+17  0.2313795E+17  0.7468662E+16
  0.3679036E+18 -0.4904926E+18  0.1327026E+18  0.1634824E+18 -0.8846017E+17  0.1196643E+17
  0.5682726E+18 -0.2648249E+18 -0.1068054E+18 -0.7598517E+17  0.1600736E+18 -0.3774595E+17
 -0.7164857E+18  0.6434447E+18 -0.1936687E+17 -0.1105443E+18 -0.4331953E+17  0.1981160E+17
  0.2194418E+18  0.8803453E+17 -0.1616396E+18  0.8829310E+16 -0.3242286E+17  0.2976569E+17
 -0.5533504E+18  0.1707878E+17  0.2886366E+18  0.2569001E+17 -0.3015156E+17 -0.3124606E+17
  0.3488358E+18 -0.1614773E+18 -0.1069665E+18  0.1868710E+17  0.2475758E+17  0.8200014E+16
  0.4261494E+18 -0.5592534E+18  0.1502894E+18  0.1834828E+18 -0.9861550E+17  0.1325058E+17
  0.6451358E+18 -0.2874765E+18 -0.1227921E+18 -0.8913590E+17  0.1791719E+18 -0.4171214E+17
 -0.8115006E+18  0.7146544E+18 -0.1895835E+17 -0.1195356E+18 -0.4933193E+17  0.2188959E+17
  0.2441633E+18  0.1028242E+18 -0.1790545E+18  0.1082555E+17 -0.3770248E+17  0.3282690E+17
 -0.6142541E+18  0.8552269E+16  0.3191920E+18  0.2903520E+17 -0.3077548E+17 -0.3445364E+17
  0.3863276E+18 -0.1734513E+18 -0.1181947E+18  0.1946882E+17  0.2653322E+17  0.9040248E+16
  0.4955122E+18 -0.6399873E+18  0.1707316E+18  0.2066467E+18 -0.1102557E+18  0.1470664E+17
  0.7337895E+18 -0.3111967E+18 -0.1419744E+18 -0.1050513E+18  0.2013468E+18 -0.4623768E+17
 -0.9216085E+18  0.7955136E+18 -0.1791809E+17 -0.1293853E+18 -0.5644510E+17  0.2426615E+17
  0.2716619E+18  0.1204486E+18 -0.1987255E+18  0.1335103E+17 -0.4405515E+17  0.3634282E+17
 -0.6823916E+18 -0.2929172E+16  0.3538846E+18  0.3288728E+17 -0.3113930E+17 -0.3814639E+17
  0.4285274E+18 -0.1863202E+18 -0.1309886E+18  0.2025262E+17  0.2847638E+17  0.1000986E+17
  0.5784059E+18 -0.7351043E+18  0.1945600E+18  0.2335636E+18 -0.1236345E+18  0.1636117E+17
  0.8362574E+18 -0.3357459E+18 -0.1650542E+18 -0.1243335E+18  0.2271674E+18 -0.5141480E+17
 -0.1049589E+19  0.8875888E+18 -0.1604258E+17 -0.1401947E+18 -0.6487535E+17  0.2699121E+17
  0.3022646E+18  0.1414422E+18 -0.2209910E+18  0.1654668E+17 -0.5170546E+17  0.4039262E+17
 -0.7587460E+18 -0.1803847E+17  0.3933799E+18  0.3731507E+17 -0.3115772E+17 -0.4240979E+17
  0.4761520E+18 -0.2001712E+18 -0.1456089E+18  0.2103767E+17  0.3060653E+17  0.1113193E+17
  0.6780218E+18 -0.8477478E+18  0.2224597E+18  0.2649901E+18 -0.1390735E+18  0.1824732E+17
  0.9553151E+18 -0.3609814E+18 -0.1928955E+18 -0.1476921E+18  0.2573228E+18 -0.5735461E+17
 -0.1199184E+19  0.9930351E+18 -0.1309864E+17 -0.1521332E+18 -0.7487583E+17  0.3012431E+17
  0.3365035E+18  0.1664321E+18 -0.2462995E+18  0.2057902E+17 -0.6090896E+17  0.4506896E+17
 -0.8448098E+18 -0.3748152E+17  0.4385376E+18  0.4239568E+17 -0.3074934E+17 -0.4734307E+17
  0.5302348E+18 -0.2152005E+18 -0.1623872E+18  0.2183526E+17  0.3295314E+17  0.1243298E+17
  0.7981459E+18 -0.9816111E+18  0.2552223E+18  0.3018121E+18 -0.1569443E+18  0.2040304E+17
  0.1093910E+19 -0.3864029E+18 -0.2265730E+18 -0.1760412E+18  0.2926495E+18 -0.6418917E+17
 -0.1374562E+19  0.1114153E+19 -0.8763524E+16 -0.1653496E+18 -0.8676386E+17  0.3373683E+17
  0.3748184E+18  0.1961807E+18 -0.2751217E+18  0.2567035E+17 -0.7199964E+17  0.5048574E+17
 -0.9419626E+18 -0.6224653E+17  0.4903062E+18  0.4822263E+17 -0.2978498E+17 -0.5306905E+17
  0.5918157E+18 -0.2315412E+18 -0.1816980E+18  0.2264696E+17  0.3554364E+17  0.1394614E+17
  0.9433457E+18 -0.1141108E+19  0.2937769E+18  0.3450823E+18 -0.1776820E+18  0.2287202E+17
  0.1255283E+19 -0.4111259E+18 -0.2674219E+18 -0.2105342E+18  0.3341620E+18 -0.7207544E+17
 -0.1580507E+19  0.1253501E+19 -0.2608424E+16 -0.1799818E+18 -0.1009330E+18  0.3791425E+17
  0.4175925E+18  0.2315995E+18 -0.3079721E+18  0.3211166E+17 -0.8540168E+17  0.5678193E+17
 -0.1051568E+19 -0.9361309E+17  0.5497671E+18  0.5490333E+17 -0.2808400E+17 -0.5973863E+17
  0.6620063E+18 -0.2492863E+18 -0.2039770E+18  0.2346792E+17  0.3840498E+17  0.1571232E+17
  0.1119330E+19 -0.1331707E+19  0.3392555E+18  0.3960953E+18 -0.2018123E+18  0.2570607E+17
  0.1443309E+19 -0.4339584E+18 -0.3170992E+18 -0.2525933E+18  0.3830935E+18 -0.8120096E+17
 -0.1822880E+19  0.1414197E+19  0.5908307E+16 -0.1962020E+18 -0.1178621E+18  0.4275889E+17
  0.4652655E+18  0.2737615E+18 -0.3454568E+18  0.4027022E+17 -0.1016331E+18  0.6412489E+17
 -0.1175248E+19 -0.1331126E+18  0.6182181E+18  0.6255982E+17 -0.2542550E+17 -0.6753390E+17
  0.7421607E+18 -0.2685669E+18 -0.2297510E+18  0.2429668E+17  0.4157019E+17  0.1778103E+17
  0.1333495E+19 -0.1560397E+19  0.3930762E+18  0.4564770E+18 -0.2299802E+18  0.2896691E+17
  0.1663033E+19 -0.4535119E+18 -0.3776698E+18 -0.3039435E+18  0.4409390E+18 -0.9178845E+17
 -0.2109291E+19  0.1600315E+19  0.1745951E+17 -0.2142644E+18 -0.1381290E+18  0.4839245E+17
  0.5185021E+18  0.3239356E+18 -0.3883401E+18  0.5059492E+17 -0.1213083E+18  0.7271332E+17
 -0.1315273E+19 -0.1825025E+18  0.6972866E+18  0.7133358E+17 -0.2156022E+17 -0.7667142E+17
  0.8341064E+18 -0.2896352E+18 -0.2596793E+18  0.2514323E+17  0.4508552E+17  0.2021125E+17
  0.1595039E+19 -0.1835759E+19  0.4569361E+18  0.5282019E+18 -0.2629479E+18  0.3272499E+17
  0.1920311E+19 -0.4677812E+18 -0.4517086E+18 -0.3667277E+18  0.5095064E+18 -0.1040997E+18
 -0.2448913E+19  0.1816671E+19  0.3292211E+17 -0.2344547E+18 -0.1624435E+18  0.5495933E+17
  0.5779784E+18  0.3836185E+18 -0.4374874E+18  0.6365425E+17 -0.1451856E+18  0.8278650E+17
 -0.1474156E+19 -0.2439634E+18  0.7888851E+18  0.8139031E+17 -0.1616884E+17 -0.8741408E+17
  0.9399726E+18 -0.3127639E+18 -0.2945501E+18  0.2601705E+17  0.4900390E+17  0.2307508E+17
  0.1915733E+19 -0.2168599E+19  0.5329181E+18  0.6137106E+18 -0.3016301E+18  0.3706174E+17
  0.2222493E+19 -0.4742150E+18 -0.5424399E+18 -0.4435774E+18  0.5909900E+18 -0.1184442E+18
 -0.2853375E+19  0.2069312E+19  0.5342287E+17 -0.2571382E+18 -0.1916777E+18  0.6263192E+17
  0.6445931E+18  0.4546011E+18 -0.4939621E+18  0.8015217E+17 -0.1741841E+18  0.9463279E+17
 -0.1655138E+19 -0.3201168E+18  0.8953809E+18  0.9292711E+17 -0.8866549E+16 -0.1000815E+18
  0.1062485E+19 -0.3383344E+18 -0.3353468E+18  0.2693454E+17  0.5339340E+17  0.2646096E+17
  0.2309941E+19 -0.2571938E+19  0.6234552E+18  0.7159126E+18 -0.3470842E+18  0.4206778E+17
  0.2577788E+19 -0.4691148E+18 -0.6538618E+18 -0.5377645E+18  0.6880347E+18 -0.1351847E+18
 -0.3336354E+19  0.2365159E+19  0.8043742E+17 -0.2826836E+18 -0.2269108E+18  0.7161550E+17
  0.7191735E+18  0.5389879E+18 -0.5589456E+18  0.1009867E+18 -0.2094522E+18  0.1086039E+18
 -0.1861609E+19 -0.4142691E+18  0.1019534E+19  0.1061702E+18  0.8579640E+15 -0.1150681E+18
  0.1204712E+19 -0.3667012E+18 -0.3832427E+18  0.2790495E+17  0.5832743E+17  0.3047927E+17
  0.2796155E+19 -0.3062221E+19  0.7315432E+18  0.8384011E+18 -0.4005763E+18  0.4784744E+17
  0.2996977E+19 -0.4481089E+18 -0.7909439E+18 -0.6532417E+18  0.8038307E+18 -0.1547491E+18
 -0.3915575E+19  0.2713132E+19  0.1158315E+18 -0.3116000E+18 -0.2694597E+18  0.8215501E+17
  0.8030558E+18  0.6393237E+18 -0.6339744E+18  0.1272436E+18 -0.2523578E+18  0.1251232E+18
 -0.2098398E+19 -0.5303205E+18  0.1164864E+19  0.1213918E+18  0.1359851E+17 -0.1328537E+18
  0.1370787E+19 -0.3984341E+18 -0.4397336E+18  0.2895230E+17  0.6390668E+17  0.3526544E+17
  0.3397276E+19 -0.3659482E+19  0.8607189E+18  0.9854815E+18 -0.4635752E+18  0.5451699E+17
  0.3492888E+19 -0.4054219E+18 -0.9598433E+18 -0.7948605E+18  0.9422268E+18 -0.1776422E+18
 -0.4612628E+19  0.3123851E+19  0.1620197E+18 -0.3444462E+18 -0.3209558E+18  0.9454438E+17
  0.8977981E+18  0.7586754E+18 -0.7208907E+18  0.1602778E+18 -0.3045908E+18  0.1447106E+18
 -0.2371223E+19 -0.6731235E+18  0.1335663E+19  0.1389101E+18  0.3011684E+17 -0.1540352E+18
  0.1565691E+19 -0.4341604E+18 -0.5066673E+18  0.3009777E+17  0.7024848E+17  0.4099015E+17
  0.4142209E+19 -0.4388457E+19  0.1015212E+19  0.1162336E+19 -0.5377824E+18  0.6220444E+17
  0.4081875E+19 -0.3340351E+18 -0.1168169E+19 -0.9684595E+18  0.1107822E+19 -0.2044514E+18
 -0.5454803E+19  0.3610490E+19  0.2220929E+18 -0.3819037E+18 -0.3833977E+18  0.1091323E+18
  0.1005605E+19  0.9008019E+18 -0.8220401E+18  0.2017303E+18 -0.3681840E+18  0.1679959E+18
 -0.2687675E+19 -0.8485608E+18  0.1537321E+19  0.1591013E+18  0.5133945E+17 -0.1793460E+18
  0.1795834E+19 -0.4747020E+18 -0.5863751E+18  0.3137011E+17  0.7749978E+17  0.4786576E+17
  0.5066341E+19 -0.5278799E+19  0.1199903E+19  0.1375041E+19 -0.6251106E+18  0.7104572E+17
  0.4783494E+19 -0.2249030E+18 -0.1425273E+19 -0.1181107E+19  0.1306100E+19 -0.2358589E+18
 -0.6475159E+19  0.4188508E+19  0.3000481E+18 -0.4246720E+18 -0.4592535E+18  0.1263331E+18
  0.1129109E+19  0.1070285E+19 -0.9402672E+18  0.2536314E+18 -0.4456406E+18  0.1957522E+18
 -0.3056830E+19 -0.1063962E+19  0.1776425E+19  0.1823884E+18  0.7846659E+17 -0.2097015E+18
  0.2068933E+19 -0.5209176E+18 -0.6817442E+18  0.3278926E+17  0.8582504E+17  0.5616121E+17
  0.6214133E+19 -0.6366780E+19  0.1420558E+19  0.1630794E+19 -0.7277268E+18  0.8118534E+17
  0.5623231E+19 -0.6732847E+17 -0.1742697E+19 -0.1441231E+19  0.1543584E+19 -0.2726567E+18
 -0.7715660E+19  0.4877017E+19  0.4010229E+18 -0.4735647E+18 -0.5515591E+18  0.1466394E+18
  0.1272129E+19  0.1272915E+19 -0.1079302E+19  0.3184255E+18 -0.5399846E+18  0.2289259E+18
 -0.3490989E+19 -0.1328314E+19  0.2061382E+19  0.2092588E+18  0.1129828E+18 -0.2462404E+18
  0.2395001E+19 -0.5738951E+18 -0.7964613E+18  0.3437949E+17  0.9542487E+17  0.6621612E+17
  0.7639252E+19 -0.7694978E+19  0.1683648E+19  0.1937778E+19 -0.8479646E+18  0.9276658E+17
  0.6632022E+19  0.1519863E+18 -0.2134475E+19 -0.1758831E+19  0.1827932E+19 -0.3157485E+18
 -0.9226894E+19  0.5698066E+19  0.5316219E+18 -0.5293160E+18 -0.6640338E+18  0.1706292E+18
  0.1439399E+19  0.1515872E+19 -0.1243758E+19  0.3991022E+18 -0.6549188E+18  0.2686773E+18
 -0.4005168E+19 -0.1652780E+19  0.2402518E+19  0.2402178E+18  0.1568192E+18 -0.2903842E+18
  0.2786123E+19 -0.6346922E+18 -0.9350992E+18  0.3614649E+17  0.1065101E+18  0.7846123E+17
  0.9407076E+19 -0.9313604E+19  0.1996486E+19  0.2305265E+19 -0.9883240E+18  0.1059297E+18
  0.7849189E+19  0.4488185E+18 -0.2617717E+19 -0.2145674E+19  0.2168130E+19 -0.3661690E+18
 -0.1107118E+20  0.6677604E+19  0.7003140E+18 -0.5925618E+18 -0.8012337E+18  0.1989832E+18
  0.1637325E+19  0.1808301E+19 -0.1439594E+19  0.4992829E+18 -0.7949614E+18  0.3164356E+18
 -0.4618852E+19 -0.2051195E+19  0.2812833E+19  0.2757697E+18  0.2124561E+18 -0.3439144E+18
  0.3257416E+19 -0.7043845E+18 -0.1103428E+19  0.3807907E+17  0.1193028E+18  0.9344482E+17
  0.1159643E+20 -0.1128104E+20  0.2367208E+19  0.2743556E+19 -0.1151413E+19  0.1208060E+18
  0.9324591E+19  0.8418401E+18 -0.3213221E+19 -0.2615542E+19  0.2574680E+19 -0.4251005E+18
 -0.1332466E+20  0.7845589E+19  0.9179400E+18 -0.6636740E+18 -0.9687269E+18  0.2325006E+18
  0.1874456E+19  0.2161934E+19 -0.1674499E+19  0.6233753E+18 -0.9656553E+18  0.3739682E+18
 -0.5357122E+19 -0.2540787E+19  0.3308662E+19  0.3163535E+18  0.2831189E+18 -0.4090695E+18
  0.3827611E+19 -0.7839020E+18 -0.1308711E+19  0.4013616E+17  0.1340132E+18  0.1118663E+18
  0.1429882E+20 -0.1366235E+20  0.2804400E+19  0.3263554E+19 -0.1339785E+19  0.1375053E+18
  0.1111842E+20  0.1353909E+19 -0.3945917E+19 -0.3184484E+19  0.3059693E+19 -0.4938734E+18
 -0.1607646E+20  0.9234315E+19  0.1198261E+19 -0.7423575E+18 -0.1173257E+19  0.2721064E+18
  0.2161356E+19  0.2591533E+19 -0.1958028E+19  0.7768324E+18 -0.1173869E+19  0.4434572E+18
 -0.6250338E+19 -0.3143045E+19  0.3909975E+19  0.3621858E+18  0.3731105E+18 -0.4886579E+18
  0.4518775E+19 -0.8735306E+18 -0.1559874E+19  0.4221585E+17  0.1507706E+18  0.1346164E+18
  0.1762319E+20 -0.1653154E+20  0.3317415E+19  0.3876877E+19 -0.1555960E+19  0.1561187E+18
  0.1330779E+20  0.2011836E+19 -0.4846011E+19 -0.3871152E+19  0.3637222E+19 -0.5739998E+18
 -0.1943478E+20  0.1087982E+20  0.1558729E+19 -0.8275373E+18 -0.1422977E+19  0.3188757E+18
  0.2512277E+19  0.3116254E+19 -0.2302598E+19  0.9663587E+18 -0.1428083E+19  0.5276047E+18
 -0.7337889E+19 -0.3884834E+19  0.4641896E+19  0.4131576E+18  0.4880652E+18 -0.5862033E+18
  0.5358149E+19 -0.9728682E+18 -0.1868105E+19  0.4416042E+17  0.1695940E+18  0.1628276E+18
  0.2169195E+20 -0.1996775E+20  0.3915711E+19  0.4595150E+19 -0.1802234E+19  0.1767107E+18
  0.1598307E+20  0.2849871E+19 -0.5949551E+19 -0.4697473E+19  0.4323467E+19 -0.6671940E+18
 -0.2352197E+20  0.1281759E+20  0.2021220E+19 -0.9165702E+18 -0.1727679E+19  0.3740484E+18
  0.2944161E+19  0.3760064E+19 -0.2723338E+19  0.1200518E+19 -0.1739022E+19  0.6297694E+18
 -0.8665732E+19 -0.4799951E+19  0.5534668E+19  0.4684899E+18  0.6356289E+18 -0.7061342E+18
  0.6376596E+19 -0.1079718E+19 -0.2246937E+19  0.4570584E+17  0.1902315E+18  0.1979397E+18
  0.2664602E+20 -0.2405735E+20  0.4609200E+19  0.5430044E+19 -0.2080708E+19  0.1993236E+18
  0.1925448E+20  0.3910841E+19 -0.7299868E+19 -0.5689215E+19  0.5137114E+19 -0.7753935E+18
 -0.2848019E+20  0.1508285E+20  0.2613001E+19 -0.1004953E+19 -0.2098999E+19  0.4390411E+18
  0.3478335E+19  0.4553406E+19 -0.3239131E+19  0.1490189E+19 -0.2120135E+19  0.7540941E+18
 -0.1028993E+20 -0.5930831E+19  0.6625198E+19  0.5264591E+18  0.8259523E+18 -0.8539620E+18
  0.7610154E+19 -0.1189709E+19 -0.2712829E+19  0.4649732E+17  0.2120507E+18  0.2417639E+18
  0.3264189E+20 -0.2889124E+20  0.5407885E+19  0.6392887E+19 -0.2393251E+19  0.2239853E+18
  0.2324774E+20  0.5252007E+19 -0.8948733E+19 -0.6877317E+19  0.6099793E+19 -0.9008059E+18
 -0.3446617E+20  0.1770564E+20  0.3367675E+19 -0.1085435E+19 -0.2550689E+19  0.5154700E+18
  0.4139292E+19  0.5533929E+19 -0.3872438E+19  0.1849614E+19 -0.2588583E+19  0.9056970E+18
 -0.1227350E+20 -0.7330973E+19  0.7957056E+19  0.5838428E+18  0.1072718E+19 -0.1036538E+19
  0.9098101E+19 -0.1294884E+19 -0.3285254E+19  0.4607345E+17  0.2337862E+18  0.2965700E+18
  0.3985538E+20 -0.3456690E+20  0.6322280E+19  0.7495039E+19 -0.2741683E+19  0.2507267E+18
  0.2810417E+20  0.6951106E+19 -0.1095832E+20 -0.8299532E+19  0.7236757E+19 -0.1045963E+19
 -0.4165206E+20  0.2070868E+20  0.4326345E+19 -0.1147489E+19 -0.3098901E+19  0.6051748E+18
  0.4954442E+19  0.6747828E+19 -0.4649576E+19  0.2297594E+19 -0.3166304E+19  0.1090868E+19
 -0.1468556E+20 -0.9067733E+19  0.9581108E+19  0.6353281E+18  0.1394193E+19 -0.1262311E+19
  0.1088244E+20 -0.1382689E+19 -0.3986976E+19  0.4392006E+17  0.2532865E+18  0.3651750E+18
  0.4848423E+20 -0.4119004E+20  0.7363643E+19  0.8748306E+19 -0.3127911E+19  0.2795921E+18
  0.3397575E+20  0.9115257E+19 -0.1340310E+20 -0.1000241E+20  0.8577451E+19 -0.1213739E+19
 -0.5022241E+20  0.2410348E+20  0.5538754E+19 -0.1176686E+19 -0.3762405E+19  0.7102205E+18
  0.5952203E+19  0.8250525E+19 -0.5600175E+19  0.2859074E+19 -0.3881285E+19  0.1317242E+19
 -0.1759690E+20 -0.1122520E+20  0.1155504E+20  0.6726842E+18  0.1814543E+19 -0.1541571E+19
  0.1300573E+20 -0.1434716E+19 -0.4843933E+19  0.3956736E+17  0.2671771E+18  0.4510259E+18
  0.5875264E+20 -0.4887879E+20  0.8544496E+19  0.1016608E+20 -0.3554263E+19  0.3106601E+18
  0.4101530E+20  0.1189354E+20 -0.1637245E+20 -0.1204432E+20  0.1015655E+20 -0.1407409E+19
 -0.6036975E+20  0.2788676E+20  0.7064665E+19 -0.1154192E+19 -0.4562977E+19  0.8329238E+18
  0.7158209E+19  0.1010666E+20 -0.6755845E+19  0.3567394E+19 -0.4769283E+19  0.1594025E+19
 -0.2107210E+20 -0.1390732E+20  0.1394202E+20  0.6837179E+18  0.2365493E+19 -0.1886731E+19
  0.1550784E+20 -0.1425532E+19 -0.5884888E+19  0.3275991E+17  0.2704792E+18  0.5582967E+18
  0.7092660E+20 -0.5777486E+20  0.9879761E+19  0.1176545E+20 -0.4023891E+19  0.3440518E+18
  0.4937103E+20  0.1549073E+20 -0.1997447E+20 -0.1449893E+20  0.1201520E+20 -0.1630667E+19
 -0.7229872E+20  0.3204091E+20  0.8975932E+19 -0.1056760E+19 -0.5525931E+19  0.9758615E+18
  0.8591625E+19  0.1238994E+20 -0.8148753E+19  0.4466871E+19 -0.5875640E+19  0.1932177E+19
 -0.2516307E+20 -0.1724073E+20  0.1680956E+20  0.6511391E+18  0.3087987E+19 -0.2312596E+19
  0.1842434E+20 -0.1322416E+19 -0.7141218E+19  0.2372926E+17  0.2562821E+18  0.6919784E+18
  0.8532389E+20 -0.6805152E+20  0.1138685E+20  0.1356891E+20 -0.4540887E+19  0.3799061E+18
  0.5916840E+20  0.2018502E+20 -0.2433913E+20 -0.1745890E+20  0.1420184E+20 -0.1887530E+19
 -0.8622069E+20  0.3653138E+20  0.1135852E+20 -0.8565809E+18 -0.6680568E+19  0.1141821E+19
  0.1025768E+20  0.1517990E+20 -0.9807994E+19  0.5616023E+19 -0.7257217E+19  0.2344506E+19
 -0.2989515E+20 -0.2137551E+20  0.2022543E+20  0.5510745E+18  0.4034041E+19 -0.2836518E+19
  0.2178173E+20 -0.1085281E+19 -0.8645819E+19  0.1351860E+17  0.2153901E+18  0.8579459E+18
  0.1023421E+21 -0.7993238E+20  0.1308643E+20  0.1560743E+20 -0.5110457E+19  0.4183388E+18
  0.7050212E+20  0.2634687E+20 -0.2962412E+20 -0.2104062E+20  0.1677370E+20 -0.2182199E+19
 -0.1023651E+21  0.4131117E+20  0.1431639E+20 -0.5217239E+18 -0.8061163E+19  0.1333748E+19
  0.1214200E+20  0.1855829E+20 -0.1175643E+20  0.7091300E+19 -0.8984486E+19  0.2845776E+19
 -0.3525899E+20 -0.2648542E+20  0.2425513E+20  0.3516722E+18  0.5268487E+19 -0.3478644E+19
  0.2559703E+20 -0.6681437E+18 -0.1043288E+20  0.4360037E+16  0.1361616E+18  0.1063064E+19
  0.1224859E+21 -0.9370804E+20  0.1500181E+20  0.1792287E+20 -0.5738578E+19  0.4593471E+18
  0.8342225E+20  0.3446096E+20 -0.3602100E+20 -0.2538905E+20  0.1979772E+20 -0.2518737E+19
 -0.1209883E+21  0.4632395E+20  0.1797650E+20 -0.1636794E+17 -0.9708063E+19  0.1554592E+19
  0.1420423E+20  0.2260224E+20 -0.1400623E+20  0.8991359E+19 -0.1114359E+20  0.3452747E+19
 -0.4120115E+20 -0.3276574E+20  0.2895821E+20  0.1159319E+17  0.6870760E+19 -0.4262146E+19
  0.2987727E+20 -0.2113297E+17 -0.1253766E+20  0.3736975E+13  0.4434106E+16  0.1315322E+19
  0.1463984E+21 -0.1097511E+21  0.1715649E+20  0.2056938E+20 -0.6430889E+19  0.5026443E+18
  0.9792288E+20  0.4514783E+20 -0.4376117E+20 -0.3068152E+20  0.2335024E+20 -0.2900404E+19
 -0.1423876E+21  0.5150750E+20  0.2249516E+20  0.6989392E+18 -0.1166863E+20  0.1806983E+19
  0.1637465E+20  0.2737488E+20 -0.1655443E+20  0.1144122E+20 -0.1383771E+20  0.4184044E+19
 -0.4762008E+20 -0.4042885E+20  0.3438503E+20 -0.5212727E+18  0.8936274E+19 -0.5213409E+19
  0.3462168E+20  0.9067819E+18 -0.1499677E+20  0.5937417E+16 -0.1963914E+18  0.1624005E+19
  0.1748963E+21 -0.1285303E+21  0.1957033E+20  0.2361404E+20 -0.7191061E+19  0.5474641E+18
  0.1139375E+21  0.5918657E+20 -0.5312341E+20 -0.3713148E+20  0.2751610E+20 -0.3328818E+19
 -0.1669234E+21  0.5679842E+20  0.2806692E+20  0.1667148E+19 -0.1399857E+20  0.2092805E+19
  0.1855635E+20  0.3291572E+20 -0.1938021E+20  0.1459668E+20 -0.1718855E+20  0.5060162E+19
 -0.5437174E+20 -0.4970084E+20  0.4057707E+20 -0.1310738E+19  0.1157807E+20 -0.6362580E+19
  0.3982849E+20  0.2165140E+19 -0.1785040E+20  0.2942510E+17 -0.4851880E+18  0.2000056E+19
  0.2089985E+21 -0.1506138E+21  0.2225259E+20  0.2713480E+20 -0.8018115E+19  0.5923221E+18
  0.1313404E+21  0.7753403E+20 -0.6443973E+20 -0.4498954E+20  0.3238554E+20 -0.3802761E+19
 -0.1950434E+21  0.6213334E+20  0.3493490E+20  0.2934926E+19 -0.1676284E+20  0.2412575E+19
  0.2063449E+20  0.3923242E+20 -0.2244486E+20  0.1864818E+20 -0.2133725E+20  0.6103517E+19
 -0.6128536E+20 -0.6082038E+20  0.4757075E+20 -0.2433056E+19  0.1492888E+20 -0.7744475E+19
  0.4550506E+20  0.3800700E+19 -0.2114617E+20  0.7936109E+17 -0.8830916E+18  0.2456653E+19
  0.2499325E+21 -0.1766523E+21  0.2519171E+20  0.3121448E+20 -0.8902752E+19  0.6347935E+18
  0.1499574E+21  0.1013309E+21 -0.7809624E+20 -0.5453877E+20  0.3804757E+20 -0.4316689E+19
 -0.2273024E+21  0.6744632E+20  0.4340083E+20  0.4552630E+19 -0.2003542E+20  0.2764589E+19
  0.2249329E+20  0.4629710E+20 -0.2569573E+20  0.2382290E+20 -0.2644428E+20  0.7338530E+19
 -0.6818975E+20 -0.7404087E+20  0.5540570E+20 -0.3977238E+19  0.1914347E+20 -0.9399805E+19
  0.5168033E+20  0.5857967E+19 -0.2494462E+20  0.1660002E+18 -0.1413737E+19  0.3010015E+19
  0.2991191E+21 -0.2073447E+21  0.2834393E+20  0.3593201E+20 -0.9823784E+19  0.6714537E+18
  0.1695972E+21  0.1318921E+21 -0.9453148E+20 -0.6608580E+20  0.4458275E+20 -0.4859514E+19
 -0.2643843E+21  0.7266483E+20  0.5383568E+20  0.6574390E+19 -0.2389924E+20  0.3144163E+19
  0.2403992E+20  0.5405476E+20 -0.2907712E+20  0.3038609E+20 -0.3269055E+20  0.8792444E+19
 -0.7495145E+20 -0.8964323E+20  0.6414142E+20 -0.6045777E+19  0.2440331E+20 -0.1137763E+20
  0.5842074E+20  0.8382976E+19 -0.2932787E+20  0.3007249E+18 -0.2104174E+19  0.3680730E+19
  0.3581220E+21 -0.2433784E+21  0.3162232E+20  0.4134976E+20 -0.1074521E+20  0.6980659E+18
  0.1901174E+21  0.1706708E+21 -0.1142308E+21 -0.7994510E+20  0.5205490E+20 -0.5413897E+19
 -0.3071248E+21  0.7770265E+20  0.6668936E+20  0.9058265E+19 -0.2844540E+20  0.3543009E+19
  0.2523206E+20  0.6244989E+20 -0.3254903E+20  0.3864120E+20 -0.4027978E+20  0.1049696E+20
 -0.8152217E+20 -0.1079605E+21  0.7388229E+20 -0.8756567E+19  0.3092418E+20 -0.1373902E+20
  0.6584742E+20  0.1143083E+20 -0.3441069E+20  0.4960861E+18 -0.2986775E+19  0.4495604E+19
  0.4285487E+21 -0.2853496E+21  0.3489056E+20  0.4750009E+20 -0.1161596E+20  0.7101592E+18
  0.2115129E+21  0.2191947E+21 -0.1377182E+21 -0.9641949E+20  0.6050598E+20 -0.5956710E+19
 -0.3565197E+21  0.8245037E+20  0.8249728E+20  0.1206660E+20 -0.3377267E+20  0.3949082E+19
  0.2609837E+20  0.7147009E+20 -0.3611065E+20  0.4893000E+20 -0.4944430E+20  0.1249100E+20
 -0.8798125E+20 -0.1294121E+21  0.8480707E+20 -0.1224688E+20  0.3896757E+20 -0.1656216E+20
  0.7414926E+20  0.1507617E+20 -0.4035262E+20  0.7663293E+18 -0.4102287E+19  0.5490053E+19
  0.5119356E+21 -0.3336900E+21  0.3796797E+20  0.5437648E+20 -0.1237414E+20  0.7039783E+18
  0.2340291E+21  0.2790007E+21 -0.1655578E+21 -0.1157871E+21  0.6995988E+20 -0.6461161E+19
 -0.4137318E+21  0.8676405E+20  0.1018875E+21  0.1566824E+20 -0.3998914E+20  0.4347203E+19
  0.2674635E+20  0.8120578E+20 -0.3982568E+20  0.6163812E+20 -0.6045826E+20  0.1482524E+20
 -0.9456784E+20 -0.1545495E+21  0.9720195E+20 -0.1668167E+20  0.4885874E+20 -0.1994946E+20
  0.8359157E+20  0.1942656E+20 -0.4737089E+20  0.1128676E+19 -0.5504464E+19  0.6711207E+19
  0.6096691E+21 -0.3886441E+21  0.4064962E+20  0.6193699E+20 -0.1295640E+20  0.6775773E+18
  0.2582699E+21  0.3516119E+21 -0.1983773E+21 -0.1383085E+21  0.8044001E+20 -0.6900431E+19
 -0.4801064E+21  0.9045470E+20  0.1255932E+21  0.1994360E+20 -0.4721824E+20  0.4720539E+19
  0.2735227E+20  0.9191162E+20 -0.4384231E+20  0.7721249E+20 -0.7366150E+20  0.1756846E+20
 -0.1016921E+21 -0.1841109E+21  0.1114922E+21 -0.2226755E+20  0.6101308E+20 -0.2403693E+20
  0.9451937E+20  0.2463707E+20 -0.5575355E+20  0.1605452E+19 -0.7266257E+19  0.8221751E+19
  0.7229641E+21 -0.4503188E+21  0.4273734E+20  0.7012346E+20 -0.1331008E+20  0.6315943E+18
  0.2852104E+21  0.4386026E+21 -0.2369097E+21 -0.1642619E+21  0.9199760E+20 -0.7251510E+19
 -0.5571583E+21  0.9327224E+20  0.1544685E+21  0.2499259E+20 -0.5560822E+20  0.5052373E+19
  0.2812898E+20  0.1040356E+21 -0.4839342E+20  0.9619448E+20 -0.8949205E+20  0.2081415E+20
 -0.1098999E+21 -0.2190626E+21  0.1282538E+21 -0.2927215E+20  0.7596843E+20 -0.2900385E+20
  0.1073446E+21  0.3092216E+20 -0.6586679E+20  0.2226892E+19 -0.9486933E+19  0.1010398E+20
  0.8529961E+21 -0.5188379E+21  0.4407029E+20  0.7889624E+20 -0.1340296E+20  0.5692261E+18
  0.3160849E+21  0.5418009E+21 -0.2820557E+21 -0.1940118E+21  0.1047434E+21 -0.7497176E+19
 -0.6465641E+21  0.9488856E+20  0.1895163E+21  0.3094456E+20 -0.6534508E+20  0.5327176E+19
  0.2928197E+20  0.1181953E+21 -0.5377191E+20  0.1192724E+21 -0.1085239E+21  0.2468600E+20
 -0.1197949E+21 -0.2606251E+21  0.1482006E+21 -0.3804750E+20  0.9442185E+20 -0.3508164E+20
  0.1225226E+21  0.3856241E+20 -0.7815606E+20  0.3034256E+19 -0.1229931E+20  0.1246376E+20
  0.1001148E+22 -0.5945519E+21  0.4453459E+20  0.8827166E+20 -0.1322388E+20  0.4952639E+18
  0.3521074E+21  0.6635868E+21 -0.3349334E+21 -0.2280876E+21  0.1188637E+21 -0.7623695E+19
 -0.7501289E+21  0.9488279E+20  0.2319194E+21  0.3796517E+20 -0.7666287E+20  0.5529381E+19
  0.3095936E+20  0.1350788E+21 -0.6027582E+20  0.1473405E+21 -0.1314947E+21  0.2933826E+20
 -0.1319115E+21 -0.3102554E+21  0.1721289E+21 -0.4904964E+20  0.1172589E+21 -0.4255743E+20
  0.1405120E+21  0.4789955E+20 -0.9313543E+20  0.4082154E+19 -0.1587460E+20  0.1543321E+20
  0.1169343E+22 -0.6782429E+21  0.4403759E+20  0.9834868E+20 -0.1277135E+20  0.4146151E+18
  0.3940871E+21  0.8072233E+21 -0.3968939E+21 -0.2672481E+21  0.1346075E+21 -0.7613265E+19
 -0.8697517E+21  0.9273851E+20  0.2830766E+21  0.4625616E+20 -0.8984811E+20  0.5638737E+19
  0.3320340E+20  0.1552822E+21 -0.6813020E+20  0.1815518E+21 -0.1593121E+21  0.3494917E+20
 -0.1465600E+21 -0.3695850E+21  0.2008240E+21 -0.6284715E+20  0.1455681E+21 -0.5176994E+20
  0.1617293E+21  0.5931706E+20 -0.1113662E+21  0.5438894E+19 -0.2042277E+20  0.1917161E+20
  0.1360246E+22 -0.7711636E+21  0.4243935E+20  0.1092989E+21 -0.1203006E+20  0.3310245E+18
  0.4420221E+21  0.9770077E+21 -0.4694350E+21 -0.3124649E+21  0.1522188E+21 -0.7430701E+19
 -0.1007317E+22  0.8785176E+20  0.3446028E+21  0.5603734E+20 -0.1052210E+21  0.5620901E+19
  0.3590960E+20  0.1791012E+21 -0.7739359E+20  0.2233195E+21 -0.1930025E+21  0.4170032E+20
 -0.1636676E+21 -0.4402707E+21  0.2349148E+21 -0.8010008E+20  0.1806084E+21 -0.6308783E+20
  0.1864896E+21  0.7319763E+20 -0.1334146E+21  0.7182561E+19 -0.2618277E+20  0.2386117E+20
  0.1577392E+22 -0.8749640E+21  0.3946877E+20  0.1213335E+21 -0.1094647E+20  0.2468924E+18
  0.4948904E+21  0.1178255E+22 -0.5540735E+21 -0.3648506E+21  0.1718448E+21 -0.7009346E+19
 -0.1164676E+22  0.7957830E+20  0.4183273E+21  0.6751665E+20 -0.1231079E+21  0.5415891E+19
  0.3881670E+20  0.2063640E+21 -0.8788868E+20  0.2742770E+21 -0.2336245E+21  0.4974934E+20
 -0.1827026E+21 -0.5238458E+21  0.2747461E+21 -0.1015115E+21  0.2237468E+21 -0.7687937E+20
  0.2149864E+21  0.8987231E+20 -0.1598165E+21  0.9392494E+19 -0.3340462E+20  0.2970108E+20
  0.1824983E+22 -0.9913918E+21  0.3465189E+20  0.1346392E+21 -0.9412029E+19  0.1644882E+18
  0.5507482E+21  0.1416923E+22 -0.6521431E+21 -0.4254917E+21  0.1934252E+21 -0.6240926E+19
 -0.1343639E+22  0.6730878E+20  0.5062467E+21  0.8084556E+20 -0.1437956E+21  0.4927285E+19
  0.4155155E+20  0.2363735E+21 -0.9919167E+20  0.3361634E+21 -0.2821349E+21  0.5919747E+20
 -0.2027433E+21 -0.6215833E+21  0.3203070E+21 -0.1277455E+21  0.2763559E+21 -0.9347422E+20
  0.2473125E+21  0.1095704E+21 -0.1910571E+21  0.1213614E+20 -0.4232341E+20  0.3689950E+20
  0.2107560E+22 -0.1121985E+22  0.2729665E+20  0.1493255E+21 -0.7265850E+19  0.8838507E+17
  0.6071995E+21  0.1699099E+22 -0.7646522E+21 -0.4952893E+21  0.2166324E+21 -0.4977268E+19
 -0.1546114E+22  0.5057593E+20  0.6104936E+21  0.9608343E+20 -0.1675045E+21  0.4018329E+19
  0.4373437E+20  0.2680424E+21 -0.1107167E+21  0.4106993E+21 -0.3392842E+21  0.7007179E+20
 -0.2227220E+21 -0.7345160E+21  0.3713039E+21 -0.1593469E+21  0.3397357E+21 -0.1131430E+21
  0.2835589E+21  0.1324046E+21 -0.2276028E+21  0.1545621E+20 -0.5313829E+20  0.4567221E+20
  0.2429689E+22 -0.1267920E+22  0.1654573E+20  0.1654144E+21 -0.4317151E+19  0.2816833E+17
  0.6620737E+21  0.2030608E+22 -0.8923013E+21 -0.5749055E+21  0.2409118E+21 -0.3045879E+19
 -0.1774419E+22  0.2916166E+20  0.7333737E+21  0.1131944E+21 -0.1944072E+21  0.2517641E+19
  0.4510265E+20  0.3002001E+21 -0.1218802E+21  0.4995277E+21 -0.4056129E+21  0.8233870E+20
 -0.2417586E+21 -0.8636713E+21  0.4273931E+21 -0.1967063E+21  0.4151307E+21 -0.1361179E+21
  0.3239678E+21  0.1584124E+21 -0.2700002E+21  0.1936497E+20 -0.6601180E+20  0.5625569E+20
  0.2795995E+22 -0.1430181E+22  0.1470712E+19  0.1828883E+21 -0.3761424E+18  0.1934010E+15
  0.7141428E+21  0.2417119E+22 -0.1035785E+22 -0.6649037E+21  0.2656394E+21 -0.2724643E+18
 -0.2031811E+22  0.3132125E+19  0.8775745E+21  0.1321013E+21 -0.2247169E+21  0.2309455E+18
  0.4560094E+20  0.3320112E+21 -0.1323022E+21  0.6043265E+21 -0.4816328E+21  0.9596226E+20
 -0.2594788E+21 -0.1010570E+22  0.4885553E+21 -0.2401320E+21  0.5039300E+21 -0.1626786E+21
  0.3691221E+21  0.1876719E+21 -0.3190548E+21  0.2385439E+20 -0.8110813E+20  0.6894462E+20
  0.3211231E+22 -0.1609811E+22 -0.1884811E+20  0.2017522E+21  0.4724340E+19  0.2765694E+17
  0.7635004E+21  0.2864549E+22 -0.1196199E+22 -0.7659768E+21  0.2903012E+21  0.3503929E+19
 -0.2322857E+22 -0.2725411E+20  0.1046435E+22  0.1527696E+21 -0.2587951E+21 -0.3050986E+19
  0.4538235E+20  0.3632871E+21 -0.1419374E+21  0.7270313E+21 -0.5681066E+21  0.1109805E+21
 -0.2761406E+21 -0.1177713E+22  0.5554168E+21 -0.2900042E+21  0.6079746E+21 -0.1932687E+21
  0.4200621E+21  0.2204370E+21 -0.3760061E+21  0.2891982E+20 -0.9865884E+20  0.8414269E+20
  0.3680849E+22 -0.1808371E+22 -0.4530961E+20  0.2221094E+21  0.1113012E+20  0.1394353E+18
  0.8115042E+21  0.3380054E+22 -0.1375526E+22 -0.8792639E+21  0.3146351E+21  0.8435318E+19
 -0.2653816E+22 -0.6173896E+20  0.1244336E+22  0.1753022E+21 -0.2972615E+21 -0.7558083E+19
  0.4472739E+20  0.3945687E+21 -0.1510782E+21  0.8701850E+21 -0.6663784E+21  0.1275764E+21
 -0.2925389E+21 -0.1369002E+22  0.6294294E+21 -0.3469843E+21  0.7299365E+21 -0.2286180E+21
  0.4783368E+21  0.2572592E+21 -0.4426823E+21  0.3458980E+20 -0.1190417E+21  0.1024214E+21
  0.4211342E+22 -0.2028119E+22 -0.7886371E+20  0.2441780E+21  0.1898979E+20  0.3692104E+18
  0.8601780E+21  0.3972717E+22 -0.1576773E+22 -0.1006475E+22  0.3385990E+21  0.1468831E+20
 -0.3032506E+22 -0.1002555E+21  0.1476888E+22  0.1999687E+21 -0.3410107E+21 -0.1356261E+20
  0.4392343E+20  0.4268720E+21 -0.1602076E+21  0.1037144E+22 -0.7784928E+21  0.1460865E+21
 -0.3096988E+21 -0.1589724E+22  0.7127316E+21 -0.4121243E+21  0.8735024E+21 -0.2697810E+21
  0.5459122E+21  0.2989992E+21 -0.5215162E+21  0.4094090E+20 -0.1428187E+21  0.1245526E+21
  0.4810336E+22 -0.2271872E+22 -0.1206169E+21  0.2682454E+21  0.2848306E+20  0.7561029E+18
  0.9114759E+21  0.4653650E+22 -0.1803678E+22 -0.1149763E+22  0.3621881E+21  0.2246992E+20
 -0.3467858E+22 -0.1429891E+21  0.1750859E+22  0.2271492E+21 -0.3911296E+21 -0.2140589E+20
  0.4317726E+20  0.4612856E+21 -0.1698003E+21  0.1232040E+22 -0.9070335E+21  0.1669406E+21
 -0.3285498E+21 -0.1846168E+22  0.8077926E+21 -0.4868075E+21  0.1043277E+22 -0.3180708E+21
  0.6250106E+21  0.3467278E+21 -0.6154410E+21  0.4808725E+20 -0.1707095E+21  0.1515045E+21
  0.5486523E+22 -0.2542653E+22 -0.1719005E+21  0.2945893E+21  0.3983244E+20  0.1346471E+19
  0.9666914E+21  0.5435520E+22 -0.2060078E+22 -0.1311413E+22  0.3851877E+21  0.3203532E+20
 -0.3969361E+22 -0.1902446E+21  0.2073836E+22  0.2572110E+21 -0.4487473E+21 -0.3151396E+20
  0.4258126E+20  0.4985862E+21 -0.1801523E+21  0.1459493E+22 -0.1054707E+22  0.1905466E+21
 -0.3496884E+21 -0.2145049E+22  0.9169493E+21 -0.5725087E+21  0.1244404E+22 -0.3748912E+21
  0.7179330E+21  0.4015347E+21 -0.7276902E+21  0.5614385E+20 -0.2034959E+21  0.1843950E+21
  0.6249101E+22 -0.2843262E+22 -0.2342473E+21  0.3234122E+21  0.5328979E+20  0.2195188E+19
  0.1025844E+22  0.6331434E+22 -0.2348997E+22 -0.1493452E+22  0.4069673E+21  0.4366568E+20
 -0.4546160E+22 -0.2420976E+21  0.2453570E+22  0.2903549E+21 -0.5148664E+21 -0.4438901E+20
  0.4210032E+20  0.5388351E+21 -0.1912260E+21  0.1724116E+22 -0.1223735E+22  0.2171444E+21
 -0.3731459E+21 -0.2492676E+22  0.1041836E+22 -0.6704003E+21  0.1481924E+22 -0.4414830E+21
  0.8268219E+21  0.4642554E+21 -0.8614807E+21  0.6516914E+20 -0.2418581E+21  0.2243981E+21
  0.7108246E+22 -0.3176593E+22 -0.3093691E+21  0.3548957E+21  0.6912675E+20  0.3366135E+19
  0.1087413E+22  0.7355105E+22 -0.2672415E+22 -0.1697747E+22  0.4265042E+21  0.5764022E+20
 -0.5207191E+22 -0.2980542E+21  0.2897846E+22  0.3265796E+21 -0.5903818E+21 -0.6059497E+20
  0.4158786E+20  0.5811737E+21 -0.2026018E+21  0.2030417E+22 -0.1415639E+22  0.2467515E+21
 -0.3982956E+21 -0.2894806E+22  0.1183167E+22 -0.7811444E+21  0.1760521E+22 -0.5188010E+21
  0.9536401E+21  0.5353415E+21 -0.1019913E+22  0.7513068E+20 -0.2862724E+21  0.2726978E+21
  0.8075596E+22 -0.3546054E+22 -0.3991907E+21  0.3892745E+21  0.8764379E+20  0.4933173E+19
  0.1148607E+22  0.8521517E+22 -0.3031652E+22 -0.1926298E+22  0.4425278E+21  0.7422825E+20
 -0.5961923E+22 -0.3569497E+21  0.3414889E+22  0.3657571E+21 -0.6762247E+21 -0.8075995E+20
  0.4084212E+20  0.6239496E+21 -0.2135798E+21  0.2383037E+22 -0.1631441E+22  0.2792236E+21
 -0.4239876E+21 -0.3357126E+22  0.1340974E+22 -0.9049615E+21  0.2084771E+22 -0.6075876E+21
  0.1100369E+22  0.6149415E+21 -0.1206152E+22  0.8591509E+20 -0.3370293E+21  0.3305261E+21
  0.9164726E+22 -0.3955812E+22 -0.5059331E+21  0.4268663E+21  0.1091891E+21  0.6982433E+19
  0.1206503E+22  0.9847891E+22 -0.3428346E+22 -0.2181540E+22  0.4536984E+21  0.9371066E+20
 -0.6821811E+22 -0.4172119E+21  0.4014296E+22  0.4077817E+21 -0.7735630E+21 -0.1056060E+21
  0.3970797E+20  0.6653592E+21 -0.2234727E+21  0.2787242E+22 -0.1872289E+22  0.3144208E+21
 -0.4490336E+21 -0.3886445E+22  0.1515399E+22 -0.1042003E+22  0.2459927E+22 -0.7086646E+21
  0.1269463E+22  0.7032209E+21 -0.1423951E+22  0.9738759E+20 -0.3944000E+21  0.3993101E+21
  0.1039101E+23 -0.4410470E+22 -0.6321079E+21  0.4680068E+21  0.1341493E+21  0.9613129E+19
  0.1259721E+22  0.1135396E+23 -0.3865361E+22 -0.2466335E+22  0.4587211E+21  0.1164038E+21
 -0.7801498E+22 -0.4773783E+21  0.4707883E+22  0.4526880E+21 -0.8838936E+21 -0.1359780E+21
  0.3817957E+20  0.7044359E+21 -0.2319798E+21  0.3249317E+22 -0.2140084E+22  0.3523785E+21
 -0.4728949E+21 -0.4491895E+22  0.1707649E+22 -0.1192804E+22  0.2892761E+22 -0.8232674E+21
  0.1464328E+22  0.8007411E+21 -0.1678245E+22  0.1094677E+21 -0.4588589E+21  0.4808530E+21
  0.1177149E+23 -0.4914761E+22 -0.7804095E+21  0.5129954E+21  0.1629159E+21  0.1293462E+20
  0.1309537E+22  0.1306218E+23 -0.4347359E+22 -0.2783891E+22  0.4564287E+21  0.1426686E+21
 -0.8919404E+22 -0.5365652E+21  0.5510169E+22  0.5007147E+21 -0.1009057E+22 -0.1728520E+21
  0.3642033E+20  0.7417668E+21 -0.2393996E+21  0.3776860E+22 -0.2437906E+22  0.3934079E+21
 -0.4961261E+21 -0.5185674E+22  0.1920626E+22 -0.1358623E+22  0.3392162E+22 -0.9532768E+21
  0.1689586E+22  0.9087068E+21 -0.1975548E+22  0.1221820E+21 -0.5312527E+21  0.5774774E+21
  0.1332416E+23 -0.5473224E+22 -0.9535596E+21  0.5620649E+21  0.1958489E+21  0.1706066E+20
  0.1359088E+22  0.1499705E+23 -0.4880169E+22 -0.3137533E+22  0.4457062E+21  0.1728873E+21
 -0.1019642E+23 -0.5944787E+21  0.6437702E+22  0.5522227E+21 -0.1151074E+22 -0.2173051E+21
  0.3465732E+20  0.7790988E+21 -0.2464125E+21  0.4378548E+22 -0.2769685E+22  0.4379965E+21
 -0.5200260E+21 -0.5982235E+22  0.2158405E+22 -0.1541296E+22  0.3968745E+22 -0.1101051E+22
  0.1950721E+22  0.1028771E+22 -0.2323645E+22  0.1356382E+21 -0.6127215E+21  0.6919651E+21
  0.1506916E+23 -0.6090835E+22 -0.1154381E+22  0.6154670E+21  0.2332959E+21  0.2210800E+20
  0.1410942E+22  0.1718606E+23 -0.5469742E+22 -0.3530862E+22  0.4252960E+21  0.2074363E+21
 -0.1165473E+23 -0.6509035E+21  0.7508334E+22  0.6075574E+21 -0.1312039E+22 -0.2704913E+21
  0.3302704E+20  0.8179244E+21 -0.2535391E+21  0.5064035E+22 -0.3139485E+22  0.4865865E+21
 -0.5456231E+21 -0.6896999E+22  0.2424903E+22 -0.1742743E+22  0.4634017E+22 -0.1268992E+22
  0.2253491E+22  0.1162553E+22 -0.2730905E+22  0.1499373E+21 -0.7044231E+21  0.8273655E+21
  0.1702909E+23 -0.6773240E+22 -0.1385903E+22  0.6735063E+21  0.2756182E+21  0.2819773E+20
  0.1464929E+22  0.1965962E+23 -0.6120803E+22 -0.3967699E+22  0.3935571E+21  0.2466434E+21
 -0.1331652E+23 -0.7049983E+21  0.8740210E+22  0.6668777E+21 -0.1493971E+22 -0.3336083E+21
  0.3150515E+20  0.8581411E+21 -0.2607073E+21  0.5843537E+22 -0.3550588E+22  0.5393426E+21
 -0.5727772E+21 -0.7944920E+22  0.2722516E+22 -0.1964325E+22  0.5399275E+22 -0.1459023E+22
  0.2603334E+22  0.1311114E+22 -0.3205492E+22  0.1650786E+21 -0.8071889E+21  0.9867329E+21
  0.1922953E+23 -0.7526746E+22 -0.1651424E+22  0.7365222E+21  0.3231969E+21  0.3545591E+20
  0.1518850E+22  0.2245152E+23 -0.6837184E+22 -0.4452116E+22  0.3485003E+21  0.2907868E+21
 -0.1520486E+23 -0.7553218E+21  0.1015220E+23  0.7301932E+21 -0.1698881E+22 -0.4078984E+21
  0.2999170E+20  0.8984089E+21 -0.2674428E+21  0.6728017E+22 -0.4005658E+22  0.5962120E+21
 -0.6004799E+21 -0.9141113E+22  0.3052461E+22 -0.2206929E+22  0.6275869E+22 -0.1672661E+22
  0.3005633E+22  0.1475071E+22 -0.3755568E+22  0.1809796E+21 -0.9215577E+21  0.1173155E+22
  0.2169891E+23 -0.8357991E+22 -0.1954459E+22  0.8048334E+21  0.3764095E+21  0.4401040E+20
  0.1571450E+22  0.2559951E+23 -0.7623635E+22 -0.4988500E+22  0.2880805E+21  0.3401499E+21
 -0.1734611E+23 -0.8007133E+21  0.1176553E+23  0.7975933E+21 -0.1928962E+22 -0.4946890E+21
  0.2845137E+20  0.9379260E+21 -0.2734918E+21  0.7729902E+22 -0.4507956E+22  0.6572422E+21
 -0.6281086E+21 -0.1050305E+23  0.3416626E+22 -0.2471813E+22  0.7276801E+22 -0.1911689E+22
  0.3466620E+22  0.1655319E+22 -0.4390437E+22  0.1976046E+21 -0.1048222E+22  0.1390110E+22
  0.2446928E+23 -0.9273999E+22 -0.2298726E+22  0.8787247E+21  0.4356151E+21  0.5398749E+20
  0.1624460E+22  0.2914705E+23 -0.8487533E+22 -0.5581786E+22  0.2104072E+21  0.3950894E+21
 -0.1977205E+23 -0.8412040E+21  0.1360546E+23  0.8694515E+21 -0.2186768E+22 -0.5954471E+21
  0.2696105E+20  0.9777214E+21 -0.2792012E+21  0.8864076E+22 -0.5062507E+22  0.7228326E+21
 -0.6563108E+21 -0.1205260E+23  0.3819076E+22 -0.2761440E+22  0.8418369E+22 -0.2178791E+22
  0.3994131E+22  0.1853660E+22 -0.5121625E+22  0.2150690E+21 -0.1188463E+22  0.1641849E+22
  0.2757530E+23 -0.1028176E+23 -0.2687980E+22  0.9584175E+21  0.5011218E+21  0.6550461E+20
  0.1681258E+22  0.3314210E+23 -0.9437745E+22 -0.6237136E+22  0.1136217E+21  0.4559916E+21
 -0.2251786E+23 -0.8778233E+21  0.1570007E+23  0.9462922E+21 -0.2474976E+22 -0.7117135E+21
  0.2562646E+20  0.1019887E+22 -0.2852103E+21  0.1014742E+23 -0.5675430E+22  0.7935637E+21
 -0.6864537E+21 -0.1381455E+23  0.4265109E+22 -0.3079114E+22  0.9719304E+22 -0.2477195E+22
  0.4596994E+22  0.2072454E+22 -0.5962196E+22  0.2335801E+21 -0.1343963E+22  0.1933208E+22
  0.3105603E+23 -0.1138890E+23 -0.3126109E+22  0.1044138E+22  0.5732051E+21  0.7866878E+20
  0.1744305E+22  0.3763877E+23 -0.1048319E+23 -0.6960112E+22 -0.4357026E+19  0.5232019E+21
 -0.2562110E+23 -0.9118063E+21  0.1807934E+23  0.1028599E+22 -0.2796255E+22 -0.8450346E+21
  0.2449282E+20  0.1065999E+22 -0.2919359E+21  0.1159884E+23 -0.6352950E+22  0.8699137E+21
 -0.7195223E+21 -0.1581539E+23  0.4759592E+22 -0.3428266E+22  0.1119966E+23 -0.2810033E+22
  0.5284326E+22  0.2313992E+22 -0.6925771E+22  0.2533228E+21 -0.1516388E+22  0.2269272E+22
  0.3495481E+23 -0.1260345E+23 -0.3617071E+22  0.1136089E+22  0.6520933E+21  0.9357229E+20
  0.1814254E+22  0.4269687E+23 -0.1163182E+23 -0.7756449E+22 -0.1459408E+21  0.5969650E+21
 -0.2912086E+23 -0.9441454E+21  0.2077427E+23  0.1116688E+22 -0.3153120E+22 -0.9968899E+21
  0.2354124E+20  0.1116533E+22 -0.2994263E+21  0.1323895E+23 -0.7100715E+22  0.9521175E+21
 -0.7557277E+21 -0.1808238E+23  0.5306156E+22 -0.3811998E+22  0.1287998E+23 -0.3179939E+22
  0.6065147E+22  0.2580159E+22 -0.8025909E+22  0.2744047E+21 -0.1707141E+22  0.2655138E+22
  0.3931989E+23 -0.1393384E+23 -0.4164958E+22  0.1234438E+22  0.7379705E+21  0.1102932E+21
  0.1891620E+22  0.4838299E+23 -0.1289186E+23 -0.8632155E+22 -0.3137338E+21  0.6774787E+21
 -0.3305973E+23 -0.9760739E+21  0.2381831E+23  0.1210848E+22 -0.3548088E+22 -0.1168743E+22
  0.2275074E+20  0.1171878E+22 -0.3076940E+21  0.1509070E+23 -0.7924573E+22  0.1040357E+22
 -0.7952266E+21 -0.2064522E+23  0.5908362E+22 -0.4233598E+22  0.1478256E+23 -0.3589516E+22
  0.6949063E+22  0.2872884E+22 -0.9277005E+22  0.2969271E+21 -0.1917651E+22  0.3096203E+22
  0.4420483E+23 -0.1538856E+23 -0.4773996E+22  0.1339265E+22  0.8309605E+21  0.1288945E+21
  0.1978912E+22  0.5477170E+23 -0.1427331E+23 -0.9593502E+22 -0.5103834E+21  0.7649684E+21
 -0.3748599E+23 -0.1009993E+22  0.2724915E+23  0.1311504E+22 -0.3983783E+22 -0.1362112E+22
  0.2214742E+20  0.1233689E+22 -0.3170939E+21  0.1718019E+23 -0.8831618E+22  0.1134992E+22
 -0.8390652E+21 -0.2353808E+23  0.6571245E+22 -0.4697324E+22  0.1693304E+23 -0.4041960E+22
  0.7947092E+22  0.3194778E+22 -0.1069547E+23  0.3210799E+21 -0.2149821E+22  0.3598582E+22
  0.4967041E+23 -0.1697675E+23 -0.5448703E+22  0.1450613E+22  0.9311507E+21  0.1494268E+21
  0.2080916E+22  0.6194852E+23 -0.1578880E+23 -0.1064740E+23 -0.7385868E+21  0.8597330E+21
 -0.4245537E+23 -0.1049790E+22  0.3111023E+23  0.1419302E+22 -0.4463080E+22 -0.1578631E+22
  0.2179472E+20  0.1305099E+22 -0.3283409E+21  0.1953781E+23 -0.9830765E+22  0.1236627E+22
 -0.8893227E+21 -0.2680094E+23  0.7301790E+22 -0.5208792E+22  0.1936157E+23 -0.4541357E+22
  0.9072095E+22  0.3549383E+22 -0.1230043E+23  0.3471668E+21 -0.2406220E+22  0.4169391E+22
  0.5578258E+23 -0.1870724E+23 -0.6193528E+22  0.1568414E+22  0.1038530E+22  0.1719166E+21
  0.2203437E+22  0.7000751E+23 -0.1745184E+23 -0.1180081E+23 -0.1001158E+22  0.9620466E+21
 -0.4802804E+23 -0.1100520E+22  0.3544857E+23  0.1534918E+22 -0.4988757E+22 -0.1819906E+22
  0.2175919E+20  0.1389961E+22 -0.3422620E+21  0.2219743E+23 -0.1093172E+23  0.1345905E+22
 -0.9485647E+21 -0.3047760E+23  0.8107699E+22 -0.5774392E+22  0.2210144E+23 -0.5092104E+22
  0.1033787E+23  0.3940674E+22 -0.1411255E+23  0.3755345E+21 -0.2689769E+22  0.4816373E+22
  0.6261594E+23 -0.2058948E+23 -0.7013084E+22  0.1692568E+22  0.1153027E+22  0.1963691E+21
  0.2352549E+22  0.7905571E+23 -0.1927702E+23 -0.1306121E+23 -0.1301150E+22  0.1072151E+22
 -0.5427051E+23 -0.1168207E+22  0.4031603E+23  0.1659049E+22 -0.5563622E+22 -0.2087532E+22
  0.2209696E+20  0.1492370E+22 -0.3596544E+21  0.2519770E+23 -0.1214506E+23  0.1463452E+22
 -0.1019501E+22 -0.3461677E+23  0.8997066E+22 -0.6401276E+22  0.2518973E+23 -0.5698832E+22
  0.1175934E+23  0.4372981E+22 -0.1615430E+23  0.4065484E+21 -0.3003674E+22  0.5547959E+22
  0.7025325E+23 -0.2263310E+23 -0.7911990E+22  0.1822895E+22  0.1274481E+22  0.2227640E+21
  0.2534594E+22  0.8921291E+23 -0.2127951E+23 -0.1443638E+23 -0.1641852E+22  0.1190223E+22
 -0.6125512E+23 -0.1259841E+22  0.4576908E+23  0.1792354E+22 -0.6190401E+22 -0.2383047E+22
  0.2286074E+20  0.1616675E+22 -0.3812861E+21  0.2858215E+23 -0.1348197E+23  0.1589833E+22
 -0.1104980E+22 -0.3927191E+23  0.9978185E+22 -0.7097257E+22  0.2866726E+23 -0.6366283E+22
  0.1335237E+23  0.4850899E+22 -0.1844970E+23  0.4405813E+21 -0.3351376E+22  0.6373241E+22
  0.7878668E+23 -0.2484783E+23 -0.8894915E+22  0.1959135E+22  0.1402644E+22  0.2510561E+21
  0.2756788E+22  0.1006137E+24 -0.2347561E+23 -0.1593439E+23 -0.2026776E+22  0.1316399E+22
 -0.6906158E+23 -0.1383654E+22  0.5186995E+23  0.1935497E+22 -0.6871788E+22 -0.2707959E+22
  0.2411537E+20  0.1767869E+22 -0.4079895E+21  0.3240010E+23 -0.1495462E+23  0.1725616E+22
 -0.1208251E+22 -0.4450246E+23  0.1106001E+23 -0.7871064E+22  0.3257957E+23 -0.7099515E+22
  0.1513423E+23  0.5379481E+22 -0.2102504E+23  0.4780359E+21 -0.3736688E+22  0.7302191E+22
  0.8831836E+23 -0.2724329E+23 -0.9966510E+22  0.2100913E+22  0.1537169E+22  0.2811741E+21
  0.3027593E+22  0.1134088E+24 -0.2588282E+23 -0.1756345E+23 -0.2459653E+22  0.1450768E+22
 -0.7777763E+23 -0.1549342E+22  0.5868725E+23  0.2089131E+22 -0.7610407E+22 -0.3063740E+22
  0.2594680E+20  0.1951856E+22 -0.4407093E+21  0.3670725E+23 -0.1657624E+23  0.1871374E+22
 -0.1333126E+22 -0.5037457E+23  0.1225234E+23 -0.8732479E+22  0.3697752E+23 -0.7903956E+22
  0.1712373E+23  0.5964319E+22 -0.2390911E+23  0.5193537E+21 -0.4163858E+22  0.8345811E+22
  0.9896443E+23 -0.2982962E+23 -0.1113169E+23  0.2247794E+22  0.1677643E+22  0.3130277E+21
  0.3356920E+22  0.1277708E+24 -0.2852062E+23 -0.1933244E+23 -0.2944537E+22  0.1593406E+22
 -0.8750243E+23 -0.1768251E+22  0.6629868E+23  0.2253947E+22 -0.8409008E+22 -0.3451921E+22
  0.2846707E+20  0.2175604E+22 -0.4805144E+21  0.4156778E+23 -0.1836172E+23  0.2027729E+22
 -0.1484062E+22 -0.5696356E+23  0.1356620E+23 -0.9692679E+22  0.4191922E+23 -0.8785660E+22
  0.1934199E+23  0.6611743E+22 -0.2713439E+23  0.5650291E+21 -0.4637723E+22  0.9516535E+22
  0.1108507E+24 -0.3261598E+23 -0.1239502E+23  0.2399178E+22  0.1823514E+22  0.3464939E+21
  0.3755786E+22  0.1438893E+24 -0.3140885E+23 -0.2124981E+23 -0.3485666E+22  0.1744285E+22
 -0.9834265E+23 -0.2053198E+22  0.7478824E+23  0.2430521E+22 -0.9270053E+22 -0.3873908E+22
  0.3181288E+20  0.2446951E+22 -0.5285317E+21  0.4705302E+23 -0.2032653E+23  0.2195225E+22
 -0.1665997E+22 -0.6435160E+23  0.1501306E+23 -0.1076371E+23  0.4746843E+23 -0.9750819E+22
  0.2181149E+23  0.7328427E+22 -0.3073577E+23  0.6155684E+21 -0.5163447E+22  0.1082787E+23
  0.1241199E+24 -0.3561175E+23 -0.1376123E+23  0.2554378E+22  0.1974146E+22  0.3814287E+21
  0.4236850E+22  0.1619807E+24 -0.3456925E+23 -0.2332447E+23 -0.4087627E+22  0.1903335E+22
 -0.1104185E+24 -0.2418883E+22  0.8425083E+23  0.2619410E+22 -0.1019606E+23 -0.4331142E+22
  0.3615637E+20  0.2774991E+22 -0.5860044E+21  0.5324495E+23 -0.2248784E+23  0.2374417E+22
 -0.1884576E+22 -0.7263196E+23  0.1660561E+23 -0.1195915E+23  0.5369776E+23 -0.1080623E+23
  0.2455739E+23  0.8121795E+22 -0.3475257E+23  0.6715245E+21 -0.5746808E+22  0.1229509E+23
  0.1389302E+24 -0.3882567E+23 -0.1523491E+23  0.2712572E+22  0.2128787E+22  0.4176605E+21
  0.4814414E+22  0.1822880E+24 -0.3802473E+23 -0.2556525E+23 -0.4755280E+22  0.2070399E+22
 -0.1238627E+24 -0.2881915E+22  0.9479174E+23  0.2821075E+22 -0.1118940E+23 -0.4825009E+22
  0.4170904E+20  0.3170112E+22 -0.6542707E+21  0.6023639E+23 -0.2486405E+23  0.2565811E+22
 -0.2146136E+22 -0.8190875E+23  0.1835748E+23 -0.1329393E+23  0.6068869E+23 -0.1195911E+23
  0.2760731E+23  0.8999866E+22 -0.3922821E+23  0.7334795E+21 -0.6394115E+22  0.1393519E+23
  0.1554577E+24 -0.4226606E+23 -0.1682052E+23  0.2872840E+22  0.2286594E+22  0.4549949E+21
  0.5504386E+22  0.2050841E+24 -0.4179951E+23 -0.2798100E+23 -0.5493754E+22  0.2245243E+22
 -0.1388220E+24 -0.3460789E+22  0.1065282E+24  0.3035877E+22 -0.1225239E+23 -0.5356870E+22
  0.4872430E+20  0.3644016E+22 -0.7347385E+21  0.6813261E+23 -0.2747499E+23  0.2769874E+22
 -0.2457679E+22 -0.9229841E+23  0.2028329E+23 -0.1478448E+23  0.6853289E+23 -0.1321715E+23
  0.3099165E+23  0.9971280E+22 -0.4421099E+23  0.8020420E+21 -0.7112240E+22  0.1576724E+23
  0.1738975E+24 -0.4593982E+23 -0.1852205E+23  0.3034067E+22  0.2446554E+22  0.4932017E+21
  0.6324793E+22  0.2306753E+24 -0.4591871E+23 -0.3057996E+23 -0.6308396E+22  0.2427492E+22
 -0.1554586E+24 -0.4176383E+22  0.1195902E+24  0.3264008E+22 -0.1338696E+23 -0.5927944E+22
  0.5750947E+20  0.4210116E+22 -0.8289250E+21  0.7705286E+23 -0.3034170E+23  0.2986972E+22
 -0.2827077E+22 -0.1039308E+24  0.2239858E+23 -0.1644876E+23  0.7733312E+23 -0.1458839E+23
  0.3474370E+23  0.1104528E+23 -0.4975421E+23  0.8778440E+21 -0.7908616E+22  0.1781245E+23
  0.1944711E+24 -0.4985417E+23 -0.2034369E+23  0.3195125E+22  0.2607631E+22  0.5320401E+21
  0.7295518E+22  0.2594117E+24 -0.5040970E+23 -0.3337096E+23 -0.7204940E+22  0.2616729E+22
 -0.1739554E+24 -0.5051707E+22  0.1341253E+24  0.3505577E+22 -0.1459526E+23 -0.6539535E+22
  0.6842223E+20  0.4883412E+22 -0.9383937E+21  0.8713437E+23 -0.3348739E+23  0.3217459E+22
 -0.3262939E+22 -0.1169538E+24  0.2472036E+23 -0.1830671E+23  0.8720701E+23 -0.1608167E+23
  0.3890099E+23  0.1223196E+23 -0.5591843E+23  0.9615487E+21 -0.8791446E+22  0.2009506E+23
  0.2174182E+24 -0.5401334E+23 -0.2228849E+23  0.3354642E+22  0.2768572E+22  0.5712227E+21
  0.8438296E+22  0.2916784E+24 -0.5529909E+23 -0.3636112E+23 -0.8189072E+22  0.2812306E+22
 -0.1945092E+24 -0.6111991E+22  0.1502938E+24  0.3760373E+22 -0.1587865E+23 -0.7192602E+22
  0.8187545E+20  0.5680558E+22 -0.1064723E+22  0.9852997E+23 -0.3693550E+23  0.3461463E+22
 -0.3774584E+22 -0.1315287E+24  0.2726576E+23 -0.2037943E+23  0.9828402E+23 -0.1770570E+23
  0.4350353E+23  0.1354160E+23 -0.6276905E+23  0.1053794E+22 -0.9769246E+22  0.2264157E+23
