  0.9866966E+17 -0.1563476E+18  0.4408312E+17  0.6193537E+17 -0.3492608E+17  0.4923807E+16
  0.1730575E+18 -0.1117799E+18 -0.3686468E+17 -0.2006817E+17  0.6549398E+17 -0.1687101E+17
 -0.2347911E+18  0.2578572E+18 -0.1176380E+17 -0.5691517E+17 -0.1618672E+17  0.9088646E+16
  0.7588173E+17  0.2221299E+17 -0.6623067E+17  0.1625612E+16 -0.9693912E+16  0.1445177E+17
 -0.2059010E+18  0.3286119E+17  0.1255361E+18  0.9220769E+16 -0.2227057E+17 -0.1557074E+17
  0.1396753E+18 -0.8547093E+17 -0.4840703E+17  0.1307547E+17  0.1481076E+17  0.4194086E+16
  0.1043490E+18 -0.1632022E+18  0.4599884E+17  0.6381224E+17 -0.3597118E+17  0.5069270E+16
  0.1824432E+18 -0.1159903E+18 -0.3764736E+17 -0.2086431E+17  0.6676686E+17 -0.1716089E+17
 -0.2452634E+18  0.2655215E+18 -0.1231086E+17 -0.5765313E+17 -0.1639685E+17  0.9201468E+16
  0.7974565E+17  0.2332413E+17 -0.6806448E+17  0.1705469E+16 -0.9953800E+16  0.1452359E+17
 -0.2144086E+18  0.3309494E+17  0.1279963E+18  0.9425248E+16 -0.2216765E+17 -0.1557476E+17
  0.1441177E+18 -0.8664221E+17 -0.4906175E+17  0.1302212E+17  0.1474773E+17  0.4175503E+16
  0.1183130E+18 -0.1825069E+18  0.5138056E+17  0.7038278E+17 -0.3962925E+17  0.5578344E+16
  0.2059022E+18 -0.1285535E+18 -0.4128368E+17 -0.2333653E+17  0.7289524E+17 -0.1867236E+17
 -0.2743657E+18  0.2925281E+18 -0.1366127E+17 -0.6240727E+17 -0.1784367E+17  0.9969696E+16
  0.8958381E+17  0.2632799E+17 -0.7482753E+17  0.1934399E+16 -0.1099562E+17  0.1562548E+17
 -0.2387417E+18  0.3532497E+17  0.1396606E+18  0.1034606E+17 -0.2353396E+17 -0.1668576E+17
  0.1590623E+18 -0.9381787E+17 -0.5323691E+17  0.1383388E+17  0.1570006E+17  0.4454495E+16
  0.1347362E+18 -0.2048794E+18  0.5757363E+17  0.7788474E+17 -0.4377314E+17  0.6150394E+16
  0.2329933E+18 -0.1424691E+18 -0.4559234E+17 -0.2636352E+17  0.7991970E+17 -0.2037655E+17
 -0.3078913E+18  0.3230266E+18 -0.1504728E+17 -0.6761894E+17 -0.1957172E+17  0.1083962E+17
  0.1007262E+18  0.2998116E+17 -0.8246131E+17  0.2230974E+16 -0.1227231E+17  0.1687711E+17
 -0.2662112E+18  0.3727880E+17  0.1528359E+18  0.1144430E+17 -0.2494840E+17 -0.1795608E+17
  0.1758938E+18 -0.1016172E+18 -0.5796793E+17  0.1467656E+17  0.1674460E+17  0.4776009E+16
  0.1541717E+18 -0.2309520E+18  0.6473731E+17  0.8649258E+17 -0.4848883E+17  0.6795863E+16
  0.2644557E+18 -0.1579398E+18 -0.5071957E+17 -0.3006513E+17  0.8800410E+17 -0.2230584E+17
 -0.3467298E+18  0.3576420E+18 -0.1645796E+17 -0.7335659E+17 -0.2163584E+17  0.1182841E+17
  0.1134073E+18  0.3442661E+17 -0.9112065E+17  0.2612687E+16 -0.1383057E+17  0.1830343E+17
 -0.2973784E+18  0.3886128E+17  0.1677887E+18  0.1274951E+17 -0.2641139E+17 -0.1941200E+17
  0.1949475E+18 -0.1101307E+18 -0.6335237E+17  0.1555391E+17  0.1789467E+17  0.5146928E+16
  0.1773246E+18 -0.2615197E+18  0.7306988E+17  0.9642284E+17 -0.5388202E+17  0.7527448E+16
  0.3012162E+18 -0.1752135E+18 -0.5684665E+17 -0.3458752E+17  0.9734677E+17 -0.2449901E+17
 -0.3919961E+18  0.3971506E+18 -0.1787981E+17 -0.7970682E+17 -0.2410103E+17  0.1295642E+17
  0.1279168E+18  0.3983761E+17 -0.1009923E+18  0.3101694E+16 -0.1572621E+17  0.1993377E+17
 -0.3329362E+18  0.3996184E+17  0.1848395E+18  0.1429569E+17 -0.2792412E+17 -0.2108414E+17
  0.2166379E+18 -0.1194738E+18 -0.6950698E+17  0.1647218E+17  0.1916623E+17  0.5575225E+16
  0.2050576E+18 -0.2975397E+18  0.8280804E+17  0.1079330E+18 -0.6007747E+17  0.8360057E+16
  0.3443473E+18 -0.1945174E+18 -0.6420424E+17 -0.4012577E+17  0.1081909E+18 -0.2700255E+17
 -0.4449918E+18  0.4424243E+18 -0.1928448E+17 -0.8675669E+17 -0.2705040E+17  0.1424820E+17
  0.1445631E+18  0.4643817E+17 -0.1122868E+18  0.3729346E+16 -0.1803501E+17  0.2180420E+17
 -0.3736310E+18  0.4039390E+17  0.2043551E+18  0.1612658E+17 -0.2947746E+17 -0.2301047E+17
  0.2414172E+18 -0.1297508E+18 -0.7656664E+17  0.1743379E+17  0.2057555E+17  0.6070870E+16
  0.2384743E+18 -0.3402171E+18  0.9424640E+17  0.1213419E+18 -0.6722787E+17  0.9311679E+16
  0.3951855E+18 -0.2161089E+18 -0.7308457E+17 -0.4692571E+17  0.1208350E+18 -0.2987248E+17
 -0.5073423E+18  0.4945310E+18 -0.2063137E+17 -0.9461012E+17 -0.3058647E+17  0.1573332E+17
  0.1637195E+18  0.5450742E+17 -0.1252586E+18  0.4536813E+16 -0.2085128E+17  0.2395823E+17
 -0.4203688E+18  0.3991907E+17  0.2267795E+18  0.1829396E+17 -0.3105768E+17 -0.2523677E+17
  0.2698364E+18 -0.1410855E+18 -0.8469479E+17  0.1844185E+17  0.2214158E+17  0.6645885E+16
  0.2787707E+18 -0.3908422E+18  0.1076982E+18  0.1369922E+18 -0.7549753E+17  0.1040183E+17
  0.4549133E+18 -0.2399256E+18 -0.8387475E+17 -0.5536109E+17  0.1356526E+18 -0.3317606E+17
 -0.5805736E+18  0.5543535E+18 -0.2181926E+17 -0.1033047E+18 -0.3485481E+17  0.1744833E+17
  0.1855882E+18  0.6443650E+17 -0.1401345E+18  0.5593112E+16 -0.2432745E+17  0.2645329E+17
 -0.4737060E+18  0.3800380E+17  0.2525448E+18  0.2087368E+17 -0.3260085E+17 -0.2782523E+17
  0.3022787E+18 -0.1534532E+18 -0.9405950E+17  0.1947531E+17  0.2387487E+17  0.7317079E+16
  0.3274716E+18 -0.4510505E+18  0.1235547E+18  0.1553162E+18 -0.8509044E+17  0.1165427E+17
  0.5249665E+18 -0.2658501E+18 -0.9706837E+17 -0.6589843E+17  0.1531048E+18 -0.3699473E+17
 -0.6665830E+18  0.6229956E+18 -0.2271696E+17 -0.1128956E+18 -0.4003271E+17  0.1943723E+17
  0.2103921E+18  0.7669754E+17 -0.1571854E+18  0.6989940E+16 -0.2865063E+17  0.2935857E+17
 -0.5342963E+18  0.3400872E+17  0.2821742E+18  0.2395000E+17 -0.3403039E+17 -0.3085030E+17
  0.3392148E+18 -0.1668423E+18 -0.1048647E+18  0.2051529E+17  0.2578878E+17  0.8104457E+16
  0.3869361E+18 -0.5233358E+18  0.1424008E+18  0.1769545E+18 -0.9629941E+17  0.1310164E+17
  0.6079310E+18 -0.2942618E+18 -0.1132764E+18 -0.7902405E+17  0.1737564E+18 -0.4142859E+17
 -0.7686193E+18  0.7025588E+18 -0.2322350E+17 -0.1236030E+18 -0.4630807E+17  0.2175204E+17
  0.2387862E+18  0.9179798E+17 -0.1768650E+18  0.8822609E+16 -0.3399662E+17  0.3275025E+17
 -0.6038044E+18  0.2752087E+17  0.3164768E+18  0.2759920E+17 -0.3532484E+17 -0.3439097E+17
  0.3817010E+18 -0.1815347E+18 -0.1174083E+18  0.2158421E+17  0.2791935E+17  0.9028474E+16
  0.4601878E+18 -0.6108281E+18  0.1649564E+18  0.2026949E+18 -0.1094770E+18  0.1478234E+17
  0.7069473E+18 -0.3254719E+18 -0.1332919E+18 -0.9537616E+17  0.1983090E+18 -0.4659839E+17
 -0.8906775E+18  0.7955362E+18 -0.2317996E+17 -0.1356666E+18 -0.5392334E+17  0.2445623E+17
  0.2715057E+18  0.1103844E+18 -0.1997049E+18  0.1121958E+17 -0.4059642E+17  0.3672304E+17
 -0.6841359E+18  0.1794238E+17  0.3564178E+18  0.3191830E+17 -0.3643963E+17 -0.3854670E+17
  0.4309688E+18 -0.1978219E+18 -0.1320507E+18  0.2270089E+17  0.3030674E+17  0.1011523E+17
  0.5505308E+18 -0.7168906E+18  0.1919785E+18  0.2333802E+18 -0.1249954E+18  0.1673646E+17
  0.8247167E+18 -0.3589550E+18 -0.1581580E+18 -0.1159006E+18  0.2276365E+18 -0.5264793E+17
 -0.1036508E+19  0.9039709E+18 -0.2226419E+17 -0.1491718E+18 -0.6322380E+17  0.2762852E+17
  0.3088644E+18  0.1333329E+18 -0.2261692E+18  0.1438954E+17 -0.4881721E+17  0.4140368E+17
 -0.7763645E+18  0.4034991E+16  0.4029392E+18  0.3704062E+17 -0.3721279E+17 -0.4345554E+17
  0.4878693E+18 -0.2156783E+18 -0.1491686E+18  0.2383688E+17  0.3297239E+17  0.1140227E+17
  0.6622742E+18 -0.8458534E+18  0.2244272E+18  0.2700800E+18 -0.1433187E+18  0.1901312E+17
  0.9647154E+18 -0.3940651E+18 -0.1891968E+18 -0.1417686E+18  0.2628196E+18 -0.5975274E+17
 -0.1210964E+19  0.1030524E+19 -0.2006942E+17 -0.1642506E+18 -0.7463230E+17  0.3136485E+17
  0.3513181E+18  0.1616903E+18 -0.2568511E+18  0.1860405E+17 -0.5910646E+17  0.4694641E+17
 -0.8819876E+18 -0.1563100E+17  0.4572375E+18  0.4310866E+17 -0.3745410E+17 -0.4928533E+17
  0.5535595E+18 -0.2351489E+18 -0.1692383E+18  0.2497246E+17  0.3594572E+17  0.1293520E+17
  0.8015136E+18 -0.1003751E+19  0.2636237E+18  0.3142544E+18 -0.1650706E+18  0.2167695E+17
  0.1132235E+19 -0.4304796E+18 -0.2280868E+18 -0.1743732E+18  0.3052070E+18 -0.6813102E+17
 -0.1421195E+19  0.1179303E+19 -0.1613734E+17 -0.1812158E+18 -0.8864777E+17  0.3578239E+17
  0.3998545E+18  0.1966936E+18 -0.2926152E+18  0.2418902E+17 -0.7197057E+17  0.5353424E+17
 -0.1003805E+19 -0.4248022E+17  0.5209756E+18  0.5027643E+17 -0.3699583E+17 -0.5623234E+17
  0.6299940E+18 -0.2565804E+18 -0.1929028E+18  0.2612466E+17  0.3928218E+17  0.1476660E+17
  0.9759988E+18 -0.1198156E+19  0.3111957E+18  0.3677204E+18 -0.1910152E+18  0.2480607E+17
  0.1333444E+19 -0.4673047E+18 -0.2770081E+18 -0.2155561E+18  0.3565024E+18 -0.7805272E+17
 -0.1675838E+19  0.1355119E+19 -0.9825438E+16 -0.2003919E+18 -0.1059127E+18  0.4102682E+17
  0.4554496E+18  0.2398952E+18 -0.3344485E+18  0.3158952E+17 -0.8808066E+17  0.6139856E+17
 -0.1144794E+19 -0.7847534E+17  0.5961222E+18  0.5873442E+17 -0.3558643E+17 -0.6454580E+17
  0.7193738E+18 -0.2802841E+18 -0.2209359E+18  0.2730124E+17  0.4304078E+17  0.1696359E+17
  0.1195452E+19 -0.1438462E+19  0.3691203E+18  0.4327179E+18 -0.2220774E+18  0.2849338E+17
  0.1575263E+19 -0.5026898E+18 -0.3387932E+18 -0.2677603E+18  0.4188580E+18 -0.8985082E+17
 -0.1985095E+19  0.1563436E+19 -0.2268462E+15 -0.2220794E+18 -0.1272605E+18  0.4727937E+17
  0.5189366E+18  0.2932250E+18 -0.3834487E+18  0.4142167E+17 -0.1083338E+18  0.7083374E+17
 -0.1307894E+19 -0.1263128E+18  0.6849796E+18  0.6870997E+17 -0.3284657E+17 -0.7454523E+17
  0.8240826E+18 -0.3064724E+18 -0.2542642E+18  0.2849390E+17  0.4727981E+17  0.1961280E+17
  0.1472640E+19 -0.1736861E+19  0.4399090E+18  0.5121222E+18 -0.2594188E+18  0.3285255E+17
  0.1866338E+19 -0.5340029E+18 -0.4171216E+18 -0.3341271E+18  0.4949941E+18 -0.1039370E+18
 -0.2362061E+19  0.1811226E+19  0.1386236E+17 -0.2466725E+18 -0.1537472E+18  0.5476480E+17
  0.5913222E+18  0.3590352E+18 -0.4409585E+18  0.5449916E+17 -0.1338691E+18  0.8220745E+17
 -0.1496770E+19 -0.1893384E+18  0.7904253E+18  0.8046903E+17 -0.2829398E+17 -0.8663084E+17
  0.9471653E+18 -0.3354646E+18 -0.2940559E+18  0.2970351E+17  0.5207399E+17  0.2282306E+17
  0.1824839E+19 -0.2109580E+19  0.5268196E+18  0.6096877E+18 -0.3045113E+18  0.3802239E+17
  0.2218200E+19 -0.5578717E+18 -0.5167976E+18 -0.4186519E+18  0.5883430E+18 -0.1208166E+18
 -0.2824336E+19  0.2107857E+19  0.3403053E+17 -0.2747547E+18 -0.1867054E+18  0.6376014E+17
  0.6740887E+18  0.4402079E+18 -0.5087044E+18  0.7186851E+17 -0.1661025E+18  0.9597408E+17
 -0.1716575E+19 -0.2715956E+18  0.9161760E+18  0.9433237E+17 -0.2135104E+17 -0.1012993E+18
  0.1092819E+19 -0.3678456E+18 -0.3418249E+18  0.3095443E+17  0.5752955E+17  0.2673001E+17
  0.2274755E+19 -0.2577583E+19  0.6339274E+18  0.7301813E+18 -0.3591597E+18  0.4416563E+17
  0.2645046E+19 -0.5692868E+18 -0.6441042E+18 -0.5265056E+18  0.7032259E+18 -0.1411043E+18
 -0.3394369E+19  0.2465023E+19  0.6245980E+17 -0.3070200E+18 -0.2278468E+18  0.7460670E+17
  0.7689035E+18  0.5402858E+18 -0.5887542E+18  0.9491072E+17 -0.2068501E+18  0.1127032E+18
 -0.1973457E+19 -0.3782894E+18  0.1066839E+19  0.1106902E+18 -0.1125129E+17 -0.1191801E+18
  0.1266262E+19 -0.4043088E+18 -0.3994822E+18  0.3227325E+17  0.6377596E+17  0.3150731E+17
  0.2851950E+19 -0.3167706E+19  0.7662721E+18  0.8796052E+18 -0.4255552E+18  0.5147118E+17
  0.3164112E+19 -0.5609269E+18 -0.8072230E+18 -0.6643676E+18  0.8450763E+18 -0.1655487E+18
 -0.4100538E+19  0.2897164E+19  0.1021394E+18 -0.3442653E+18 -0.2793777E+18  0.8772692E+17
  0.8776103E+18  0.6636138E+18 -0.6835884E+18  0.1254496E+18 -0.2584511E+18  0.1331152E+18
 -0.2274682E+19 -0.5161371E+18  0.1248142E+19  0.1300121E+18  0.3031882E+16 -0.1410797E+18
  0.1473940E+19 -0.4456452E+18 -0.4694514E+18  0.3368517E+17  0.7096925E+17  0.3738020E+17
  0.3595832E+19 -0.3914974E+19  0.9302185E+18  0.1065610E+19 -0.5063892E+18  0.6016038E+17
  0.3798155E+19 -0.5232773E+18 -0.1016785E+19 -0.8407078E+18  0.1020711E+19 -0.1950632E+18
 -0.4980474E+19  0.3423165E+19  0.1570823E+18 -0.3875478E+18 -0.3441205E+18  0.1036444E+18
  0.1002965E+19  0.8156219E+18 -0.7964583E+18  0.1658181E+18 -0.3238441E+18  0.1581176E+18
 -0.2630353E+19 -0.6935314E+18  0.1467574E+19  0.1528770E+18  0.2278545E+17 -0.1680275E+18
  0.1724575E+19 -0.4930230E+18 -0.5549214E+18  0.3523646E+17  0.7932070E+17  0.4463965E+17
  0.4557905E+19 -0.4864158E+19  0.1133602E+19  0.1297747E+19 -0.6048850E+18  0.7048482E+17
  0.4576157E+19 -0.4435453E+18 -0.1286535E+19 -0.1066270E+19  0.1238639E+19 -0.2307548E+18
 -0.6082784E+19  0.4066819E+19  0.2327283E+18 -0.4381204E+18 -0.4257047E+18  0.1230070E+18
  0.1148620E+19  0.1003137E+19 -0.9315180E+18  0.2190202E+18 -0.4067664E+18  0.1888626E+18
 -0.3053571E+19 -0.9212244E+18  0.1734764E+19  0.1799867E+18  0.4969591E+17 -0.2013517E+18
  0.2029455E+19 -0.5478834E+18 -0.6600426E+18  0.3697744E+17  0.8909445E+17  0.5366664E+17
  0.5805351E+19 -0.6072197E+19  0.1385987E+19  0.1587827E+19 -0.7248472E+18  0.8272365E+17
  0.5535633E+19 -0.3049473E+18 -0.1634207E+19 -0.1354574E+19  0.1509431E+19 -0.2739580E+18
 -0.7470534E+19  0.4858122E+19  0.3364601E+18 -0.4974406E+18 -0.5288011E+18  0.1466155E+18
  0.1319612E+19  0.1234879E+19 -0.1094189E+19  0.2888966E+18 -0.5119652E+18  0.2268184E+18
 -0.3561726E+19 -0.1213028E+19  0.2062229E+19  0.2121831E+18  0.8598195E+17 -0.2427752E+18
  0.2403338E+19 -0.6119939E+18 -0.7902646E+18  0.3896003E+17  0.1006178E+18  0.6496361E+17
  0.7425506E+19 -0.7610937E+19  0.1698918E+19  0.1950250E+19 -0.8706720E+18  0.9717599E+17
  0.6726091E+19 -0.8609319E+17 -0.2082582E+19 -0.1722432E+19  0.1846108E+19 -0.3262650E+18
 -0.9225900E+19  0.5834814E+19  0.4782906E+18 -0.5671520E+18 -0.6594052E+18  0.1754526E+18
  0.1523139E+19  0.1522183E+19 -0.1291697E+19  0.3803069E+18 -0.6454433E+18  0.2738558E+18
 -0.4178452E+19 -0.1586700E+19  0.2466392E+19  0.2504502E+18  0.1345666E+18 -0.2945380E+18
  0.2865705E+19 -0.6874958E+18 -0.9527874E+18  0.4123336E+17  0.1142891E+18  0.7919552E+17
  0.9529519E+19 -0.9568802E+19  0.2085907E+19  0.2402062E+19 -0.1047253E+19  0.1141456E+18
  0.8211715E+19  0.2403400E+18 -0.2660671E+19 -0.2190554E+19  0.2264555E+19 -0.3895566E+18
 -0.1145374E+20  0.7042833E+19  0.6717886E+18 -0.6488406E+18 -0.8251963E+18  0.2107177E+18
  0.1769037E+19  0.1879881E+19 -0.1533591E+19  0.4994178E+18 -0.8148414E+18  0.3323703E+18
 -0.4934923E+19 -0.2065249E+19  0.2968605E+19  0.2958543E+18  0.1994059E+18 -0.3595693E+18
  0.3441628E+19 -0.7766546E+18 -0.1157054E+19  0.4381592E+17  0.1305532E+18  0.9724852E+17
  0.1225756E+20 -0.1205311E+20  0.2562517E+19  0.2963018E+19 -0.1259888E+19  0.1339274E+18
  0.1007699E+20  0.7083948E+18 -0.3405277E+19 -0.2784199E+19  0.2784046E+19 -0.4660492E+18
 -0.1428774E+20  0.8537490E+19  0.9352781E+18 -0.7437730E+18 -0.1035991E+19  0.2538721E+18
  0.2071085E+19  0.2327728E+19 -0.1832719E+19  0.6540432E+18 -0.1029912E+19  0.4054470E+18
 -0.5873005E+19 -0.2678554E+19  0.3596876E+19  0.3494431E+18  0.2858951E+18 -0.4417202E+18
  0.4163540E+19 -0.8816672E+18 -0.1415506E+19  0.4667524E+17  0.1498730E+18  0.1203097E+18
  0.1578438E+20 -0.1519167E+20  0.3146281E+19  0.3655303E+19 -0.1514068E+19  0.1567860E+18
  0.1243413E+20  0.1359687E+19 -0.4362804E+19 -0.3533776E+19  0.3427707E+19 -0.5583240E+18
 -0.1789727E+20  0.1038393E+20  0.1293373E+19 -0.8524057E+18 -0.1304235E+19  0.3066765E+18
  0.2448743E+19  0.2892337E+19 -0.2206502E+19  0.8540722E+18 -0.1303107E+19  0.4970561E+18
 -0.7049278E+19 -0.3465453E+19  0.4387954E+19  0.4120329E+18  0.4014400E+18 -0.5460464E+18
  0.5073248E+19 -0.1004217E+19 -0.1744496E+19  0.4969461E+17  0.1726559E+18  0.1499663E+18
  0.2032083E+20 -0.1913098E+20  0.3856097E+19  0.4502702E+19 -0.1815156E+19  0.1829340E+18
  0.1542691E+20  0.2246734E+19 -0.5591291E+19 -0.4475896E+19  0.4223130E+19 -0.6693816E+18
 -0.2248966E+20  0.1265411E+20  0.1778902E+19 -0.9733144E+18 -0.1645630E+19  0.3712415E+18
  0.2927903E+19  0.3609289E+19 -0.2677964E+19  0.1112312E+19 -0.1650592E+19  0.6123405E+18
 -0.8536710E+19 -0.4476829E+19  0.5389199E+19  0.4837600E+18  0.5564920E+18 -0.6792126E+18
  0.6222493E+19 -0.1144192E+19 -0.2165167E+19  0.5259847E+17  0.1990654E+18  0.1883469E+18
  0.2611744E+20 -0.2403541E+20  0.4711946E+19  0.5529840E+19 -0.2168160E+19  0.2125250E+18
  0.1923828E+20  0.3436864E+19 -0.7163166E+19 -0.5654758E+19  0.5203176E+19 -0.8027142E+18
 -0.2831499E+20  0.1542376E+20  0.2435231E+19 -0.1101979E+19 -0.2079811E+19  0.4500816E+18
  0.3542761E+19  0.4526148E+19 -0.3277381E+19  0.1445625E+19 -0.2093552E+19  0.7579698E+18
 -0.1042851E+20 -0.5779566E+19  0.6661291E+19  0.5634364E+18  0.7658702E+18 -0.8499869E+18
  0.7674361E+19 -0.1298190E+19 -0.2704627E+19  0.5490023E+17  0.2287565E+18  0.2382937E+18
  0.3346773E+20 -0.3008561E+20  0.5734614E+19  0.6761318E+19 -0.2577548E+19  0.2456531E+18
  0.2409646E+20  0.5019392E+19 -0.9168603E+19 -0.7124163E+19  0.6406871E+19 -0.9623769E+18
 -0.3566891E+20  0.1876687E+20  0.3318967E+19 -0.1229171E+19 -0.2631027E+19  0.5461582E+18
  0.4337307E+19  0.5705954E+19 -0.4043842E+19  0.1876620E+19 -0.2659943E+19  0.9425583E+18
 -0.1284064E+20 -0.7461789E+19  0.8280839E+19  0.6475673E+18  0.1050609E+19 -0.1069822E+19
  0.9503716E+19 -0.1457282E+19 -0.3397067E+19  0.5586419E+17  0.2604499E+18  0.3035672E+18
  0.4270836E+20 -0.3747598E+20  0.6945476E+19  0.8221159E+19 -0.3047278E+19  0.2823782E+18
  0.3027230E+20  0.7120055E+19 -0.1171969E+20 -0.8951150E+19  0.7880838E+19 -0.1153115E+19
 -0.4488784E+20  0.2274569E+20  0.4503024E+19 -0.1338813E+19 -0.3328939E+19  0.6629422E+18
  0.5364360E+19  0.7230548E+19 -0.5025925E+19  0.2436490E+19 -0.3387189E+19  0.1177211E+19
 -0.1590857E+20 -0.9640010E+19  0.1034193E+20  0.7288459E+18  0.1440725E+19 -0.1353590E+19
  0.1179463E+20 -0.1603599E+19 -0.4284521E+19  0.5450632E+17  0.2912618E+18  0.3890990E+18
  0.5422404E+20 -0.4641701E+20  0.8367098E+19  0.9933504E+19 -0.3581213E+19  0.3227734E+18
  0.3807100E+20  0.9922468E+19 -0.1495588E+20 -0.1122130E+20  0.9681223E+19 -0.1380512E+19
 -0.5634282E+20  0.2740027E+20  0.6079995E+19 -0.1405976E+19 -0.4209440E+19  0.8044756E+18
  0.6682465E+19  0.9203651E+19 -0.6281447E+19  0.3169010E+19 -0.4325668E+19  0.1476124E+19
 -0.1977930E+20 -0.1246768E+20  0.1295660E+20  0.7941245E+18  0.1978741E+19 -0.1720384E+19
  0.1463610E+20 -0.1706630E+19 -0.5417222E+19  0.4975005E+17  0.3158354E+18  0.5012657E+18
  0.6846261E+20 -0.5714592E+20  0.1002470E+20  0.1192496E+20 -0.4183823E+19  0.3669691E+18
  0.4781739E+20  0.1369796E+20 -0.1905101E+20 -0.1404580E+20  0.1187601E+20 -0.1651089E+19
 -0.7043464E+20  0.3273927E+20  0.8166100E+19 -0.1395320E+19 -0.5315530E+19  0.9754040E+18
  0.8349459E+19  0.1175296E+20 -0.7875623E+19  0.4135956E+19 -0.5542985E+19  0.1857169E+19
 -0.2459738E+20 -0.1614446E+20  0.1625337E+20  0.8217380E+18  0.2723951E+19 -0.2194298E+19
  0.1811587E+20 -0.1719788E+19 -0.6853294E+19  0.4081604E+17  0.3253008E+18  0.6481560E+18
  0.8596036E+20 -0.6994711E+20  0.1194824E+20  0.1422923E+20 -0.4861222E+19  0.4151925E+18
  0.5982674E+20  0.1884725E+20 -0.2422257E+20 -0.1757140E+20  0.1454829E+20 -0.1972399E+19
 -0.8758731E+20  0.3873267E+20  0.1090620E+20 -0.1260108E+19 -0.6698626E+19  0.1181016E+19
  0.1040956E+20  0.1502906E+20 -0.9876118E+19  0.5424646E+19 -0.7129445E+19  0.2342503E+19
 -0.3047953E+20 -0.2092500E+20  0.2037233E+20  0.7780414E+18  0.3757627E+19 -0.2805246E+19
  0.2231126E+20 -0.1577899E+19 -0.8657508E+19  0.2789807E+17  0.3061385E+18  0.8398500E+18
  0.1073870E+21 -0.8518611E+20  0.1417453E+20  0.1689375E+20 -0.5622064E+19  0.4677411E+18
  0.7436766E+20  0.2595144E+20 -0.3074363E+20 -0.2199243E+20  0.1780002E+20 -0.2352921E+19
 -0.1082497E+21  0.4531067E+20  0.1448085E+20 -0.9421759E+18 -0.8420402E+19  0.1427197E+19
  0.1287528E+20  0.1919944E+20 -0.1234477E+20  0.7157482E+19 -0.9204172E+19  0.2959029E+19
 -0.3748255E+20 -0.2712420E+20  0.2545695E+20  0.6132663E+18  0.5188604E+19 -0.3589681E+19
  0.2727982E+20 -0.1197263E+19 -0.1089939E+20  0.1313645E+17  0.2391774E+18  0.1088686E+19
  0.1336154E+21 -0.1033560E+21  0.1674802E+20  0.1998732E+20 -0.6477577E+19  0.5248202E+18
  0.9162492E+20  0.3583001E+20 -0.3895806E+20 -0.2756388E+20  0.2175514E+20 -0.2801487E+19
 -0.1329136E+21  0.5237028E+20  0.1911695E+20 -0.3727456E+18 -0.1055517E+20  0.1720170E+19
  0.1570763E+20  0.2443534E+20 -0.1532635E+20  0.9503117E+19 -0.1192110E+20  0.3738580E+19
 -0.4557182E+20 -0.3511612E+20  0.3164350E+20  0.2570208E+18  0.7158591E+19 -0.4591129E+19
  0.3305385E+20 -0.4793430E+18 -0.1365140E+20  0.1737843E+16  0.9898547E+17  0.1409523E+19
  0.1658125E+21 -0.1251307E+21  0.1971841E+20  0.2360754E+20 -0.7440270E+19  0.5862282E+18
  0.1116617E+21  0.4960764E+20 -0.4929981E+20 -0.3461608E+20  0.2656221E+20 -0.3326144E+19
 -0.1621486E+21  0.5978718E+20  0.2510403E+20  0.5266427E+18 -0.1319333E+20  0.2065960E+19
  0.1879886E+20  0.3089003E+20 -0.1883534E+20  0.1268952E+20 -0.1547499E+20  0.4717974E+19
 -0.5459722E+20 -0.4532665E+20  0.3905073E+20 -0.3861120E+18  0.9847374E+19 -0.5860926E+19
  0.3964144E+20  0.6824415E+18 -0.1698882E+20  0.2937118E+16 -0.1462343E+18  0.1820191E+19
  0.2055459E+21 -0.1514148E+21  0.2313211E+20  0.2788484E+20 -0.8520103E+19  0.6508210E+18
  0.1343970E+21  0.6878419E+20 -0.6231506E+20 -0.4356746E+20  0.3239350E+20 -0.3932006E+19
 -0.1966603E+21  0.6742924E+20  0.3281767E+20  0.1843615E+19 -0.1644508E+20  0.2469335E+19
  0.2196902E+20  0.3867083E+20 -0.2284487E+20  0.1701753E+20 -0.2010628E+20  0.5938911E+19
 -0.6429359E+20 -0.5822262E+20  0.4777520E+20 -0.1440239E+19  0.1347774E+20 -0.7459378E+19
  0.4703972E+20  0.2394521E+19 -0.2099334E+20  0.3047281E+17 -0.5343249E+18  0.2342278E+19
  0.2548657E+21 -0.1833583E+21  0.2701369E+20  0.3297842E+20 -0.9717243E+19  0.7158075E+18
  0.1595891E+21  0.9529485E+20 -0.7867842E+20 -0.5492912E+20  0.3943673E+20 -0.4617852E+19
 -0.2373467E+21  0.7516105E+20  0.4274719E+20  0.3674946E+19 -0.2044290E+20  0.2932031E+19
  0.2498245E+20  0.4780851E+20 -0.2728094E+20  0.2287259E+20 -0.2610355E+20  0.7447726E+19
 -0.7430961E+20 -0.7430111E+20  0.5789480E+20 -0.3060510E+19  0.1832044E+20 -0.9457628E+19
  0.5525798E+20  0.4757004E+19 -0.2576131E+20  0.1023793E+18 -0.1108859E+19  0.3002484E+19
  0.3163587E+21 -0.2223310E+21  0.3133852E+20  0.3906253E+20 -0.1101206E+20  0.7760989E+18
  0.1868753E+21  0.1315431E+21 -0.9920418E+20 -0.6929754E+20  0.4787967E+20 -0.5372034E+19
 -0.2853799E+21  0.8284361E+20  0.5552940E+20  0.6126930E+19 -0.2534300E+20  0.3450474E+19
  0.2759715E+20  0.5824649E+20 -0.3203409E+20  0.3073373E+20 -0.3380554E+20  0.9296093E+19
 -0.8428797E+20 -0.9409886E+20  0.6949528E+20 -0.5434635E+19  0.2470232E+20 -0.1194182E+20
  0.6435865E+20  0.7864411E+19 -0.3142127E+20  0.2402512E+18 -0.1919787E+19  0.3835134E+19
  0.3930933E+21 -0.2698112E+21  0.3599737E+20  0.4629822E+20 -0.1235393E+20  0.8241114E+18
  0.2158706E+21  0.1803680E+21 -0.1248396E+21 -0.8732551E+20  0.5788650E+20 -0.6168637E+19
 -0.3422698E+21  0.9031915E+20  0.7198055E+20  0.9315665E+19 -0.3132419E+20  0.4013357E+19
  0.2963680E+20  0.6986742E+20 -0.3699235E+20  0.4117732E+20 -0.4360390E+20  0.1154337E+20
 -0.9398023E+20 -0.1182303E+21  0.8272006E+20 -0.8785384E+19  0.3302054E+20 -0.1502039E+20
  0.7450436E+20  0.1181742E+20 -0.3815977E+20  0.4686013E+18 -0.3026332E+19  0.4886183E+19
  0.4884182E+21 -0.3271814E+21  0.4076463E+20  0.5479303E+20 -0.1365370E+20  0.8505799E+18
  0.2463705E+21  0.2449093E+21 -0.1566413E+21 -0.1096689E+21  0.6957306E+20 -0.6965896E+19
 -0.4099096E+21  0.9738606E+20  0.9312112E+20  0.1336711E+20 -0.3858492E+20  0.4599920E+19
  0.3106888E+20  0.8258163E+20 -0.4210002E+20  0.5487585E+20 -0.5595129E+20  0.1426195E+20
 -0.1033844E+21 -0.1474643E+21  0.9784642E+20 -0.1337721E+20  0.4376704E+20 -0.1883572E+20
  0.8600515E+20  0.1674700E+20 -0.4625460E+20  0.8152479E+18 -0.4503370E+19  0.6219071E+19
  0.6056571E+21 -0.3955001E+21  0.4529414E+20  0.6456637E+20 -0.1478876E+20  0.8468319E+18
  0.2786719E+21  0.3284149E+21 -0.1957675E+21 -0.1369370E+21  0.8300386E+20 -0.7709887E+19
 -0.4906189E+21  0.1037710E+21  0.1202002E+21  0.1842092E+20 -0.4734550E+20  0.5180580E+19
  0.3205527E+20  0.9648670E+20 -0.4743503E+20  0.7260649E+20 -0.7138996E+20  0.1754845E+20
 -0.1128705E+21 -0.1828502E+21  0.1153857E+21 -0.1953421E+20  0.5757321E+20 -0.2358301E+20
  0.9935773E+20  0.2285120E+20 -0.5611521E+20  0.1313881E+19 -0.6452943E+19  0.7923180E+19
  0.7478066E+21 -0.4753628E+21  0.4916199E+20  0.7554420E+20 -0.1562555E+20  0.8079966E+18
  0.3139039E+21  0.4341134E+21 -0.2435197E+21 -0.1696887E+21  0.9822857E+20 -0.8343855E+19
 -0.5871700E+21  0.1090937E+21  0.1547261E+21  0.2464240E+20 -0.5786087E+20  0.5720400E+19
  0.3294156E+20  0.1120532E+21 -0.5327630E+20  0.9528940E+20 -0.9061170E+20  0.2154091E+20
 -0.1232370E+21 -0.2258726E+21  0.1361808E+21 -0.2767609E+20  0.7528052E+20 -0.2953613E+20
  0.1152599E+21  0.3043839E+20 -0.6832204E+20  0.2009578E+19 -0.9021403E+19  0.1012472E+20
  0.9174407E+21 -0.5670079E+21  0.5195382E+20  0.8760729E+20 -0.1605457E+20  0.7355241E+18
  0.3541265E+21  0.5653596E+21 -0.3014590E+21 -0.2085211E+21  0.1153605E+21 -0.8819578E+19
 -0.7027666E+21  0.1128196E+21  0.1985117E+21  0.3224478E+20 -0.7044680E+20  0.6184184E+19
  0.3417267E+20  0.1302325E+21 -0.6011583E+20  0.1240794E+21 -0.1145511E+21  0.2643862E+20
 -0.1356318E+21 -0.2785859E+21  0.1614528E+21 -0.3837419E+20  0.9803556E+20 -0.3707689E+20
  0.1345812E+21  0.3996515E+20 -0.8365195E+20  0.2967008E+19 -0.1242062E+20  0.1299894E+20
  0.1117125E+22 -0.6707932E+21  0.5335339E+20  0.1006967E+21 -0.1601839E+20  0.6370334E+18
  0.4019645E+21  0.7262610E+21 -0.3715921E+21 -0.2542795E+21  0.1346705E+21 -0.9102754E+19
 -0.8410185E+21  0.1142114E+21  0.2537610E+21  0.4151883E+20 -0.8551911E+20  0.6539340E+19
  0.3615876E+20  0.1523738E+21 -0.6858015E+20  0.1605267E+21 -0.1444991E+21  0.3251797E+20
 -0.1513078E+21 -0.3436869E+21  0.1927557E+21 -0.5242168E+20  0.1274008E+21 -0.4672126E+20
  0.1582885E+21  0.5205495E+20 -0.1030807E+21  0.4279714E+19 -0.1694963E+20  0.1678208E+20
  0.1350236E+22 -0.7878361E+21  0.5314634E+20  0.1149217E+21 -0.1550492E+20  0.5229702E+18
  0.4596686E+21  0.9226201E+21 -0.4564998E+21 -0.3082887E+21  0.1566152E+21 -0.9162130E+19
 -0.1005835E+22  0.1122922E+21  0.3231687E+21  0.5284879E+20 -0.1036214E+21  0.6749662E+19
  0.3912189E+20  0.1798732E+21 -0.7924427E+20  0.2067537E+21 -0.1821732E+21  0.4012878E+20
 -0.1712111E+21 -0.4244291E+21  0.2317789E+21 -0.7088603E+20  0.1654347E+21 -0.5912505E+20
  0.1873199E+21  0.6747238E+20 -0.1277425E+21  0.6075864E+19 -0.2300634E+20  0.2177846E+20
  0.1621819E+22 -0.9204276E+21  0.5108256E+20  0.1305921E+21 -0.1449539E+20  0.4022377E+18
  0.5278911E+21  0.1162723E+22 -0.5592489E+21 -0.3724457E+21  0.1817240E+21 -0.8938278E+19
 -0.1201218E+22  0.1058487E+21  0.4099835E+21  0.6668839E+20 -0.1254077E+21  0.6754561E+19
  0.4295624E+20  0.2136081E+21 -0.9236885E+20  0.2655518E+21 -0.2296609E+21  0.4965521E+20
 -0.1954941E+21 -0.5243136E+21  0.2799878E+21 -0.9509691E+20  0.2146743E+21 -0.7504783E+20
  0.2224238E+21  0.8703269E+20 -0.1588350E+21  0.8513804E+19 -0.3107546E+20  0.2835642E+20
  0.1939055E+22 -0.1071922E+22  0.4663260E+20  0.1481412E+21 -0.1288939E+20  0.2803683E+18
  0.6048070E+21  0.1457467E+22 -0.6830378E+21 -0.4490549E+21  0.2103395E+21 -0.8300681E+19
 -0.1431089E+22  0.9353204E+20  0.5180006E+21  0.8348075E+20 -0.1515651E+21  0.6435653E+19
  0.4716104E+20  0.2533688E+21 -0.1076567E+21  0.3403008E+21 -0.2891883E+21  0.6143820E+20
 -0.2231841E+21 -0.6466212E+21  0.3382043E+21 -0.1265260E+21  0.2779734E+21 -0.9526808E+20
  0.2640482E+21  0.1114525E+21 -0.1975012E+21  0.1176080E+20 -0.4168180E+20  0.3693145E+20
  0.2310853E+22 -0.1245970E+22  0.3876710E+20  0.1679512E+21 -0.1045126E+20  0.1625902E+18
  0.6862854E+21  0.1819428E+22 -0.8306377E+21 -0.5403800E+21  0.2422977E+21 -0.7015717E+19
 -0.1699297E+22  0.7407937E+20  0.6514550E+21  0.1035326E+21 -0.1826904E+21  0.5583998E+19
  0.5095387E+20  0.2976435E+21 -0.1241977E+21  0.4346658E+21 -0.3627460E+21  0.7568151E+20
 -0.2523316E+21 -0.7940149E+21  0.4063756E+21 -0.1665571E+21  0.3582186E+21 -0.1204739E+21
  0.3123965E+21  0.1412013E+21 -0.2447661E+21  0.1595552E+20 -0.5531636E+20  0.4794422E+20
  0.2746846E+22 -0.1445625E+22  0.2592383E+20  0.1902030E+21 -0.6821669E+19  0.6116514E+17
  0.7673299E+21  0.2261348E+22 -0.1003998E+22 -0.6481905E+21  0.2767713E+21 -0.4754786E+19
 -0.2010077E+22  0.4663494E+20  0.8149437E+21  0.1269144E+21 -0.2192184E+21  0.3890345E+19
  0.5358829E+20  0.3440559E+21 -0.1407388E+21  0.5522403E+21 -0.4517967E+21  0.9240554E+20
 -0.2807569E+21 -0.9686450E+21  0.4838276E+21 -0.2162550E+21  0.4581189E+21 -0.1512116E+21
  0.3677316E+21  0.1764687E+21 -0.3016488E+21  0.2117114E+20 -0.7237827E+20  0.6186032E+20
  0.3256689E+22 -0.1673124E+22  0.6205954E+19  0.2148918E+21 -0.1594154E+19  0.2956520E+16
  0.8441921E+21  0.2795304E+22 -0.1204520E+22 -0.7737475E+21  0.3124877E+21 -0.1148435E+19
 -0.2369155E+22  0.1102437E+20  0.1013669E+22  0.1534962E+21 -0.2615354E+21  0.9679760E+18
  0.5470744E+20  0.3904024E+21 -0.1562209E+21  0.6964960E+21 -0.5574106E+21  0.1115249E+21
 -0.3070638E+21 -0.1173080E+22  0.5700941E+21 -0.2763421E+21  0.5804014E+21 -0.1880010E+21
  0.4308745E+21  0.2173518E+21 -0.3695299E+21  0.2741041E+20 -0.9320345E+20  0.7922976E+20
  0.3850339E+22 -0.1930605E+22 -0.2234215E+20  0.2420070E+21  0.5601308E+19  0.3241090E+17
  0.9161591E+21  0.3433583E+22 -0.1434207E+22 -0.9184031E+21  0.3482693E+21  0.4153385E+19
 -0.2785277E+22 -0.3232031E+20  0.1254218E+22  0.1831671E+21 -0.3102941E+21 -0.3615445E+19
  0.5449828E+20  0.4358237E+21 -0.1703131E+21  0.8713223E+21 -0.6809984E+21  0.1330618E+21
 -0.3313678E+21 -0.1411898E+22  0.6660348E+21 -0.3475545E+21  0.7286154E+21 -0.2316557E+21
  0.5037069E+21  0.2642545E+21 -0.4507183E+21  0.3465828E+20 -0.1182278E+21  0.1008260E+21
  0.4539139E+22 -0.2221235E+22 -0.6162846E+20  0.2717412E+21  0.1507899E+20  0.2091843E+18
  0.9857702E+21  0.4191002E+22 -0.1697025E+22 -0.1084451E+22  0.3834953E+21  0.1147493E+20
 -0.3271238E+22 -0.8285557E+20  0.1545589E+22  0.2161095E+21 -0.3667388E+21 -0.1034158E+20
  0.5352021E+20  0.4812726E+21 -0.1835458E+21  0.1081943E+22 -0.8252541E+21  0.1573660E+21
 -0.3552093E+21 -0.1692991E+22  0.7745065E+21 -0.4312194E+21  0.9082022E+21 -0.2836466E+21
  0.5893737E+21  0.3182668E+21 -0.5489307E+21  0.4296670E+20 -0.1482136E+21  0.1278157E+21
  0.5337052E+22 -0.2549903E+22 -0.1136957E+21  0.3045691E+21  0.2716041E+20  0.6055175E+18
  0.1057261E+22  0.5087184E+22 -0.1999472E+22 -0.1275596E+22  0.4180808E+21  0.2117752E+20
 -0.3843772E+22 -0.1404963E+21  0.1899876E+22  0.2529150E+21 -0.4327979E+21 -0.1980052E+20
  0.5236037E+20  0.5288976E+21 -0.1969305E+21  0.1335612E+22 -0.9946080E+21  0.1851669E+21
 -0.3807223E+21 -0.2027723E+22  0.9000856E+21 -0.5296290E+21  0.1127140E+22 -0.3462542E+21
  0.6920761E+21  0.3812488E+21 -0.6694069E+21  0.5250530E+20 -0.1843804E+21  0.1618701E+21
  0.6260852E+22 -0.2922711E+22 -0.1810218E+21  0.3410973E+21  0.4225259E+20  0.1308484E+19
  0.1134391E+22  0.6146639E+22 -0.2349579E+22 -0.1496499E+22  0.4519035E+21  0.3372995E+20
 -0.4522149E+22 -0.2057359E+21  0.2331939E+22  0.2943922E+21 -0.5108087E+21 -0.3276691E+20
  0.5138452E+20  0.5808361E+21 -0.2113721E+21  0.1641402E+22 -0.1194645E+22  0.2173716E+21
 -0.4096796E+21 -0.2429713E+22  0.1047953E+22 -0.6457949E+21  0.1395547E+22 -0.4223307E+21
  0.8165755E+21  0.4554968E+21 -0.8185579E+21  0.6352057E+20 -0.2283013E+21  0.2051363E+21
  0.7329584E+22 -0.3345876E+22 -0.2666464E+21  0.3818390E+21  0.6086058E+20  0.2425113E+19
  0.1218620E+22  0.7396811E+22 -0.2754723E+22 -0.1751767E+22  0.4840858E+21  0.4970447E+20
 -0.5326209E+22 -0.2790333E+21  0.2858099E+22  0.3411598E+21 -0.6030444E+21 -0.5022580E+20
  0.5065210E+20  0.6380209E+21 -0.2271581E+21  0.2009150E+22 -0.1430657E+22  0.2546824E+21
 -0.4427691E+21 -0.2912846E+22  0.1222378E+22 -0.7825713E+21  0.1724286E+22 -0.5147073E+21
  0.9676028E+21  0.5430832E+21 -0.1003251E+22  0.7620361E+20 -0.2815455E+21  0.2600529E+21
  0.8564022E+22 -0.3825371E+22 -0.3740771E+21  0.4271785E+21  0.8354623E+20  0.4084928E+19
  0.1307656E+22  0.8866185E+22 -0.3219680E+22 -0.2045397E+22  0.5126875E+21  0.6969418E+20
 -0.6274860E+22 -0.3597116E+21  0.3494751E+22  0.3933316E+21 -0.7114460E+21 -0.7333246E+20
  0.4991710E+20  0.6991940E+21 -0.2436290E+21  0.2448420E+22 -0.1706268E+22  0.2972684E+21
 -0.4790599E+21 -0.3489576E+22  0.1425415E+22 -0.9416665E+21  0.2123458E+22 -0.6255736E+21
  0.1149398E+22  0.6451924E+21 -0.1230097E+22  0.9054162E+20 -0.3452456E+21  0.3291154E+21
  0.9988564E+22 -0.4368334E+22 -0.5073528E+21  0.4776048E+21  0.1109412E+21  0.6442539E+19
  0.1395882E+22  0.1058629E+23 -0.3747416E+22 -0.2381615E+22  0.5350748E+21  0.9427160E+20
 -0.7388126E+22 -0.4454388E+21  0.4259264E+22  0.4506671E+21 -0.8379884E+21 -0.1034059E+21
  0.4876792E+20  0.7610345E+21 -0.2593698E+21  0.2969030E+22 -0.2023763E+22  0.3448615E+21
 -0.5162379E+21 -0.4172014E+22  0.1657294E+22 -0.1123644E+22  0.2602804E+22 -0.7565527E+21
  0.1366173E+22  0.7622094E+21 -0.1505808E+22  0.1063122E+21 -0.4200571E+21  0.4149289E+21
  0.1163243E+23 -0.4983709E+22 -0.6712527E+21  0.5337956E+21  0.1437932E+21  0.9683709E+19
  0.1477558E+22  0.1259426E+23 -0.4341749E+22 -0.2765698E+22  0.5484304E+21  0.1240409E+21
 -0.8691130E+22 -0.5329242E+21  0.5172558E+22  0.5129846E+21 -0.9852348E+21 -0.1420068E+21
  0.4692010E+20  0.8199676E+21 -0.2730383E+21  0.3582403E+22 -0.2385785E+22  0.3972173E+21
 -0.5519764E+21 -0.4975211E+22  0.1918620E+22 -0.1328936E+22  0.3173857E+22 -0.9094995E+21
  0.1623387E+22  0.8945978E+21 -0.1838652E+22  0.1232462E+21 -0.5066117E+21  0.5206151E+21
  0.1352930E+23 -0.5681327E+22 -0.8712305E+21  0.5964367E+21  0.1829269E+21  0.1402591E+20
  0.1551633E+22  0.1493370E+23 -0.5009993E+22 -0.3203941E+22  0.5501040E+21  0.1597028E+21
 -0.1021751E+23 -0.6194564E+21  0.6261513E+22  0.5805008E+21 -0.1156597E+22 -0.1910151E+21
  0.4448796E+20  0.8750313E+21 -0.2844253E+21  0.4302736E+22 -0.2797173E+22  0.4546047E+21
 -0.5859073E+21 -0.5920630E+22  0.2213135E+22 -0.1559168E+22  0.3852406E+22 -0.1087475E+22
  0.1929102E+22  0.1043995E+22 -0.2240165E+22  0.1412477E+21 -0.6061680E+21  0.6503464E+21
  0.1571617E+23 -0.6470910E+22 -0.1113012E+22  0.6660765E+21  0.2291335E+21  0.1970575E+20
  0.1623187E+22  0.1765430E+23 -0.5763440E+22 -0.3703247E+22  0.5377076E+21  0.2020469E+21
 -0.1200918E+23 -0.7038776E+21  0.7559215E+22  0.6538741E+21 -0.1356188E+22 -0.2526124E+21
  0.4191126E+20  0.9289364E+21 -0.2946599E+21  0.5147322E+22 -0.3265475E+22  0.5179064E+21
 -0.6201622E+21 -0.7036771E+22  0.2548449E+22 -0.1817702E+22  0.4659290E+22 -0.1295042E+22
  0.2294140E+22  0.1213506E+22 -0.2725637E+22  0.1604738E+21 -0.7208753E+21  0.8095733E+21
  0.1823470E+23 -0.7362832E+22 -0.1402525E+22  0.7432437E+21  0.2831567E+21  0.2696886E+20
  0.1698207E+22  0.2081289E+23 -0.6614830E+22 -0.4271149E+22  0.5086885E+21  0.2518788E+21
 -0.1411271E+23 -0.7857620E+21  0.9102942E+22  0.7338701E+21 -0.1588432E+22 -0.3292047E+21
  0.3953874E+20  0.9851231E+21 -0.3049802E+21  0.6136181E+22 -0.3799350E+22  0.5881126E+21
 -0.6571621E+21 -0.8355989E+22  0.2933103E+22 -0.2108641E+22  0.5618543E+22 -0.1537322E+22
  0.2730626E+22  0.1406646E+22 -0.3312576E+22  0.1811537E+21 -0.8532146E+21  0.1004638E+22
  0.2113221E+23 -0.8368836E+22 -0.1746136E+22  0.8285622E+21  0.3457547E+21  0.3607040E+20
  0.1776628E+22  0.2447321E+23 -0.7574191E+22 -0.4915633E+22  0.4596077E+21  0.3098918E+21
 -0.1657483E+23 -0.8633828E+21  0.1093092E+23  0.8208335E+21 -0.1857587E+22 -0.4233147E+21
  0.3734116E+20  0.1043544E+22 -0.3153033E+21  0.7290777E+22 -0.4405766E+22  0.6655935E+21
 -0.6967394E+21 -0.9909870E+22  0.3372289E+22 -0.2434890E+22  0.6754006E+22 -0.1818412E+22
  0.3250072E+22  0.1625695E+22 -0.4018225E+22  0.2032942E+21 -0.1004964E+22  0.1241983E+22
  0.2446391E+23 -0.9502431E+22 -0.2150906E+22  0.9227492E+21  0.4177346E+21  0.4727780E+20
  0.1854078E+22  0.2870819E+23 -0.8649937E+22 -0.5645446E+22  0.3862378E+21  0.3766752E+21
 -0.1944553E+23 -0.9337632E+21  0.1308388E+23  0.9148113E+21 -0.2167972E+22 -0.5375987E+21
  0.3512935E+20  0.1101518E+22 -0.3246934E+21  0.8634812E+22 -0.5090551E+22  0.7502686E+21
 -0.7368718E+21 -0.1173119E+23  0.3868787E+22 -0.2798441E+22  0.8090235E+22 -0.2141598E+22
  0.3864148E+22  0.1872046E+22 -0.4860226E+22  0.2267354E+21 -0.1177306E+22  0.1528267E+22
  0.2829255E+23 -0.1077791E+23 -0.2624420E+22  0.1026447E+22  0.4998798E+21  0.6086036E+20
  0.1930218E+22  0.3360186E+23 -0.9854085E+22 -0.6470258E+22  0.2843729E+21  0.4528808E+21
 -0.2278466E+23 -0.9953341E+21  0.1560974E+23  0.1016206E+22 -0.2524498E+22 -0.6749682E+21
  0.3292158E+20  0.1158760E+22 -0.3330865E+21  0.1019639E+23 -0.5861920E+22  0.8425067E+21
 -0.7772252E+21 -0.1386022E+23  0.4428244E+22 -0.3202851E+22  0.9657199E+22 -0.2511324E+22
  0.4587257E+22  0.2148276E+22 -0.5859933E+22  0.2515168E+21 -0.1372144E+22  0.1871424E+22
  0.3268894E+23 -0.1221001E+23 -0.3174573E+22  0.1140173E+22  0.5928847E+21  0.7707432E+20
  0.2011079E+22  0.3925145E+23 -0.1120425E+23 -0.7400766E+22  0.1500916E+21  0.5393062E+21
 -0.2666374E+23 -0.1049478E+22  0.1856548E+23  0.1126018E+22 -0.2932734E+22 -0.8386214E+21
  0.3093123E+20  0.1218961E+22 -0.3416482E+21  0.1200943E+23 -0.6731964E+22  0.9434114E+21
 -0.8201990E+21 -0.1634697E+23  0.5060981E+22 -0.3654444E+22  0.1149247E+23 -0.2934010E+22
  0.5437274E+22  0.2458956E+22 -0.7043714E+22  0.2780098E+21 -0.1592726E+22  0.2281194E+22
  0.3773419E+23 -0.1381476E+23 -0.3809580E+22  0.1264421E+22  0.6973575E+21  0.9615220E+20
  0.2102465E+22  0.4576928E+23 -0.1271957E+23 -0.8448684E+22 -0.2088659E+20  0.6367158E+21
 -0.3116169E+23 -0.1098788E+22  0.2201404E+23  0.1245323E+22 -0.3398392E+22 -0.1031846E+22
  0.2928617E+20  0.1285803E+22 -0.3513964E+21  0.1411323E+23 -0.7713993E+22  0.1054076E+22
 -0.8681300E+21 -0.1924706E+23  0.5777687E+22 -0.4160536E+22  0.1363814E+23 -0.3416420E+22
  0.6433496E+22  0.2809051E+22 -0.8440316E+22  0.3066282E+21 -0.1842643E+22  0.2768282E+22
  0.4351934E+23 -0.1560892E+23 -0.4537757E+22  0.1399599E+22  0.8137703E+21  0.1182878E+21
  0.2205955E+22  0.5328108E+23 -0.1441683E+23 -0.9626010E+22 -0.2336388E+21  0.7456249E+21
 -0.3636086E+23 -0.1145403E+22  0.2602076E+23  0.1374788E+22 -0.3926757E+22 -0.1257760E+22
  0.2795446E+20  0.1360411E+22 -0.3624732E+21  0.1655118E+23 -0.8819925E+22  0.1175008E+22
 -0.9215493E+21 -0.2261801E+23  0.6586101E+22 -0.4727684E+22  0.1613758E+23 -0.3964132E+22
  0.7594968E+22  0.3202558E+22 -0.1007838E+23  0.3376043E+21 -0.2124867E+22  0.3343455E+22
  0.5014891E+23 -0.1761044E+23 -0.5367837E+22  0.1546033E+22  0.9424927E+21  0.1436406E+21
  0.2323479E+22  0.6193131E+23 -0.1631424E+23 -0.1094562E+23 -0.4936893E+21  0.8664664E+21
 -0.4235392E+23 -0.1192415E+22  0.3065830E+23  0.1515089E+22 -0.4523218E+22 -0.1519487E+22
  0.2691261E+20  0.1444139E+22 -0.3750517E+21  0.1937322E+23 -0.1006269E+23  0.1306671E+22
 -0.9811621E+21 -0.2652462E+23  0.7494405E+22 -0.5363268E+22  0.1903941E+23 -0.4582914E+22
  0.8942638E+22  0.3643858E+22 -0.1198923E+23  0.3711908E+21 -0.2442627E+22  0.4018436E+22
  0.5774192E+23 -0.1983768E+23 -0.6308972E+22  0.1703846E+22  0.1083748E+22  0.1723320E+21
  0.2462413E+22  0.7188649E+23 -0.1843515E+23 -0.1242124E+23 -0.8066631E+21  0.9997775E+21
 -0.4924910E+23 -0.1246200E+22  0.3601109E+23  0.1667311E+22 -0.5193514E+22 -0.1820329E+22
  0.2625249E+20  0.1541824E+22 -0.3902165E+21  0.2263807E+23 -0.1145882E+23  0.1450043E+22
 -0.1050118E+22 -0.3104398E+23  0.8514944E+22 -0.6077446E+22  0.2240159E+23 -0.5280283E+22
  0.1050136E+23  0.4139274E+22 -0.1420985E+23  0.4078899E+21 -0.2800518E+22  0.4806995E+22
  0.6643384E+23 -0.2230967E+23 -0.7370669E+22  0.1872997E+22  0.1237601E+22  0.2044393E+21
  0.2634380E+22  0.8333884E+23 -0.2080767E+23 -0.1406761E+23 -0.1178401E+22  0.1146173E+22
 -0.5717040E+23 -0.1316548E+22  0.4217590E+23  0.1832889E+22 -0.5943646E+22 -0.2163723E+22
  0.2611605E+20  0.1661137E+22 -0.4096581E+21  0.2641457E+23 -0.1302835E+23  0.1606481E+22
 -0.1133523E+22 -0.3626585E+23  0.9663602E+22 -0.6883184E+22  0.2629216E+23 -0.6065369E+22
  0.1229966E+23  0.4696931E+22 -0.1678286E+23  0.4484100E+21 -0.3204476E+22  0.5725044E+22
  0.7637847E+23 -0.2504598E+23 -0.8562544E+22  0.2053266E+22  0.1403912E+22  0.2399798E+21
  0.2852128E+22  0.9650892E+23 -0.2346203E+23 -0.1590025E+23 -0.1615250E+22  0.1306165E+22
 -0.6625547E+23 -0.1415835E+22  0.4926019E+23  0.2013271E+22 -0.6779482E+22 -0.2553027E+22
  0.2662608E+20  0.1810652E+22 -0.4350752E+21  0.3078240E+23 -0.1479319E+23  0.1777302E+22
 -0.1237057E+22 -0.4229103E+23  0.1095727E+23 -0.7795266E+22  0.3078784E+23 -0.6947823E+22
  0.1436854E+23  0.5325813E+22 -0.1975488E+23  0.4935138E+21 -0.3661152E+22  0.6790100E+22
  0.8775285E+23 -0.2806736E+23 -0.9894525E+22  0.2244306E+22  0.1582360E+22  0.2789129E+21
  0.3129232E+22  0.1116528E+24 -0.2643088E+23 -0.1793587E+23 -0.2124204E+22  0.1480154E+22
 -0.7665909E+23 -0.1558966E+22  0.5738468E+23  0.2209894E+22 -0.7706912E+22 -0.2991537E+22
  0.2789680E+20  0.1999671E+22 -0.4681119E+21  0.3583462E+23 -0.1677737E+23  0.1963744E+22
 -0.1366817E+22 -0.4923379E+23  0.1241378E+23 -0.8830429E+22  0.3597587E+23 -0.7937842E+22
  0.1674195E+23  0.6035781E+22 -0.2317731E+23  0.5440024E+21 -0.4177923E+22  0.8021581E+22
  0.1007556E+24 -0.3139400E+23 -0.1137635E+23  0.2445480E+22  0.1772354E+22  0.3211269E+21
  0.3481518E+22  0.1290618E+24 -0.2974892E+23 -0.2019139E+23 -0.2712777E+22  0.1668383E+22
 -0.8855277E+23 -0.1764050E+22  0.6668336E+23  0.2424125E+22 -0.8731499E+22 -0.3482385E+22
  0.3007517E+20  0.2239176E+22 -0.5105774E+21  0.4167815E+23 -0.1900692E+23  0.2166981E+22
 -0.1529930E+22 -0.5722249E+23  0.1405231E+23 -0.1000754E+23  0.4195471E+23 -0.9046198E+22
  0.1945696E+23  0.6837707E+22 -0.2710666E+23  0.6007394E+21 -0.4763011E+22  0.9440979E+22
  0.1156153E+24 -0.3504660E+23 -0.1301805E+23  0.2655928E+22  0.1973088E+22  0.3664514E+21
  0.3928242E+22  0.1490739E+24 -0.3345489E+23 -0.2268471E+23 -0.3389139E+22  0.1871025E+22
 -0.1021322E+24 -0.2053134E+22  0.7730941E+23  0.2657377E+22 -0.9858869E+22 -0.4028725E+22
  0.3336730E+20  0.2542644E+22 -0.5645884E+21  0.4843843E+23 -0.2151129E+23  0.2388267E+22
 -0.1735064E+22 -0.6640525E+23  0.1589468E+23 -0.1134854E+23  0.4883842E+23 -0.1028492E+23
  0.2255537E+23  0.7744082E+22 -0.3160708E+23  0.6647065E+21 -0.5425933E+22  0.1107284E+23
  0.1325916E+24 -0.3904552E+23 -0.1482964E+23  0.2874527E+22  0.2183512E+22  0.4146532E+21
  0.4491917E+22  0.1720786E+24 -0.3759077E+23 -0.2543419E+23 -0.4162135E+22  0.2088112E+22
 -0.1176181E+24 -0.2452247E+22  0.8943630E+23  0.2910976E+22 -0.1109452E+23 -0.4633651E+22
  0.3804411E+20  0.2926028E+22 -0.6324919E+21  0.5626128E+23 -0.2432294E+23  0.2628830E+22
 -0.1992323E+22 -0.7695114E+23  0.1796495E+23 -0.1287835E+23  0.5675792E+23 -0.1166708E+23
  0.2608388E+23  0.8768828E+22 -0.3675081E+23  0.7369718E+21 -0.6177407E+22  0.1294499E+23
  0.1519805E+24 -0.4341039E+23 -0.1682103E+23  0.3099841E+22  0.2402306E+22  0.4654332E+21
  0.5198779E+22  0.1985247E+24 -0.4220179E+23 -0.2845847E+23 -0.5041346E+22  0.2319502E+22
 -0.1352601E+24 -0.2991879E+22  0.1032611E+24  0.3186094E+22 -0.1244372E+23 -0.5300183E+22
  0.4445851E+20  0.3408155E+22 -0.7168752E+21  0.6531662E+23 -0.2747755E+23  0.2889830E+22
 -0.2313413E+22 -0.8905379E+23  0.2028952E+23 -0.1462516E+23  0.6586390E+23 -0.1320682E+23
  0.3009480E+23  0.9927378E+22 -0.4261946E+23  0.8186866E+21 -0.7029445E+22  0.1508914E+23
  0.1741180E+24 -0.4815938E+23 -0.1900177E+23  0.3330106E+22  0.2627854E+22  0.5184230E+21
  0.6079205E+22  0.2289286E+24 -0.4733627E+23 -0.3177601E+23 -0.6037037E+22  0.2564840E+22
 -0.1553397E+24 -0.3707343E+22  0.1190073E+24  0.3483669E+22 -0.1391141E+23 -0.6031214E+22
  0.5306276E+20  0.4011116E+22 -0.8205650E+21  0.7580198E+23 -0.3101404E+23  0.3172314E+22
 -0.2711788E+22 -0.1029344E+24  0.2289716E+23 -0.1662066E+23  0.7632958E+23 -0.1491938E+23
  0.3464667E+23  0.1123670E+23 -0.4930527E+23  0.9110784E+21 -0.7995405E+22  0.1754144E+23
  0.1993911E+24 -0.5331028E+23 -0.2138142E+23  0.3563332E+22  0.2858327E+22  0.5732019E+21
  0.7168207E+22  0.2638916E+24 -0.5304697E+23 -0.3540585E+23 -0.7160319E+22  0.2823602E+22
 -0.1781796E+24 -0.4639219E+22  0.1369327E+24  0.3804445E+22 -0.1550254E+23 -0.6829671E+22
  0.6442515E+20  0.4760742E+22 -0.9466239E+21  0.8794959E+23 -0.3497572E+23  0.3477279E+22
 -0.3202823E+22 -0.1188490E+24  0.2581984E+23 -0.1890079E+23  0.8835677E+23 -0.1682154E+23
  0.3980617E+23  0.1271564E+23 -0.5691427E+23  0.1015468E+22 -0.9090319E+22  0.2034380E+23
  0.2282336E+24 -0.5887656E+23 -0.2396808E+23  0.3797042E+22  0.3091479E+22  0.6292557E+21
  0.8505668E+22  0.3040983E+24 -0.5938790E+23 -0.3936506E+23 -0.8422706E+22  0.3094877E+22
 -0.2041388E+24 -0.5833752E+22  0.1573263E+24  0.4148641E+22 -0.1722101E+23 -0.7698031E+22
  0.7924599E+20  0.5686917E+22 -0.1098294E+22  0.1020273E+24 -0.3940833E+23  0.3805395E+22
 -0.3803859E+22 -0.1370872E+24  0.2909124E+23 -0.2150510E+23  0.1021754E+24 -0.1893067E+23
  0.4564693E+23  0.1438431E+23 -0.6556497E+23  0.1133199E+22 -0.1033045E+23  0.2354356E+23
  0.2611432E+24 -0.6487015E+23 -0.2676934E+23  0.4028572E+22  0.3324863E+22  0.6860196E+21
  0.1013632E+23  0.3503435E+24 -0.6641674E+23 -0.4367050E+23 -0.9836374E+22  0.3377504E+22
 -0.2336270E+24 -0.7342791E+22  0.1805204E+24  0.4516093E+22 -0.1907051E+23 -0.8638681E+22
  0.9836079E+20  0.6823758E+22 -0.1278906E+22  0.1183492E+24 -0.4436191E+23  0.4157146E+22
 -0.4534137E+22 -0.1579830E+24  0.3274794E+23 -0.2447766E+23  0.1180526E+24 -0.2126556E+23
  0.5225252E+23  0.1626451E+23 -0.7539331E+23  0.1265653E+22 -0.1173374E+23  0.2719558E+23
  0.2986854E+24 -0.7129846E+23 -0.2979114E+23  0.4254871E+22  0.3555685E+22  0.7428485E+21
  0.1211063E+23  0.4035425E+24 -0.7419293E+23 -0.4833684E+23 -0.1141380E+23  0.3669914E+22
 -0.2671068E+24 -0.9224574E+22  0.2068934E+24  0.4906013E+22 -0.2105372E+23 -0.9653554E+22
  0.1227607E+21  0.8210407E+22 -0.1491885E+22  0.1372809E+24 -0.4988969E+23  0.4532643E+22
 -0.5415115E+22 -0.1819186E+24  0.3682873E+23 -0.2786702E+23  0.1362964E+24 -0.2384585E+23
  0.5971674E+23  0.1837949E+23 -0.8655361E+23  0.1414200E+22 -0.1331964E+23  0.3136276E+23
  0.3415021E+24 -0.7816475E+23 -0.3303782E+23  0.4472687E+22  0.3780933E+22  0.7990417E+21
  0.1448412E+23  0.4647485E+24 -0.8277745E+23 -0.5337671E+23 -0.1316760E+23  0.3970165E+22
 -0.3051014E+24 -0.1154306E+23  0.2368770E+24  0.5316960E+22 -0.2317253E+23 -0.1074418E+23
  0.1535787E+21  0.9890838E+22 -0.1740562E+22  0.1592484E+24 -0.5604817E+23  0.4931600E+22
 -0.6470130E+22 -0.2093312E+24  0.4137449E+23 -0.3172610E+23  0.1572623E+24 -0.2669209E+23
  0.6814515E+23  0.2075375E+23 -0.9922158E+23  0.1580150E+22 -0.1510907E+23  0.3611747E+23
  0.3903214E+24 -0.8546570E+23 -0.3651113E+23  0.4678444E+22  0.3997282E+22  0.8538236E+21
  0.1731833E+23  0.5351723E+24 -0.9223132E+23 -0.5879888E+23 -0.1511009E+23  0.4275830E+22
 -0.3482002E+24 -0.1436858E+23  0.2709622E+24  0.5746664E+22 -0.2542732E+23 -0.1191138E+23
  0.1921011E+21  0.1191470E+23 -0.2028156E+22  0.1847467E+24 -0.6289625E+23  0.5353192E+22
 -0.7724721E+22 -0.2407200E+24  0.4642778E+23 -0.3611216E+23  0.1813601E+24 -0.2982527E+23
  0.7765615E+23  0.2341278E+23 -0.1135967E+24  0.1764697E+22 -0.1712431E+23  0.4154281E+23
  0.4459794E+24 -0.9319425E+23 -0.4021122E+23  0.4868592E+22  0.4201376E+22  0.9063995E+21
  0.2068020E+23  0.6162199E+24 -0.1026176E+24 -0.6461006E+23 -0.1725343E+23  0.4584169E+22
 -0.3970793E+24 -0.1777717E+23  0.3097168E+24  0.6192174E+22 -0.2781790E+23 -0.1315561E+23
  0.2397368E+21  0.1433725E+23 -0.2357589E+22  0.2143566E+24 -0.7049677E+23  0.5796175E+22
 -0.9206344E+22 -0.2766628E+24  0.5203372E+23 -0.4108752E+23  0.2090675E+24 -0.3326764E+23
  0.8838524E+23  0.2638344E+23 -0.1299096E+24  0.1968897E+22 -0.1938933E+23  0.4773562E+23
  0.5094117E+24 -0.1013324E+24 -0.4413364E+23  0.5039271E+22  0.4389541E+22  0.9558958E+21
  0.2464172E+23  0.7094890E+24 -0.1139944E+24 -0.7080969E+23 -0.1960824E+23  0.4891799E+22
 -0.4524904E+24 -0.2184997E+23  0.3537793E+24  0.6649389E+22 -0.3034141E+23 -0.1447601E+23
  0.2979978E+21  0.1721929E+23 -0.2731303E+22  0.2487469E+24 -0.7891183E+23  0.6258448E+22
 -0.1094414E+23 -0.3178111E+24  0.5823689E+23 -0.4671719E+23  0.2409294E+24 -0.3704051E+23
  0.1004824E+24  0.2969223E+23 -0.1484187E+24  0.2193491E+22 -0.2192863E+23  0.5480590E+23
  0.5816901E+24 -0.1098567E+24 -0.4827142E+23  0.5186825E+22  0.4558217E+22  0.1001448E+22
  0.2927940E+23  0.8168287E+24 -0.1264193E+24 -0.7739332E+23 -0.2218397E+23  0.5195029E+22
 -0.5152935E+24 -0.2667235E+23  0.4038864E+24  0.7113419E+22 -0.3299393E+23 -0.1587107E+23
  0.3684449E+21  0.2062714E+23 -0.3151085E+22  0.2886991E+24 -0.8820567E+23  0.6737327E+22
 -0.1296866E+23 -0.3649167E+24  0.6508324E+23 -0.5307015E+23  0.2775799E+24 -0.4116573E+23
  0.1141189E+24  0.3336617E+23 -0.1694224E+24  0.2438907E+22 -0.2476793E+23  0.6288167E+23
  0.6640296E+24 -0.1187339E+24 -0.5261314E+23  0.5307649E+22  0.4703830E+22  0.1042176E+22
  0.3467386E+23  0.9403609E+24 -0.1399445E+24 -0.8434926E+23 -0.2498788E+23  0.5489699E+22
 -0.5864609E+24 -0.3233313E+23  0.4608792E+24  0.7578350E+22 -0.3576921E+23 -0.1733802E+23
  0.4526443E+21  0.2463251E+23 -0.3617900E+22  0.3351200E+24 -0.9844149E+23  0.7229296E+22
 -0.1531172E+23 -0.4188383E+24  0.7261817E+23 -0.6021764E+23  0.3197505E+24 -0.4566431E+23
  0.1294884E+24  0.3743165E+23 -0.1932610E+24  0.2705124E+22 -0.2793331E+23  0.7211039E+23
  0.7578093E+24 -0.1279220E+24 -0.5714319E+23  0.5398465E+22  0.4823027E+22  0.1077231E+22
  0.4090787E+23  0.1082520E+25 -0.1546159E+24 -0.9165877E+23 -0.2802451E+23  0.5771314E+22
 -0.6670950E+24 -0.3892227E+23  0.5257201E+24  0.8037372E+22 -0.3865892E+23 -0.1887288E+23
  0.5520695E+21  0.2931134E+23 -0.4131588E+22  0.3890611E+24 -0.1096804E+24  0.7730016E+22
 -0.1800547E+23 -0.4805578E+24  0.8088565E+23 -0.6823195E+23  0.3682856E+24 -0.5055614E+23
  0.1468099E+24  0.4191376E+23 -0.2203238E+24  0.2991561E+22 -0.3145087E+23  0.8266230E+23
  0.8645899E+24 -0.1373679E+24 -0.6184066E+23  0.5456327E+22  0.4912689E+22  0.1105804E+22
  0.4806516E+23  0.1246090E+25 -0.1704699E+24 -0.9929404E+23 -0.3129471E+23  0.6035041E+22
 -0.7584418E+24 -0.4652914E+23  0.5995069E+24  0.8482763E+22 -0.4165191E+23 -0.2047013E+23
  0.6680218E+21  0.3474308E+23 -0.4690687E+22  0.4517374E+24 -0.1219788E+24  0.8234218E+22
 -0.2108203E+23 -0.5511949E+24  0.8992671E+23 -0.7718452E+23  0.4241579E+24 -0.5585894E+23
  0.1663315E+24  0.4683541E+23 -0.2510549E+24  0.3296965E+22 -0.3534587E+23  0.9473336E+23
  0.9861656E+24 -0.1470128E+24 -0.6668136E+23  0.5478987E+22  0.4970266E+22  0.1127195E+22
  0.5622942E+23  0.1434293E+25 -0.1875364E+24 -0.1072211E+24 -0.3479605E+23  0.6276033E+22
 -0.8619362E+24 -0.5524105E+23  0.6835126E+24  0.8906320E+22 -0.4473560E+23 -0.2212327E+23
  0.8015254E+21  0.4100992E+23 -0.5292299E+22  0.5245664E+24 -0.1353898E+24  0.8735976E+22
 -0.2457304E+23 -0.6320442E+24  0.9978079E+23 -0.8714619E+23  0.4885006E+24 -0.6158933E+23
  0.1883391E+24  0.5221778E+23 -0.2859697E+24  0.3619398E+22 -0.3964313E+23  0.1085524E+24
  0.1124541E+25 -0.1567831E+24 -0.7163376E+23  0.5464662E+22  0.4993578E+22  0.1140776E+22
  0.6547925E+23  0.1650771E+25 -0.2058258E+24 -0.1153931E+24 -0.3852011E+23  0.6489174E+22
 -0.9791801E+24 -0.6513774E+23  0.7791721E+24  0.9299030E+22 -0.4789321E+23 -0.2382349E+23
  0.9531742E+21  0.4819306E+23 -0.5931648E+22  0.6091675E+24 -0.1499538E+24  0.9228232E+22
 -0.2850763E+23 -0.7245652E+24  0.1104788E+24 -0.9818030E+23  0.5626048E+24 -0.6775862E+23
  0.2131523E+24  0.5807658E+23 -0.3256494E+24  0.3955961E+22 -0.4436406E+23  0.1243800E+24
  0.1282014E+25 -0.1665999E+24 -0.7666290E+23  0.5412488E+22  0.4981238E+22  0.1146087E+22
  0.7588804E+23  0.1899718E+25 -0.2253372E+24 -0.1237562E+24 -0.4245382E+23  0.6669605E+22
 -0.1112016E+25 -0.7629071E+23  0.8881451E+24  0.9651837E+22 -0.5110624E+23 -0.2556090E+23
  0.1123037E+22  0.5637227E+23 -0.6602194E+22  0.7074197E+24 -0.1657028E+24  0.9703369E+22
 -0.3291257E+23 -0.8304409E+24  0.1220470E+24 -0.1103443E+24  0.6479701E+24 -0.7437525E+23
  0.2411402E+24  0.6442380E+23 -0.3707678E+24  0.4302918E+22 -0.4952776E+23  0.1425195E+24
  0.1461192E+25 -0.1763759E+24 -0.8172882E+23  0.5322449E+22  0.4932617E+22  0.1142835E+22
  0.8751920E+23  0.2185922E+25 -0.2460506E+24 -0.1322468E+24 -0.4657803E+23  0.6812723E+22
 -0.1262540E+25 -0.8875812E+23  0.1012330E+25  0.9955711E+22 -0.5435337E+23 -0.2732387E+23
  0.1310508E+22  0.6562195E+23 -0.7295395E+22  0.8214831E+24 -0.1826537E+24  0.1015309E+23
 -0.3781039E+23 -0.9515929E+24  0.1345021E+24 -0.1236847E+24  0.7463217E+24 -0.8144222E+23
  0.2727237E+24  0.7126527E+23 -0.4220967E+24  0.4655572E+22 -0.5514893E+23  0.1633207E+24
  0.1665036E+25 -0.1860172E+24 -0.8678732E+23  0.5195445E+22  0.4847925E+22  0.1130913E+22
  0.1004232E+24  0.2514848E+25 -0.2679255E+24 -0.1407924E+24 -0.5086735E+23  0.6914386E+22
 -0.1433138E+25 -0.1025814E+24  0.1153903E+25  0.1020203E+23 -0.5761068E+23 -0.2909928E+23
  0.1514203E+22  0.7600809E+23 -0.8000759E+22  0.9538398E+24 -0.2008061E+24  0.1056862E+23
 -0.4321838E+23 -0.1090219E+25  0.1478501E+24 -0.1382334E+24  0.8596456E+24 -0.8895633E+23
  0.3083846E+24  0.7859983E+23 -0.4805229E+24  0.5008302E+22 -0.6123687E+23  0.1871869E+24
  0.1896901E+25 -0.1954249E+24 -0.9179037E+23  0.5033330E+22  0.4728273E+22  0.1110426E+22
  0.1146320E+24  0.2892710E+25 -0.2908972E+24 -0.1493124E+24 -0.5528978E+23  0.6971104E+22
 -0.1626529E+25 -0.1177798E+24  0.1315350E+25  0.1038295E+23 -0.6085183E+23 -0.3087251E+23
  0.1731838E+22  0.8758343E+23 -0.8705834E+22  0.1107329E+25 -0.2201380E+24  0.1094091E+23
 -0.4914657E+23 -0.1248823E+25  0.1620832E+24 -0.1540037E+24  0.9902200E+24 -0.9690670E+23
  0.3486736E+24  0.8641764E+23 -0.5470621E+24  0.5354584E+22 -0.6779380E+23  0.2145825E+24
  0.2160651E+25 -0.2045021E+24 -0.9668939E+23  0.4838946E+22  0.4575746E+22  0.1081716E+22
  0.1301602E+24  0.3326666E+25 -0.3148832E+24 -0.1577233E+24 -0.5980841E+23  0.6980369E+22
 -0.1845857E+25 -0.1343512E+24  0.1499551E+25  0.1049200E+23 -0.6404982E+23 -0.3262843E+23
  0.1960252E+22  0.1003867E+24 -0.9396752E+22  0.1285229E+25 -0.2406091E+24  0.1126117E+23
 -0.5559833E+23 -0.1430304E+25  0.1771827E+24 -0.1709910E+24  0.1140688E+25 -0.1052765E+24
  0.3942317E+24  0.9470191E+23 -0.6228959E+24  0.5687298E+22 -0.7481569E+23  0.2460477E+24
  0.2460607E+25 -0.2131462E+24 -0.1014316E+24  0.4615865E+22  0.4393175E+22  0.1045307E+22
  0.1469921E+24  0.3824751E+25 -0.3397652E+24 -0.1659323E+24 -0.6437889E+23  0.6940486E+22
 -0.2094654E+25 -0.1522597E+24  0.1709757E+25  0.1052400E+23 -0.6717447E+23 -0.3435010E+23
  0.2195258E+22  0.1144319E+24 -0.1005798E+23  0.1491244E+25 -0.2621454E+24  0.1152062E+23
 -0.6256538E+23 -0.1637926E+25  0.1931067E+24 -0.1891598E+24  0.1314046E+25 -0.1140365E+24
  0.4457821E+24  0.1034227E+24 -0.7093611E+24  0.5998586E+22 -0.8228687E+23  0.2821969E+24
