  0.7037171E+17 -0.1115139E+18  0.3144274E+17  0.4417740E+17 -0.2491273E+17  0.3512227E+16
  0.1234278E+18 -0.7972978E+17 -0.2629342E+17 -0.1431300E+17  0.4671628E+17 -0.1203431E+17
 -0.1674612E+18  0.1839239E+18 -0.8392572E+16 -0.4059921E+17 -0.1154494E+17  0.6482992E+16
  0.5412129E+17  0.1584217E+17 -0.4724045E+17  0.1159314E+16 -0.6914019E+16  0.1030861E+17
 -0.1468586E+18  0.2344281E+17  0.8954253E+17  0.6576853E+16 -0.1588716E+17 -0.1110668E+17
  0.9962549E+17 -0.6096811E+17 -0.3452784E+17  0.9327710E+16  0.1056505E+17  0.2991633E+16
  0.7322419E+17 -0.1149586E+18  0.3240818E+17  0.4511991E+17 -0.2543967E+17  0.3585872E+16
  0.1281582E+18 -0.8186438E+17 -0.2667662E+17 -0.1470797E+17  0.4734934E+17 -0.1217943E+17
 -0.1727294E+18  0.1877792E+18 -0.8676355E+16 -0.4096842E+17 -0.1164475E+17  0.6538727E+16
  0.5607614E+17  0.1639674E+17 -0.4816358E+17  0.1198608E+16 -0.7041550E+16  0.1034188E+17
 -0.1511569E+18  0.2357318E+17  0.9077144E+17  0.6677342E+16 -0.1583357E+17 -0.1110441E+17
  0.1018633E+18 -0.6155651E+17 -0.3485016E+17  0.9299725E+16  0.1053006E+17  0.2980792E+16
  0.8003778E+17 -0.1244389E+18  0.3505953E+17  0.4836792E+17 -0.2725444E+17  0.3839344E+16
  0.1396856E+18 -0.8813714E+17 -0.2844878E+17 -0.1589823E+17  0.5037744E+17 -0.1293141E+17
 -0.1870484E+18  0.2011776E+18 -0.9370205E+16 -0.4335479E+17 -0.1234784E+17  0.6920303E+16
  0.6094646E+17  0.1784614E+17 -0.5152188E+17  0.1306412E+16 -0.7543234E+16  0.1088867E+17
 -0.1632228E+18  0.2476960E+17  0.9656340E+17  0.7125223E+16 -0.1653375E+17 -0.1165424E+17
  0.1092831E+18 -0.6516807E+17 -0.3692097E+17  0.9715311E+16  0.1100842E+17  0.3118410E+16
  0.8769615E+17 -0.1349810E+18  0.3799236E+17  0.5194035E+17 -0.2923873E+17  0.4114831E+16
  0.1524881E+18 -0.9491588E+17 -0.3044596E+17 -0.1726832E+17  0.5371197E+17 -0.1374998E+17
 -0.2029174E+18  0.2158204E+18 -0.1008400E+17 -0.4591113E+17 -0.1314435E+17  0.7336849E+16
  0.6628747E+17  0.1950803E+17 -0.5518762E+17  0.1435275E+16 -0.8120701E+16  0.1148661E+17
 -0.1764188E+18  0.2590631E+17  0.1028863E+18  0.7631909E+16 -0.1725731E+17 -0.1225828E+17
  0.1173811E+18 -0.6901835E+17 -0.3918615E+17  0.1014545E+17  0.1152044E+17  0.3270448E+16
  0.9630204E+17 -0.1467029E+18  0.4123708E+17  0.5587045E+17 -0.3140952E+17  0.4414488E+16
  0.1666819E+18 -0.1022031E+18 -0.3270416E+17 -0.1885569E+17  0.5739251E+17 -0.1464275E+17
 -0.2204817E+18  0.2317953E+18 -0.1080914E+17 -0.4863983E+17 -0.1405033E+17  0.7792617E+16
  0.7212424E+17  0.2142358E+17 -0.5918657E+17  0.1590899E+16 -0.8790305E+16  0.1214242E+17
 -0.1908075E+18  0.2692546E+17  0.1097882E+18  0.8207716E+16 -0.1799728E+17 -0.1292396E+17
  0.1261971E+18 -0.7310140E+17 -0.4166466E+17  0.1058624E+17  0.1206741E+17  0.3438954E+16
  0.1060106E+18 -0.1597823E+18  0.4483835E+17  0.6020718E+17 -0.3379085E+17  0.4741219E+16
  0.1824796E+18 -0.1100638E+18 -0.3526262E+17 -0.2069085E+17  0.6146338E+17 -0.1561857E+17
 -0.2399958E+18  0.2492845E+18 -0.1154400E+17 -0.5156238E+17 -0.1508006E+17  0.8292244E+16
  0.7852703E+17  0.2363000E+17 -0.6356323E+17  0.1777659E+16 -0.9563582E+16  0.1286272E+17
 -0.2065564E+18  0.2780885E+17  0.1173450E+18  0.8859987E+16 -0.1875529E+17 -0.1365820E+17
  0.1358307E+18 -0.7744759E+17 -0.4438397E+17  0.1103971E+17  0.1265336E+17  0.3625719E+16
  0.1170035E+18 -0.1744249E+18  0.4884759E+17  0.6500672E+17 -0.3641019E+17  0.5098326E+16
  0.2001242E+18 -0.1185675E+18 -0.3816729E+17 -0.2281006E+17  0.6597544E+17 -0.1668744E+17
 -0.2617515E+18  0.2684936E+18 -0.1228596E+17 -0.5470250E+17 -0.1624993E+17  0.8840972E+16
  0.8557377E+17  0.2617084E+17 -0.6836697E+17  0.2000943E+16 -0.1045426E+17  0.1365501E+17
 -0.2238516E+18  0.2853221E+17  0.1256409E+18  0.9597217E+16 -0.1953249E+17 -0.1446879E+17
  0.1463927E+18 -0.8208954E+17 -0.4737465E+17  0.1150790E+17  0.1328264E+17  0.3832768E+16
  0.1294881E+18 -0.1908629E+18  0.5332254E+17  0.7033202E+17 -0.3929818E+17  0.5489487E+16
  0.2198812E+18 -0.1277775E+18 -0.4147273E+17 -0.2525865E+17  0.7098738E+17 -0.1786072E+17
 -0.2860691E+18  0.2896414E+18 -0.1302959E+17 -0.5808320E+17 -0.1757963E+17  0.9444782E+16
  0.9334397E+17  0.2909891E+17 -0.7365057E+17  0.2267813E+16 -0.1147986E+17  0.1452801E+17
 -0.2428841E+18  0.2905585E+17  0.1347672E+18  0.1042984E+17 -0.2032779E+17 -0.1536488E+17
  0.1579981E+18 -0.8705624E+17 -0.5067013E+17  0.1199190E+17  0.1395951E+17  0.4062489E+16
  0.1437051E+18 -0.2093626E+18  0.5832902E+17  0.7625465E+17 -0.4248952E+17  0.5918849E+16
  0.2420456E+18 -0.1377520E+18 -0.4524418E+17 -0.2809255E+17  0.7656760E+17 -0.1915142E+17
 -0.3133078E+18  0.3129664E+18 -0.1376611E+17 -0.6172750E+17 -0.1909281E+17  0.1011057E+17
  0.1019207E+18  0.3247799E+17 -0.7947188E+17  0.2587354E+16 -0.1266223E+17  0.1549190E+17
 -0.2638556E+18  0.2932356E+17  0.1448251E+18  0.1137034E+17 -0.2113786E+17 -0.1635721E+17
  0.1707695E+18 -0.9237421E+17 -0.5430779E+17  0.1249198E+17  0.1468833E+17  0.4317714E+16
  0.1599507E+18 -0.2302485E+18  0.6394639E+17  0.8286047E+17 -0.4602530E+17  0.6391250E+16
  0.2669841E+18 -0.1485704E+18 -0.4955804E+17 -0.3137447E+17  0.8279477E+17 -0.2057440E+17
 -0.3439113E+18  0.3387640E+18 -0.1448640E+17 -0.6566581E+17 -0.2081589E+17  0.1084613E+17
  0.1114101E+18  0.3638020E+17 -0.8590070E+17  0.2969925E+16 -0.1402514E+17  0.1655803E+17
 -0.2870223E+18  0.2928008E+17  0.1559355E+18  0.1243192E+17 -0.2196061E+17 -0.1745767E+17
  0.1848616E+18 -0.9808191E+17 -0.5833178E+17  0.1300982E+17  0.1547453E+17  0.4601547E+16
  0.1785502E+18 -0.2538721E+18  0.7026018E+17  0.9024218E+17 -0.4994982E+17  0.6911914E+16
  0.2950608E+18 -0.1602704E+18 -0.5450752E+17 -0.3518811E+17  0.8976127E+17 -0.2214666E+17
 -0.3783308E+18  0.3673156E+18 -0.1517210E+17 -0.6991981E+17 -0.2278261E+17  0.1166055E+17
  0.1218997E+18  0.4089710E+17 -0.9300587E+17  0.3430223E+16 -0.1560164E+17  0.1774018E+17
 -0.3126029E+18  0.2882494E+17  0.1682223E+18  0.1363191E+17 -0.2278641E+17 -0.1868094E+17
  0.2004117E+18 -0.1041974E+18 -0.6278868E+17  0.1354350E+17  0.1632244E+17  0.4917898E+16
  0.1998247E+18 -0.2805795E+18  0.7735435E+17  0.9849240E+17 -0.5430771E+17  0.7486180E+16
  0.3265536E+18 -0.1727841E+18 -0.6020798E+17 -0.3965084E+17  0.9757623E+17 -0.2388750E+17
 -0.4169425E+18  0.3988202E+18 -0.1578749E+17 -0.7448889E+17 -0.2503759E+17  0.1256447E+17
  0.1334135E+18  0.4614779E+17 -0.1008418E+18  0.3990635E+16 -0.1744061E+17  0.1905554E+17
 -0.3406837E+18  0.2777287E+17  0.1817957E+18  0.1499378E+17 -0.2359079E+17 -0.2004585E+17
  0.2174919E+18 -0.1106908E+18 -0.6772288E+17  0.1408381E+17  0.1723352E+17  0.5271907E+16
  0.2241898E+18 -0.3108168E+18  0.8533559E+17  0.1077291E+18 -0.5915464E+17  0.8120532E+16
  0.3618514E+18 -0.1860771E+18 -0.6679455E+17 -0.4489050E+17  0.1063658E+18 -0.2581920E+17
 -0.4602617E+18  0.4335773E+18 -0.1629647E+17 -0.7938792E+17 -0.2762935E+17  0.1356991E+17
  0.1460107E+18  0.5226130E+17 -0.1094821E+18  0.4676444E+16 -0.1959334E+17  0.2052301E+17
 -0.3714405E+18  0.2594858E+17  0.1967981E+18  0.1654039E+17 -0.2435266E+17 -0.2157273E+17
  0.2362293E+18 -0.1175587E+18 -0.7318995E+17  0.1462567E+17  0.1821136E+17  0.5669037E+16
  0.2522283E+18 -0.3452041E+18  0.9435011E+17  0.1181131E+18 -0.6456460E+17  0.8823298E+16
  0.4015824E+18 -0.2002267E+18 -0.7442387E+17 -0.5103553E+17  0.1162757E+18 -0.2796764E+17
 -0.5090835E+18  0.4720982E+18 -0.1667121E+17 -0.8466812E+17 -0.3060731E+17  0.1469038E+17
  0.1598437E+18  0.5937060E+17 -0.1190387E+18  0.5512991E+16 -0.2210722E+17  0.2216261E+17
 -0.4052658E+18  0.2323230E+17  0.2134313E+18  0.1829214E+17 -0.2506383E+17 -0.2328242E+17
  0.2568764E+18 -0.1248628E+18 -0.7926469E+17  0.1517336E+17  0.1926454E+17  0.6114702E+16
  0.2847041E+18 -0.3845411E+18  0.1045839E+18  0.1298470E+18 -0.7062911E+17  0.9604520E+16
  0.4466065E+18 -0.2153915E+18 -0.8328162E+17 -0.5822556E+17  0.1274755E+18 -0.3036275E+17
 -0.5644765E+18  0.5150821E+18 -0.1688548E+17 -0.9040807E+17 -0.3402571E+17  0.1594130E+17
  0.1751444E+18  0.6762323E+17 -0.1296586E+18  0.6527329E+16 -0.2503058E+17  0.2399642E+17
 -0.4427384E+18  0.1952943E+17  0.2319530E+18  0.2027025E+17 -0.2572376E+17 -0.2519759E+17
  0.2797938E+18 -0.1327120E+18 -0.8604087E+17  0.1573702E+17  0.2040549E+17  0.6614721E+16
  0.3224591E+18 -0.4296957E+18  0.1162356E+18  0.1431487E+18 -0.7744536E+17  0.1047474E+17
  0.4977666E+18 -0.2316206E+18 -0.9359567E+17 -0.6664863E+17  0.1401644E+18 -0.3303846E+17
 -0.6275254E+18  0.5631909E+18 -0.1688853E+17 -0.9666625E+17 -0.3795540E+17  0.1734063E+17
  0.1920954E+18  0.7720687E+17 -0.1414837E+18  0.7757736E+16 -0.2843253E+17  0.2605170E+17
 -0.4843424E+18  0.1464646E+17  0.2526254E+18  0.2250343E+17 -0.2631500E+17 -0.2734710E+17
  0.3053009E+18 -0.1411709E+18 -0.9361755E+17  0.1631933E+17  0.2164434E+17  0.7176728E+16
  0.3663538E+18 -0.4815446E+18  0.1295026E+18  0.1582385E+18 -0.8511069E+17  0.1144448E+17
  0.5557456E+18 -0.2487500E+18 -0.1056442E+18 -0.7656058E+17  0.1545752E+18 -0.3603297E+17
 -0.6991898E+18  0.6169375E+18 -0.1659177E+17 -0.1034592E+18 -0.4248952E+17  0.1890938E+17
  0.2107615E+18  0.8835778E+17 -0.1546314E+18  0.9260581E+16 -0.3241314E+17  0.2836247E+17
 -0.5303229E+18  0.8237288E+16  0.2756910E+18  0.2502835E+17 -0.2679134E+17 -0.2976812E+17
  0.3336026E+18 -0.1502200E+18 -0.1020926E+18  0.1691088E+17  0.2298595E+17  0.7810857E+16
  0.4174383E+18 -0.5411480E+18  0.1446212E+18  0.1753799E+18 -0.9374017E+17  0.1252598E+17
  0.6213823E+18 -0.2666022E+18 -0.1197574E+18 -0.8825820E+17  0.1709799E+18 -0.3939060E+17
 -0.7806460E+18  0.6769591E+18 -0.1589147E+17 -0.1108138E+18 -0.4773579E+17  0.2067187E+17
  0.2312413E+18  0.1013439E+18 -0.1692465E+18  0.1110376E+17 -0.3708702E+17  0.3096804E+17
 -0.5810195E+18 -0.7518670E+14  0.3014444E+18  0.2788297E+17 -0.2710215E+17 -0.3250356E+17
  0.3649690E+18 -0.1598571E+18 -0.1115840E+18  0.1750442E+17  0.2443700E+17  0.8528802E+16
  0.4770174E+18 -0.6098125E+18  0.1618797E+18  0.1948940E+18 -0.1034724E+18  0.1373380E+17
  0.6957442E+18 -0.2850117E+18 -0.1363252E+18 -0.1020811E+18  0.1896952E+18 -0.4316269E+17
 -0.8733765E+18  0.7440808E+18 -0.1467090E+17 -0.1187778E+18 -0.5381631E+17  0.2265602E+17
  0.2536909E+18  0.1164659E+18 -0.1855093E+18  0.1336696E+17 -0.4258234E+17  0.3391301E+17
 -0.6369229E+18 -0.1068577E+17  0.3302457E+18  0.3110659E+17 -0.2719582E+17 -0.3560176E+17
  0.3997687E+18 -0.1701141E+18 -0.1222342E+18  0.1809723E+17  0.2600724E+17  0.9343651E+16
  0.5468115E+18 -0.6892379E+18  0.1816501E+18  0.2171904E+18 -0.1144820E+18  0.1508598E+17
  0.7803585E+18 -0.3039302E+18 -0.1558102E+18 -0.1184070E+18  0.2110922E+18 -0.4740928E+17
 -0.9794251E+18  0.8194888E+18 -0.1280802E+17 -0.1274473E+18 -0.6086655E+17  0.2489396E+17
  0.2784137E+18  0.1340609E+18 -0.2036676E+18  0.1613815E+17 -0.4903469E+17  0.3724715E+17
 -0.6988721E+18 -0.2396301E+17  0.3625654E+18  0.3474058E+17 -0.2703102E+17 -0.3911593E+17
  0.4385759E+18 -0.1811059E+18 -0.1342238E+18  0.1869650E+17  0.2771324E+17  0.1026962E+17
  0.6288297E+18 -0.7813928E+18  0.2043573E+18  0.2427424E+18 -0.1269686E+18  0.1660303E+17
  0.8768607E+18 -0.3231584E+18 -0.1787733E+18 -0.1377074E+18  0.2356123E+18 -0.5220070E+17
 -0.1101059E+19  0.9044561E+18 -0.1014067E+17 -0.1369113E+18 -0.6905204E+17  0.2742357E+17
  0.3056808E+18  0.1545320E+18 -0.2239839E+18  0.1953029E+17 -0.5661573E+17  0.4103037E+17
 -0.7676764E+18 -0.4040456E+17  0.3989224E+18  0.3883479E+17 -0.2654545E+17 -0.4311050E+17
  0.4819792E+18 -0.1929215E+18 -0.1477558E+18  0.1930515E+17  0.2957106E+17  0.1132402E+17
  0.7254234E+18 -0.8885617E+18  0.2304873E+18  0.2720969E+18 -0.1411604E+18  0.1830806E+17
  0.9870061E+18 -0.3423164E+18 -0.2058923E+18 -0.1605637E+18  0.2637775E+18 -0.5761869E+17
 -0.1240808E+19  0.1000358E+19 -0.6458607E+16 -0.1472518E+18 -0.7857298E+17  0.3028919E+17
  0.3357284E+18  0.1783527E+18 -0.2467381E+18  0.2368706E+17 -0.6553868E+17  0.4533403E+17
 -0.8441177E+18 -0.6064895E+17  0.4398914E+18  0.4344647E+17 -0.2565247E+17 -0.4766269E+17
  0.5305886E+18 -0.2056260E+18 -0.1630592E+18  0.1992223E+17  0.3159624E+17  0.1252774E+17
  0.8393816E+18 -0.1013433E+19  0.2606031E+18  0.3058936E+18 -0.1573204E+18  0.2022739E+17
  0.1112736E+19 -0.3608379E+18 -0.2379835E+18 -0.1876816E+18  0.2962045E+18 -0.6375811E+17
 -0.1401568E+19  0.1108736E+19 -0.1497028E+16 -0.1585504E+18 -0.8966907E+17  0.3354254E+17
  0.3687782E+18  0.2060721E+18 -0.2722376E+18  0.2878811E+17 -0.7606276E+17  0.5024247E+17
 -0.9290026E+18 -0.8547553E+17  0.4861235E+18  0.4863945E+17 -0.2424068E+17 -0.5286418E+17
  0.5850711E+18 -0.2192736E+18 -0.1803974E+18  0.2054491E+17  0.3380478E+17  0.1390567E+17
  0.9741006E+18 -0.1159256E+19  0.2953754E+18  0.3449014E+18 -0.1757600E+18  0.2239159E+17
  0.1256335E+19 -0.3780007E+18 -0.2760332E+18 -0.2199072E+18  0.3336245E+18 -0.7072991E+17
 -0.1586809E+19  0.1231436E+19  0.5067564E+16 -0.1709089E+18 -0.1026246E+18  0.3724419E+17
  0.4050856E+18  0.2383227E+18 -0.3008389E+18  0.3505289E+17 -0.8849578E+17  0.5585489E+17
 -0.1023284E+19 -0.1157913E+18  0.5383859E+18  0.5448529E+17 -0.2217861E+17 -0.5882293E+17
  0.6462272E+18 -0.2339429E+18 -0.2000823E+18  0.2117262E+17  0.3621624E+17  0.1548717E+17
  0.1133880E+19 -0.1330091E+19  0.3356280E+18  0.3900638E+18 -0.1968532E+18  0.2483643E+17
  0.1420751E+19 -0.3930190E+18 -0.3212358E+18 -0.2582354E+18  0.3769020E+18 -0.7866287E+17
 -0.1800969E+19  0.1370838E+19  0.1362277E+17 -0.1844787E+18 -0.1177730E+18  0.4146446E+17
  0.4450502E+18  0.2758370E+18 -0.3329888E+18  0.4274016E+17 -0.1031913E+18  0.6228598E+17
 -0.1128306E+19 -0.1526028E+18  0.5976261E+18  0.6106558E+17 -0.1932420E+17 -0.6566389E+17
  0.7151303E+18 -0.2497877E+18 -0.2224969E+18  0.2181207E+17  0.3885795E+17  0.1730624E+17
  0.1323877E+19 -0.1530757E+19  0.3823160E+18  0.4424913E+18 -0.2210299E+18  0.2760180E+17
  0.1609278E+19 -0.4047710E+18 -0.3750371E+18 -0.3038715E+18  0.4270552E+18 -0.8770475E+17
 -0.2049197E+19  0.1529648E+19  0.2465943E+17 -0.1994203E+18 -0.1355134E+18  0.4628478E+17
  0.4890513E+18  0.3194587E+18 -0.3691744E+18  0.5216931E+17 -0.1205763E+18  0.6967049E+17
 -0.1245481E+19 -0.1971376E+18  0.6649195E+18  0.6847383E+17 -0.1549784E+17 -0.7353498E+17
  0.7929755E+18 -0.2669605E+18 -0.2480844E+18  0.2246850E+17  0.4175963E+17  0.1940346E+17
  0.1550529E+19 -0.1767185E+19  0.4365908E+18  0.5035289E+18 -0.2487980E+18  0.3073332E+17
  0.1825990E+19 -0.4118968E+18 -0.4392017E+18 -0.3582583E+18  0.4852945E+18 -0.9802751E+17
 -0.2337894E+19  0.1711214E+19  0.3878768E+17 -0.2159386E+18 -0.1563246E+18  0.5180067E+17
  0.5375972E+18  0.3701797E+18 -0.4099886E+18  0.6372476E+17 -0.1411554E+18  0.7816755E+17
 -0.1376618E+19 -0.2508329E+18  0.7415763E+18  0.7681964E+17 -0.1049007E+17 -0.8261214E+17
  0.8812718E+18 -0.2856756E+18 -0.2773866E+18  0.2315135E+17  0.4495922E+17  0.2182736E+17
  0.1821420E+19 -0.2046290E+19  0.4997565E+18  0.5747305E+18 -0.2807279E+18  0.3428047E+17
  0.2075262E+19 -0.4124555E+18 -0.5158499E+18 -0.4231394E+18  0.5530352E+18 -0.1098267E+18
 -0.2674310E+19  0.1919221E+19  0.5678152E+17 -0.2342317E+18 -0.1807805E+18  0.5812226E+17
  0.5911202E+18  0.4291303E+18 -0.4560606E+18  0.7788300E+17 -0.1655412E+18  0.8796488E+17
 -0.1523507E+19 -0.3154556E+18  0.8290630E+18  0.8622532E+17 -0.4029101E+16 -0.9310516E+17
  0.9816423E+18 -0.3061189E+18 -0.3110253E+18  0.2386530E+17  0.4849563E+17  0.2463645E+17
  0.2146011E+19 -0.2376558E+19  0.5733798E+18  0.6579683E+18 -0.3174892E+18  0.3829947E+17
  0.2362625E+19 -0.4041843E+18 -0.6075508E+18 -0.5005793E+18  0.6319502E+18 -0.1233293E+18
 -0.3067528E+19  0.2158268E+19  0.7959288E+17 -0.2545600E+18 -0.2095664E+18  0.6537860E+17
  0.6502758E+18  0.4976445E+18 -0.5081811E+18  0.9520960E+17 -0.1944510E+18  0.9928405E+17
 -0.1688579E+19 -0.3930520E+18  0.9291940E+18  0.9683405E+17  0.4196894E+16 -0.1052638E+18
  0.1096188E+19 -0.3285718E+18 -0.3497694E+18  0.2462156E+17  0.5241999E+17  0.2790091E+17
  0.2535780E+19 -0.2768150E+19  0.6592900E+18  0.7554534E+18 -0.3598525E+18  0.4285302E+17
  0.2694608E+19 -0.3842458E+18 -0.7174042E+18 -0.5930426E+18  0.7240131E+18 -0.1387979E+18
 -0.3528449E+19  0.2433795E+19  0.1084062E+18 -0.2772228E+18 -0.2435051E+18  0.7372102E+17
  0.7158459E+18  0.5772871E+18 -0.5672856E+18  0.1163869E+18 -0.2287410E+18  0.1123891E+18
 -0.1874726E+19 -0.4860697E+18  0.1044139E+19  0.1088121E+18  0.1456645E+17 -0.1193885E+18
  0.1227428E+19 -0.3533647E+18 -0.3945469E+18  0.2543257E+17  0.5679312E+17  0.3170598E+17
  0.3004646E+19 -0.3233172E+19  0.7596066E+18  0.8697700E+18 -0.4086903E+18  0.4800917E+17
  0.3079018E+19 -0.3491609E+18 -0.8491295E+18 -0.7034404E+18  0.8315268E+18 -0.1565320E+18
 -0.4070193E+19  0.2752224E+19  0.1446935E+18 -0.3025568E+18 -0.2835788E+18  0.8332485E+17
  0.7888078E+18  0.6699010E+18 -0.6344929E+18  0.1422296E+18 -0.2694240E+18  0.1275917E+18
 -0.2085470E+19 -0.5974195E+18  0.1176496E+19  0.1223488E+18  0.2753732E+17 -0.1358387E+18
  0.1378405E+19 -0.3808842E+18 -0.4464788E+18  0.2631172E+17  0.6168607E+17  0.3615471E+17
  0.3569663E+19 -0.3786187E+19  0.8768101E+18  0.1003961E+19 -0.4649973E+18  0.5384234E+17
  0.3525513E+19 -0.2948009E+18 -0.1007209E+19 -0.8352027E+18  0.9571921E+18 -0.1768760E+18
 -0.4708866E+19  0.3121315E+19  0.1902834E+18 -0.3309620E+18 -0.3309651E+18  0.9439479E+17
  0.8704772E+18  0.7777000E+18 -0.7111899E+18  0.1737028E+18 -0.3176949E+18  0.1452626E+18
 -0.2325313E+19 -0.7305626E+18  0.1329450E+19  0.1376649E+18  0.4365521E+17 -0.1550468E+18
  0.1552907E+19 -0.4116162E+18 -0.5069426E+18  0.2727592E+17  0.6718553E+17  0.4137253E+17
  0.4251028E+19 -0.4444143E+19  0.1013692E+19  0.1161508E+19 -0.5298710E+18  0.6043077E+17
  0.4045178E+19 -0.2159302E+18 -0.1197005E+19 -0.9923937E+18  0.1104159E+19 -0.2002222E+18
 -0.5463302E+19  0.3549877E+19  0.2474675E+18 -0.3628332E+18 -0.3870815E+18  0.1071692E+18
  0.9623241E+18  0.9033033E+18 -0.7989947E+18  0.2119756E+18 -0.3749956E+18  0.1658466E+18
 -0.2599374E+19 -0.8897150E+18  0.1506762E+19  0.1550026E+18  0.6361322E+17 -0.1775392E+18
  0.1755320E+19 -0.4460403E+18 -0.5775894E+18  0.2833557E+17  0.7338496E+17  0.4751406E+17
  0.5073626E+19 -0.5227400E+19  0.1173506E+19  0.1346458E+19 -0.6045367E+18  0.6785664E+17
  0.4652356E+19 -0.1066685E+18 -0.1424945E+19 -0.1179709E+19  0.1276072E+19 -0.2270140E+18
 -0.6357038E+19  0.4048696E+19  0.3190848E+18 -0.3986477E+18 -0.4536143E+18  0.1219229E+18
  0.1066516E+19  0.1049935E+19 -0.8999952E+18  0.2584028E+18 -0.4430013E+18  0.1898685E+18
 -0.2914602E+19 -0.1079850E+19  0.1713127E+19  0.1746390E+18  0.8822459E+17 -0.2039462E+18
  0.1991275E+19 -0.4847952E+18 -0.6604724E+18  0.2950703E+17  0.8039923E+17  0.5476691E+17
  0.6066249E+19 -0.6159024E+19  0.1359791E+19  0.1563304E+19 -0.6902933E+18  0.7620154E+17
  0.5363227E+19  0.4042540E+17 -0.1698637E+19 -0.1402654E+19  0.1477133E+19 -0.2577509E+18
 -0.7417014E+19  0.4629607E+19  0.4086789E+18 -0.4388014E+18 -0.5325859E+18  0.1389733E+18
  0.1185420E+19  0.1221419E+19 -0.1016610E+19  0.3146280E+18 -0.5237415E+18  0.2179599E+18
 -0.3278725E+19 -0.1307043E+19  0.1954042E+19  0.1968543E+18  0.1185438E+18 -0.2350379E+18
  0.2267138E+19 -0.5284273E+18 -0.7580337E+18  0.3079162E+17  0.8834170E+17  0.6336349E+17
  0.7264422E+19 -0.7266647E+19  0.1576666E+19  0.1817218E+19 -0.7885745E+18  0.8554968E+17
  0.6199330E+19  0.2334518E+18 -0.2027224E+19 -0.1667543E+19  0.1712212E+19 -0.2930004E+18
 -0.8677250E+19  0.5307184E+19  0.5206506E+18 -0.4837634E+18 -0.6264120E+18  0.1586887E+18
  0.1322600E+19  0.1422616E+19 -0.1152055E+19  0.3825492E+18 -0.6195875E+18  0.2508753E+18
 -0.3702506E+19 -0.1578539E+19  0.2236492E+19  0.2219592E+18  0.1558223E+18 -0.2717477E+18
  0.2591213E+19 -0.5776716E+18 -0.8733504E+18  0.3219578E+17  0.9735010E+17  0.7358916E+17
  0.8707976E+19 -0.8580410E+19  0.1828400E+19  0.2113678E+19 -0.9008075E+18  0.9597655E+17
  0.7184453E+19  0.4826627E+18 -0.2421363E+19 -0.1981671E+19  0.1986823E+19 -0.3333897E+18
 -0.1017556E+20  0.6096624E+19  0.6604456E+18 -0.5337527E+18 -0.7379597E+18  0.1814882E+18
  0.1481870E+19  0.1659271E+19 -0.1310010E+19  0.4644771E+18 -0.7334183E+18  0.2895204E+18
 -0.4197637E+19 -0.1903160E+19  0.2568541E+19  0.2502090E+18  0.2017103E+18 -0.3152139E+18
  0.2972621E+19 -0.6329807E+18 -0.1010033E+19  0.3369624E+17  0.1075366E+18  0.8579687E+17
  0.1044553E+20 -0.1013582E+20  0.2119881E+19  0.2458823E+19 -0.1028513E+19  0.1075554E+18
  0.8350361E+19  0.7990688E+18 -0.2893811E+19 -0.2353318E+19  0.2307301E+19 -0.3796256E+18
 -0.1195938E+20  0.7016294E+19  0.8348089E+18 -0.5889562E+18 -0.8706357E+18  0.2078537E+18
  0.1668860E+19  0.1938773E+19 -0.1495373E+19  0.5630852E+18 -0.8686134E+18  0.3349801E+18
 -0.4780278E+19 -0.2291499E+19  0.2960421E+19  0.2818425E+18  0.2582010E+18 -0.3668184E+18
  0.3423154E+19 -0.6949165E+18 -0.1172614E+19  0.3526783E+17  0.1190230E+18  0.1004207E+18
  0.1253072E+20 -0.1197074E+20  0.2456042E+19  0.2858946E+19 -0.1173142E+19  0.1203470E+18
  0.9732398E+19  0.1196555E+19 -0.3459404E+19 -0.2792035E+19  0.2680826E+19 -0.4324957E+18
 -0.1408093E+20  0.8084706E+19  0.1052032E+19 -0.6490712E+18 -0.1028476E+19  0.2383355E+18
  0.1889746E+19  0.2269968E+19 -0.1713823E+19  0.6816726E+18 -0.1029324E+19  0.3885692E+18
 -0.5468210E+19 -0.2756508E+19  0.3424013E+19  0.3169401E+18  0.3279403E+18 -0.4282577E+18
  0.3955731E+19 -0.7634889E+18 -0.1366421E+19  0.3683992E+17  0.1318653E+18  0.1180000E+18
  0.1502714E+20 -0.1412819E+20  0.2842313E+19  0.3320755E+19 -0.1336140E+19  0.1344025E+18
  0.1137603E+20  0.1690514E+19 -0.4135727E+19 -0.3308611E+19  0.3115538E+19 -0.4928737E+18
 -0.1660359E+20  0.9322888E+19  0.1322302E+19 -0.7134637E+18 -0.1216221E+19  0.2735559E+18
  0.2153004E+19  0.2664095E+19 -0.1972670E+19  0.8241276E+18 -0.1220476E+19  0.4518600E+18
 -0.6284726E+19 -0.3313831E+19  0.3974036E+19  0.3554272E+18  0.4142098E+18 -0.5015848E+18
  0.4586356E+19 -0.8384696E+18 -0.1597998E+19  0.3832189E+17  0.1460716E+18  0.1391954E+18
  0.1800351E+20 -0.1665273E+20  0.3284003E+19  0.3850824E+19 -0.1518804E+19  0.1497580E+18
  0.1333157E+20  0.2300532E+19 -0.4943136E+19 -0.3915492E+19  0.3620620E+19 -0.5617319E+18
 -0.1959589E+20  0.1075070E+20  0.1657976E+19 -0.7806219E+18 -0.1439417E+19  0.3142187E+18
  0.2468002E+19  0.3134600E+19 -0.2280378E+19  0.9953114E+18 -0.1448150E+19  0.5267545E+18
 -0.7255364E+19 -0.3982569E+19  0.4627483E+19  0.3968656E+18  0.5213447E+18 -0.5893065E+18
  0.5332280E+19 -0.9185873E+18 -0.1874967E+19  0.3956106E+17  0.1614994E+18  0.1648216E+18
  0.2153992E+20 -0.1959403E+20  0.3786907E+19  0.4455984E+19 -0.1722401E+19  0.1664429E+18
  0.1566151E+20  0.3049741E+19 -0.5905803E+19 -0.4627028E+19  0.4206572E+19 -0.6401654E+18
 -0.2313881E+20  0.1238925E+20  0.2074119E+19 -0.8482622E+18 -0.1704558E+19  0.3611219E+18
  0.2846842E+19  0.3698384E+19 -0.2647532E+19  0.1201159E+19 -0.1719729E+19  0.6155442E+18
 -0.8412027E+19 -0.4786092E+19  0.5405039E+19  0.4404115E+18  0.6548376E+18 -0.6944659E+18
  0.6214096E+19 -0.1001722E+19 -0.2206532E+19  0.4036980E+17  0.1778482E+18  0.1958766E+18
  0.2572118E+20 -0.2300212E+20  0.4356540E+19  0.5142627E+19 -0.1947999E+19  0.1844729E+18
  0.1843310E+20  0.3968441E+19 -0.7051567E+19 -0.5459931E+19  0.4885178E+19 -0.7293844E+18
 -0.2731737E+20  0.1425590E+20  0.2588709E+19 -0.9126676E+18 -0.2019112E+19  0.4151530E+18
  0.3302524E+19  0.4375399E+19 -0.3086123E+19  0.1449203E+19 -0.2044348E+19  0.7209752E+18
 -0.9788508E+19 -0.5752846E+19  0.6330120E+19  0.4844899E+18  0.8218797E+18 -0.8207333E+18
  0.7253156E+19 -0.1083886E+19 -0.2603187E+19  0.4049303E+17  0.1945055E+18  0.2335736E+18
  0.3064456E+20 -0.2693209E+20  0.4998938E+19  0.5917344E+19 -0.2196668E+19  0.2038648E+18
  0.2172549E+20  0.5094819E+19 -0.8413401E+19 -0.6433908E+19  0.5669955E+19 -0.8307543E+18
 -0.3222842E+20  0.1636667E+20  0.3223349E+19 -0.9687757E+18 -0.2391711E+19  0.4773082E+18
  0.3850578E+19  0.5190084E+19 -0.3610476E+19  0.1748892E+19 -0.2433229E+19  0.8463364E+18
 -0.1142419E+20 -0.6917679E+19  0.7430309E+19  0.5266733E+18  0.1031627E+19 -0.9725218E+18
  0.8473537E+19 -0.1159290E+19 -0.3077232E+19  0.3965151E+17  0.2105027E+18  0.2793802E+18
  0.3641404E+20 -0.3144061E+20  0.5720152E+19  0.6786611E+19 -0.2469446E+19  0.2246396E+18
  0.2562079E+20  0.6480272E+19 -0.1002962E+20 -0.7572634E+19  0.6576362E+19 -0.9458144E+18
 -0.3797183E+20  0.1873133E+20  0.4003540E+19 -0.1009561E+19 -0.2832238E+19  0.5487006E+18
  0.4506675E+19  0.6170902E+19 -0.4236341E+19  0.2112423E+19 -0.2900369E+19  0.9955557E+18
 -0.1335842E+20 -0.8323028E+19  0.8736210E+19  0.5632438E+18  0.1295939E+19 -0.1155114E+19
  0.9899066E+19 -0.1219279E+19 -0.3642415E+19  0.3754498E+17  0.2243201E+18  0.3350615E+18
  0.4314759E+20 -0.3659038E+20  0.6526879E+19  0.7757421E+19 -0.2767489E+19  0.2468281E+18
  0.3020765E+20  0.8192136E+19 -0.1194528E+20 -0.8904556E+19  0.7622098E+19 -0.1076278E+19
 -0.4465569E+20  0.2135454E+20  0.4959389E+19 -0.1026069E+19 -0.3351934E+19  0.6305554E+18
  0.5287097E+19  0.7351268E+19 -0.4981222E+19  0.2555331E+19 -0.3462987E+19  0.1173261E+19
 -0.1563173E+20 -0.1002023E+20  0.1028203E+20  0.5889000E+18  0.1629810E+19 -0.1374748E+19
  0.1155413E+20 -0.1252237E+19 -0.4314143E+19  0.3392938E+17  0.2337835E+18  0.4027096E+18
  0.5097571E+20 -0.4245025E+20  0.7426419E+19  0.8837661E+19 -0.3092192E+19  0.2704803E+18
  0.3557233E+20  0.1032052E+20 -0.1421303E+20 -0.1046441E+20  0.8827581E+19 -0.1224065E+19
 -0.5239008E+20  0.2423267E+20  0.6126094E+19 -0.1007064E+19 -0.3963581E+19  0.7242264E+18
  0.6205853E+19  0.8768931E+19 -0.5863237E+19  0.3097646E+19 -0.4142406E+19  0.1384884E+19
 -0.1827966E+20 -0.1207077E+20  0.1210426E+20  0.5962169E+18  0.2052229E+19 -0.1638752E+19
  0.1346092E+20 -0.1242870E+19 -0.5109095E+19  0.2868909E+17  0.2358658E+18  0.4847894E+18
  0.6005158E+20 -0.4910209E+20  0.8427430E+19  0.1003727E+20 -0.3445409E+19  0.2956691E+18
  0.4179949E+20  0.1298386E+20 -0.1689520E+20 -0.1229476E+20  0.1021657E+20 -0.1391310E+19
 -0.6129243E+20  0.2735551E+20  0.7545038E+19 -0.9391529E+18 -0.4681771E+19  0.8312008E+18
  0.7273735E+19  0.1046625E+20 -0.6900804E+19  0.3764999E+19 -0.4964818E+19  0.1636748E+19
 -0.2133160E+20 -0.1454765E+20  0.1424165E+20  0.5751895E+18  0.2586853E+19 -0.1955663E+19
  0.1563973E+20 -0.1172312E+19 -0.6045297E+19  0.2196833E+17  0.2265695E+18  0.5841790E+18
  0.7055251E+20 -0.5664248E+20  0.9539691E+19  0.1136873E+20 -0.3829430E+19  0.3224751E+18
  0.4896131E+20  0.1633693E+20 -0.2006468E+20 -0.1444754E+20  0.1181638E+20 -0.1580302E+19
 -0.7148205E+20  0.3070381E+20  0.9264468E+19 -0.8066287E+18 -0.5523039E+19  0.9530669E+18
  0.8494418E+19  0.1248834E+20 -0.8110707E+19  0.4590033E+19 -0.5962108E+19  0.1936082E+19
 -0.2480319E+20 -0.1753536E+20  0.1673289E+20  0.5125374E+18  0.3262824E+19 -0.2335271E+19
  0.1810596E+20 -0.1017955E+19 -0.7141445E+19  0.1430788E+17  0.2007534E+18  0.7041913E+18
  0.8269486E+20 -0.6519260E+20  0.1077474E+20  0.1284867E+20 -0.4247140E+19  0.3509742E+18
  0.5711717E+20  0.2057859E+20 -0.2380796E+20 -0.1698612E+20  0.1365865E+20 -0.1793448E+19
 -0.8308813E+20  0.3425258E+20  0.1134134E+20 -0.5917632E+18 -0.6506343E+19  0.1091504E+19
  0.9862677E+19  0.1488205E+20 -0.9507112E+19  0.5613976E+19 -0.7172762E+19  0.2291091E+19
 -0.2869440E+20 -0.2113040E+20  0.1961605E+20  0.3911598E+18  0.4115505E+19 -0.2788746E+19
  0.2087082E+20 -0.7542037E+18 -0.8417003E+19  0.6813620E+16  0.1520816E+18  0.8486243E+18
  0.9674245E+20 -0.7490377E+20  0.1214551E+20  0.1449874E+20 -0.4701889E+19  0.3812014E+18
  0.6630431E+20  0.2596156E+20 -0.2822720E+20 -0.1998749E+20  0.1577979E+20 -0.2033153E+19
 -0.9624991E+20  0.3797105E+20  0.1384311E+20 -0.2748026E+18 -0.7653498E+19  0.1248226E+19
  0.1136073E+20  0.1769279E+20 -0.1109931E+20  0.6888522E+19 -0.8642826E+19  0.2710975E+19
 -0.3298336E+20 -0.2544028E+20  0.2292646E+20  0.1894169E+18  0.5187316E+19 -0.3328731E+19
  0.2393997E+20 -0.3531160E+18 -0.9891856E+19  0.1302121E+16  0.7295274E+17  0.1021814E+19
  0.1130216E+21 -0.8596559E+20  0.1366573E+20  0.1634661E+20 -0.5197158E+19  0.4130895E+18
  0.7653466E+20  0.3280140E+20 -0.3344319E+20 -0.2354397E+20  0.1822104E+20 -0.2301581E+19
 -0.1111242E+21  0.4182523E+20  0.1685041E+20  0.1658051E+18 -0.8989625E+19  0.1424868E+19
  0.1295671E+20  0.2096106E+20 -0.1288996E+20  0.8477577E+19 -0.1042654E+20  0.3205889E+19
 -0.3762490E+20 -0.3058196E+20  0.2669548E+20 -0.1194043E+18  0.6528309E+19 -0.3969417E+19
  0.2731468E+20  0.2143295E+18 -0.1158645E+20  0.4204439E+15 -0.4545759E+17  0.1228697E+19
  0.1319353E+21 -0.9861194E+20  0.1534852E+20  0.1842629E+20 -0.5735945E+19  0.4463876E+18
  0.8779072E+20  0.4148629E+20 -0.3959815E+20 -0.2776496E+20  0.2102822E+20 -0.2600329E+19
 -0.1278928E+21  0.4577927E+20  0.2046026E+20  0.7533876E+18 -0.1054363E+20  0.1622819E+19
  0.1460414E+20  0.2471816E+20 -0.1487340E+20  0.1045915E+20 -0.1258695E+20  0.3786906E+19
 -0.4255039E+20 -0.3667992E+20  0.3094967E+20 -0.5676068E+18  0.8196827E+19 -0.4726680E+19
  0.3099353E+20  0.9770910E+18 -0.1352226E+20  0.7700856E+16 -0.2131491E+18  0.1474918E+19
  0.1539786E+21 -0.1131264E+21  0.1720435E+20  0.2077818E+20 -0.6319925E+19  0.4805697E+18
  0.1000249E+21  0.5248681E+20 -0.4685909E+20 -0.3277830E+20  0.2425110E+20 -0.2930012E+19
 -0.1467729E+21  0.4979739E+20  0.2479031E+20  0.1513035E+19 -0.1234878E+20  0.1843018E+19
  0.1624410E+20  0.2898215E+20 -0.1703488E+20  0.1292723E+20 -0.1519651E+20  0.4466038E+19
 -0.4767203E+20 -0.4386517E+20  0.3571155E+20 -0.1193432E+19  0.1026028E+20 -0.5618399E+19
  0.3497612E+20  0.1963048E+19 -0.1572306E+20  0.2754420E+17 -0.4412315E+18  0.1767025E+19
  0.1797473E+21 -0.1298407E+21  0.1923751E+20  0.2344765E+20 -0.6948121E+19  0.5147253E+18
  0.1131596E+21  0.6636274E+20 -0.5541948E+20 -0.3873002E+20  0.2794159E+20 -0.3289688E+19
 -0.1680264E+21  0.5384363E+20  0.2998318E+20  0.2471666E+19 -0.1444293E+20  0.2085641E+19
  0.1780984E+20  0.3375423E+20 -0.1935071E+20  0.1599323E+20 -0.1833729E+20  0.5256224E+19
 -0.5289033E+20 -0.5227450E+20  0.4100137E+20 -0.2041307E+19  0.1279597E+20 -0.6664824E+19
  0.3926742E+20  0.3198574E+19 -0.1821663E+20  0.6513588E+17 -0.7419282E+18  0.2112728E+19
  0.2099440E+21 -0.1491289E+21  0.2144187E+20  0.2648257E+20 -0.7615369E+19  0.5474718E+18
  0.1270950E+21  0.8376611E+20 -0.6550034E+20 -0.4578257E+20  0.3215106E+20 -0.3676246E+19
 -0.1919709E+21  0.5788139E+20  0.3621123E+20  0.3658067E+19 -0.1686858E+20  0.2349755E+19
  0.1923506E+20  0.3901817E+20 -0.2179066E+20  0.1978701E+20 -0.2210110E+20  0.6171452E+19
 -0.5810726E+20 -0.6205265E+20  0.4684174E+20 -0.3161999E+19  0.1589231E+20 -0.7889242E+19
  0.4388411E+20  0.4708963E+19 -0.2103756E+20  0.1263232E+18 -0.1128712E+19  0.2521293E+19
  0.2453656E+21 -0.1713893E+21  0.2379544E+20  0.2992912E+20 -0.8310628E+19  0.5769176E+18
  0.1417189E+21  0.1054357E+21 -0.7734820E+20 -0.5411026E+20  0.3692671E+20 -0.4083814E+19
 -0.2189853E+21  0.6187051E+20  0.4368050E+20  0.5102853E+19 -0.1967258E+20  0.2632948E+19
  0.2046360E+20  0.4474285E+20 -0.2432204E+20  0.2445713E+20 -0.2658960E+20  0.7226999E+19
 -0.6324106E+20 -0.7335652E+20  0.5326372E+20 -0.4612844E+19  0.1965057E+20 -0.9318894E+19
  0.4886032E+20  0.6519950E+19 -0.2423056E+20  0.2175065E+18 -0.1616670E+19  0.3004075E+19
  0.2868924E+21 -0.1970256E+21  0.2625620E+20  0.3382723E+20 -0.9015827E+19  0.6007374E+18
  0.1569376E+21  0.1321863E+21 -0.9123517E+20 -0.6389437E+20  0.4230893E+20 -0.4503510E+19
 -0.2495263E+21  0.6576619E+20  0.5263631E+20  0.6838703E+19 -0.2290633E+20  0.2931115E+19
  0.2146223E+20  0.5089402E+20 -0.2691821E+20  0.3017162E+20 -0.3191597E+20  0.8440293E+19
 -0.6824868E+20 -0.8636731E+20  0.6031894E+20 -0.6458621E+19  0.2418856E+20 -0.1098675E+20
  0.5425673E+20  0.8660985E+19 -0.2785591E+20  0.3456376E+18 -0.2223315E+19  0.3575370E+19
  0.3354362E+21 -0.2264037E+21  0.2875714E+20  0.3820298E+20 -0.9704863E+19  0.6163417E+18
  0.1727045E+21  0.1648767E+21 -0.1074507E+21 -0.7531144E+20  0.4832629E+20 -0.4923240E+19
 -0.2841217E+21  0.6951206E+20  0.6336383E+20  0.8900055E+19 -0.2662438E+20  0.3238164E+19
  0.2222989E+20  0.5744880E+20 -0.2956711E+20  0.3711630E+20 -0.3820521E+20  0.9831516E+19
 -0.7314220E+20 -0.1013000E+21  0.6808898E+20 -0.8772560E+19  0.2964369E+20 -0.1293297E+20
  0.6016429E+20  0.1116898E+20 -0.3199319E+20  0.5183560E+18 -0.2969629E+19  0.4253204E+19
  0.3919070E+21 -0.2598274E+21  0.3120762E+20  0.4306524E+20 -0.1034505E+20  0.6212671E+18
  0.1890754E+21  0.2043873E+21 -0.1263051E+21 -0.8852938E+20  0.5499768E+20 -0.5328578E+19
 -0.3233873E+21  0.7303882E+20  0.7619383E+20  0.1132413E+20 -0.3088589E+20  0.3546311E+19
  0.2280483E+20  0.6442248E+20 -0.3228387E+20  0.4549755E+20 -0.4560014E+20  0.1142574E+20
 -0.7800901E+20 -0.1184263E+21  0.7670287E+20 -0.1163953E+20  0.3618099E+20 -0.1520827E+20
  0.6671182E+20  0.1409428E+20 -0.3674845E+20  0.7444283E+18 -0.3881942E+19  0.5060754E+19
  0.4571570E+21 -0.2975086E+21  0.3349780E+20  0.4840315E+20 -0.1089985E+20  0.6136308E+18
  0.2062531E+21  0.2515914E+21 -0.1481307E+21 -0.1037031E+21  0.6233543E+20 -0.5703924E+19
 -0.3680233E+21  0.7625845E+20  0.9150479E+20  0.1415206E+20 -0.3575551E+20  0.3846457E+19
  0.2326354E+20  0.7189404E+20 -0.3512029E+20  0.5554565E+20 -0.5426817E+20  0.1325502E+20
 -0.8301958E+20 -0.1380937E+21  0.8634958E+20 -0.1516031E+20  0.4400171E+20 -0.1787712E+20
  0.7406708E+20  0.1750635E+20 -0.4225907E+20  0.1034441E+19 -0.4994135E+19  0.6027743E+19
  0.5319536E+21 -0.3395661E+21  0.3550936E+20  0.5418948E+20 -0.1133349E+20  0.5925869E+18
  0.2246286E+21  0.3073563E+21 -0.1732955E+21 -0.1209812E+21  0.7035478E+20 -0.6034208E+19
 -0.4188195E+21  0.7905826E+20  0.1097290E+21  0.1743170E+20 -0.4130654E+20  0.4128915E+19
  0.2371353E+20  0.8003107E+20 -0.3817178E+20  0.6752444E+20 -0.6441318E+20  0.1536132E+20
 -0.8842766E+20 -0.1607491E+21  0.9729029E+20 -0.1945865E+20  0.5335585E+20 -0.2102201E+20
  0.8243659E+20  0.2150019E+20 -0.4869899E+20  0.1401860E+19 -0.6350563E+19  0.7192169E+19
  0.6169770E+21 -0.3860549E+21  0.3712975E+20  0.6039057E+20 -0.1161642E+20  0.5586183E+18
  0.2447742E+21  0.3725791E+21 -0.2022226E+21 -0.1405240E+21  0.7908689E+20 -0.6306512E+19
 -0.4766464E+21  0.8129411E+20  0.1313596E+21  0.2122114E+20 -0.4762530E+20  0.4384180E+19
  0.2427741E+20  0.8909780E+20 -0.4157505E+20  0.8174697E+20 -0.7628998E+20  0.1779932E+20
 -0.9455032E+20 -0.1869543E+21  0.1098610E+21 -0.2468994E+20  0.6455638E+20 -0.2474757E+20
  0.9205848E+20  0.2620090E+20 -0.5628112E+20  0.1864269E+19 -0.8009125E+19  0.8602044E+19
  0.7129029E+21 -0.4370489E+21  0.3826648E+20  0.6698377E+20 -0.1172973E+20  0.5135075E+18
  0.2673985E+21  0.4482931E+21 -0.2354244E+21 -0.1625388E+21  0.8859524E+20 -0.6511046E+19
 -0.5424674E+21  0.8278491E+20  0.1569669E+21  0.2559393E+20 -0.5481834E+20  0.4603498E+19
  0.2507422E+20  0.9944566E+20 -0.4549787E+20  0.9860167E+20 -0.9022347E+20  0.2063929E+20
 -0.1017354E+21 -0.2174031E+21  0.1244692E+21 -0.3105234E+20  0.7799751E+20 -0.2918515E+20
  0.1031946E+21  0.3176733E+20 -0.6525939E+20  0.2444806E+19 -0.1004469E+20  0.1031737E+20
  0.8204733E+21 -0.4927116E+21  0.3885024E+20  0.7397092E+20 -0.1166519E+20  0.4598995E+18
  0.2932130E+21  0.5357744E+21 -0.2735138E+21 -0.1873069E+21  0.9897892E+20 -0.6639931E+19
 -0.6172974E+21  0.8330239E+20  0.1872048E+21  0.3064089E+20 -0.6301451E+20  0.4778182E+19
  0.2619643E+20  0.1114665E+21 -0.5011331E+20  0.1185733E+21 -0.1066168E+21  0.2396648E+20
 -0.1103020E+21 -0.2529033E+21  0.1415651E+21 -0.3879397E+20  0.9416389E+20 -0.3449319E+20
  0.1161086E+21  0.3838866E+20 -0.7592127E+20  0.3173084E+19 -0.1255082E+20  0.1241088E+20
  0.9406650E+21 -0.5534058E+21  0.3882853E+20  0.8139400E+20 -0.1142167E+20  0.4006885E+18
  0.3227812E+21  0.6367052E+21 -0.3172236E+21 -0.2152207E+21  0.1103736E+21 -0.6684630E+19
 -0.7022083E+21  0.8257127E+20  0.2228321E+21  0.3647190E+20 -0.7236968E+20  0.4898118E+19
  0.2768991E+20  0.1255303E+21 -0.5556927E+20  0.1422708E+21 -0.1259598E+21  0.2787969E+20
 -0.1204784E+21 -0.2943631E+21  0.1616086E+21 -0.4821921E+20  0.1136417E+21 -0.4085731E+20
  0.1310500E+21  0.4627865E+20 -0.8858176E+20  0.4085680E+19 -0.1564077E+20  0.1496896E+20
  0.1074798E+22 -0.6197362E+21  0.3814076E+20  0.8933611E+20 -0.1099612E+20  0.3383701E+18
  0.3563324E+21  0.7532702E+21 -0.3673835E+21 -0.2467885E+21  0.1229290E+21 -0.6630750E+19
 -0.7982881E+21  0.8027034E+20  0.2647172E+21  0.4321068E+20 -0.8306188E+20  0.4948257E+19
  0.2953411E+20  0.1418971E+21 -0.6194818E+20  0.1704366E+21 -0.1488155E+21  0.3248429E+20
 -0.1323300E+21 -0.3427357E+21  0.1850113E+21 -0.5968416E+20  0.1371113E+21 -0.4848339E+20
  0.1482288E+21  0.5566009E+20 -0.1035673E+21  0.5225107E+19 -0.1944482E+20  0.1809058E+20
  0.1224609E+22 -0.6925387E+21  0.3668244E+20  0.9791080E+20 -0.1037229E+20  0.2747002E+18
  0.3936209E+21  0.8881853E+21 -0.4248695E+21 -0.2826135E+21  0.1367722E+21 -0.6451653E+19
 -0.9066095E+21  0.7604398E+20  0.3138375E+21  0.5098376E+20 -0.9528036E+20  0.4903776E+19
  0.3162997E+20  0.1606301E+21 -0.6922946E+20  0.2039366E+21 -0.1757880E+21  0.3788114E+20
 -0.1457038E+21 -0.3989501E+21  0.2120731E+21 -0.7358074E+20  0.1653253E+21 -0.5758544E+20
  0.1677966E+21  0.6674336E+20 -0.1211972E+21  0.6637019E+19 -0.2410392E+20  0.2188479E+20
  0.1392274E+22 -0.7728169E+21  0.3426863E+20  0.1072428E+21 -0.9510832E+19  0.2108670E+18
  0.4338890E+21  0.1044644E+22 -0.4905407E+21 -0.3233490E+21  0.1519635E+21 -0.6102656E+19
 -0.1028237E+22  0.6952872E+20  0.3712762E+21  0.5990530E+20 -0.1092115E+21  0.4724920E+19
  0.3380433E+20  0.1815405E+21 -0.7726819E+20  0.2437333E+21 -0.2074780E+21  0.4415391E+20
 -0.1602201E+21 -0.4638509E+21  0.2429356E+21 -0.9031054E+20  0.1990761E+21 -0.6837143E+20
  0.1898462E+21  0.7970435E+20 -0.1417722E+21  0.8365697E+19 -0.2976056E+20  0.2646794E+20
  0.1580227E+22 -0.8615618E+21  0.3060617E+20  0.1174339E+21 -0.8343458E+19  0.1481967E+18
  0.4759424E+21  0.1226070E+22 -0.5651286E+21 -0.3696049E+21  0.1684444E+21 -0.5517401E+19
 -0.1164192E+22  0.6038694E+20  0.4381836E+21  0.7005453E+20 -0.1250140E+21  0.4352597E+19
  0.3583681E+20  0.2041764E+21 -0.8579855E+20  0.2908184E+21 -0.2444141E+21  0.5135355E+20
 -0.1753192E+21 -0.5381307E+21  0.2775551E+21 -0.1102428E+21  0.2391407E+21 -0.8102414E+20
  0.2144221E+21  0.9466170E+20 -0.1655633E+21  0.1044766E+20 -0.3654590E+20  0.3195938E+20
  0.1791076E+22 -0.9596607E+21  0.2529373E+20  0.1285468E+21 -0.6776204E+19  0.8930002E+17
  0.5183999E+21  0.1435949E+22 -0.6492067E+21 -0.4218975E+21  0.1860234E+21 -0.4609922E+19
 -0.1315575E+22  0.4835887E+20  0.5157837E+21  0.8146438E+20 -0.1428145E+21  0.3707563E+19
  0.3751075E+20  0.2279052E+21 -0.9448126E+20  0.3461725E+21 -0.2870213E+21  0.5949433E+20
 -0.1903866E+21 -0.6223750E+21  0.3157580E+21 -0.1336852E+21  0.2862600E+21 -0.9569749E+20
  0.2415778E+21  0.1116775E+21 -0.1928374E+21  0.1290667E+20 -0.4457279E+20  0.3848269E+20
  0.2027445E+22 -0.1067817E+22  0.1784515E+20  0.1405997E+21 -0.4699350E+19  0.3926731E+17
  0.5599820E+21  0.1677627E+22 -0.7431896E+21 -0.4806208E+21  0.2043929E+21 -0.3281545E+19
 -0.1483682E+22  0.3330847E+20  0.6053833E+21  0.9411921E+20 -0.1627143E+21  0.2692964E+19
  0.3866686E+20  0.2520460E+21 -0.1029751E+21  0.4107341E+21 -0.3356164E+21  0.6855917E+20
 -0.2048970E+21 -0.7171579E+21  0.3573396E+21 -0.1608668E+21  0.3411431E+21 -0.1125247E+21
  0.2714390E+21  0.1307742E+21 -0.2238984E+21  0.1575114E+20 -0.5393504E+20  0.4617107E+20
  0.2291945E+22 -0.1186600E+22  0.7730681E+19  0.1535834E+21 -0.2001187E+19  0.6518855E+16
  0.5998228E+21  0.1954316E+22 -0.8474445E+21 -0.5460942E+21  0.2231917E+21 -0.1430912E+19
 -0.1670211E+22  0.1524416E+20  0.7084464E+21  0.1079748E+21 -0.1848232E+21  0.1199538E+19
  0.3924477E+20  0.2760491E+21 -0.1110243E+21  0.4854349E+21 -0.3904746E+21  0.7852257E+20
 -0.2185547E+21 -0.8232420E+21  0.4022201E+21 -0.1919622E+21  0.4045414E+21 -0.1316514E+21
  0.3042837E+21  0.1519811E+21 -0.2591598E+21  0.1897757E+20 -0.6472150E+20  0.5518188E+20
  0.2587228E+22 -0.1316566E+22 -0.5583156E+19  0.1674906E+21  0.1420554E+19  0.3012069E+16
  0.6376950E+21  0.2269265E+22 -0.9624768E+21 -0.6186646E+21  0.2420897E+21  0.1037755E+19
 -0.1877477E+22 -0.5706499E+19  0.8267185E+21  0.1229951E+21 -0.2093096E+21 -0.8898304E+18
  0.3929446E+20  0.2996579E+21 -0.1185299E+21  0.5712945E+21 -0.4519520E+21  0.8938500E+20
 -0.2313785E+21 -0.9418153E+21  0.4506056E+21 -0.2271551E+21  0.4773809E+21 -0.1532876E+21
  0.3406078E+21  0.1753960E+21 -0.2992279E+21  0.2258006E+20 -0.7704373E+20  0.6571880E+20
  0.2916230E+22 -0.1458475E+22 -0.2261559E+20  0.1823544E+21  0.5655294E+19  0.4384643E+17
  0.6740705E+21  0.2626178E+22 -0.1089171E+22 -0.6988567E+21  0.2608696E+21  0.4213168E+19
 -0.2108623E+22 -0.2937148E+20  0.9624063E+21  0.1391987E+21 -0.2364579E+21 -0.3700065E+19
  0.3895192E+20  0.3229940E+21 -0.1255758E+21  0.6695764E+21 -0.5206450E+21  0.1012100E+21
 -0.2436983E+21 -0.1074722E+22  0.5031080E+21 -0.2667332E+21  0.5609403E+21 -0.1777681E+21
  0.3811677E+21  0.2012496E+21 -0.3449850E+21  0.2656404E+20 -0.9107292E+20  0.7805925E+20
  0.3282220E+22 -0.1613353E+22 -0.4388567E+20  0.1982582E+21  0.1078585E+20  0.1466958E+18
  0.7099198E+21  0.3029462E+22 -0.1228874E+22 -0.7874376E+21  0.2794365E+21  0.8183745E+19
 -0.2367559E+22 -0.5562488E+20  0.1118259E+22  0.1566803E+21 -0.2666843E+21 -0.7370153E+19
  0.3838760E+20  0.3464943E+21 -0.1323850E+21  0.7818819E+21 -0.5974667E+21  0.1141370E+21
 -0.2560427E+21 -0.1224490E+22  0.5607232E+21 -0.3111497E+21  0.6569501E+21 -0.2055800E+21
  0.4269469E+21  0.2299248E+21 -0.3976075E+21  0.3095549E+20 -0.1070623E+21  0.9257106E+20
  0.3689096E+22 -0.1782617E+22 -0.6995468E+20  0.2153456E+21  0.1690148E+20  0.3316298E+18
  0.7464439E+21  0.3484616E+22 -0.1383460E+22 -0.8854773E+21  0.2977941E+21  0.1304987E+20
 -0.2658973E+22 -0.8445719E+20  0.1297672E+22  0.1756190E+21 -0.3005428E+21 -0.1206456E+20
  0.3775847E+20  0.3707803E+21 -0.1392472E+21  0.9102463E+21 -0.6836893E+21  0.1283804E+21
 -0.2690055E+21 -0.1394327E+22  0.6247583E+21 -0.3610631E+21  0.7676664E+21 -0.2373745E+21
  0.4791241E+21  0.2619555E+21 -0.4585732E+21  0.3580529E+20 -0.1253598E+21  0.1097260E+21
  0.4141320E+22 -0.1967934E+22 -0.1014725E+21  0.2337880E+21  0.2410961E+20  0.6215815E+18
  0.7847435E+21  0.3998129E+22 -0.1555123E+22 -0.9942460E+21  0.3159427E+21  0.1893438E+20
 -0.2988062E+22 -0.1159832E+21  0.1504599E+22  0.1962410E+21 -0.3386723E+21 -0.1798470E+20
  0.3717549E+20  0.3964707E+21 -0.1464301E+21  0.1057074E+22 -0.7808271E+21  0.1441930E+21
 -0.2831057E+21 -0.1587893E+22  0.6966467E+21 -0.4172836E+21  0.8957807E+21 -0.2739217E+21
  0.5389897E+21  0.2979675E+21 -0.5295957E+21  0.4118103E+20 -0.1463871E+21  0.1300914E+21
  0.4643813E+22 -0.2171035E+22 -0.1392021E+21  0.2537459E+21  0.3253929E+20  0.1043175E+19
  0.8255653E+21  0.4577180E+22 -0.1746066E+22 -0.1115052E+22  0.3337658E+21  0.2598444E+20
 -0.3360232E+22 -0.1503726E+21  0.1743368E+22  0.2187593E+21 -0.3817232E+21 -0.2537461E+20
  0.3669172E+20  0.4240135E+21 -0.1541058E+21  0.1224986E+22 -0.8904314E+21  0.1618116E+21
 -0.2986868E+21 -0.1809015E+22  0.7777335E+21 -0.4806541E+21  0.1044225E+22 -0.3160281E+21
  0.6078605E+21  0.3385860E+21 -0.6125237E+21  0.4714917E+20 -0.1705917E+21  0.1543056E+21
  0.5201798E+22 -0.2393560E+22 -0.1840111E+21  0.2753436E+21  0.4233550E+20  0.1627326E+19
  0.8690492E+21  0.5229225E+22 -0.1958129E+22 -0.1249091E+22  0.3509439E+21  0.3436205E+20
 -0.3780771E+22 -0.1876993E+21  0.2018417E+22  0.2433093E+21 -0.4302878E+21 -0.3451748E+20
  0.3629738E+20  0.4535176E+21 -0.1622854E+21  0.1416619E+22 -0.1013838E+22  0.1813943E+21
 -0.3158212E+21 -0.2061354E+22  0.8690371E+21 -0.5518840E+21  0.1215908E+22 -0.3644297E+21
  0.6869851E+21  0.3843217E+21 -0.7092112E+21  0.5375050E+20 -0.1983778E+21  0.1830391E+21
  0.5821003E+22 -0.2637179E+22 -0.2368605E+21  0.2986904E+21  0.5365427E+20  0.2409502E+19
  0.9145843E+21  0.5962046E+22 -0.2192646E+22 -0.1397468E+22  0.3669542E+21  0.4423153E+20
 -0.4254865E+22 -0.2277841E+21  0.2334219E+22  0.2699261E+21 -0.4849005E+21 -0.4572922E+20
  0.3592441E+20  0.4846477E+21 -0.1707902E+21  0.1634567E+22 -0.1152045E+22  0.2029909E+21
 -0.3342579E+21 -0.2348308E+22  0.9711303E+21 -0.6314451E+21  0.1413576E+22 -0.4197285E+21
  0.7775237E+21  0.4355030E+21 -0.8214610E+21  0.6098297E+20 -0.2300565E+21  0.2169703E+21
  0.6507599E+22 -0.2903662E+22 -0.2987994E+21  0.3239004E+21  0.6666150E+20  0.3429879E+19
  0.9607911E+21  0.6783698E+22 -0.2450436E+22 -0.1561249E+22  0.3811067E+21  0.5575007E+20
 -0.4787635E+22 -0.2700993E+21  0.2695268E+22  0.2985518E+21 -0.5460648E+21 -0.5935389E+20
  0.3546314E+20  0.5166009E+21 -0.1792646E+21  0.1881365E+22 -0.1305698E+22  0.2265437E+21
 -0.3534266E+21 -0.2673017E+22  0.1084131E+22 -0.7195327E+21  0.1639785E+22 -0.4823761E+21
  0.8805647E+21  0.4922600E+21 -0.9510217E+21  0.6879675E+20 -0.2658237E+21  0.2567790E+21
  0.7268772E+22 -0.3195206E+22 -0.3710120E+21  0.3511371E+21  0.8154471E+20  0.4734290E+19
  0.1005916E+22  0.7703287E+22 -0.2732282E+22 -0.1741698E+22  0.3926481E+21  0.6907528E+20
 -0.5384931E+22 -0.3138311E+21  0.3106558E+22  0.3291101E+21 -0.6143702E+21 -0.7577502E+20
  0.3480182E+20  0.5483219E+21 -0.1872821E+21  0.2159778E+22 -0.1475366E+22  0.2519594E+21
 -0.3726067E+21 -0.3038922E+22  0.1208017E+22 -0.8162205E+21  0.1897249E+22 -0.5527947E+21
  0.9973308E+21  0.5546545E+21 -0.1099812E+22  0.7711624E+20 -0.3058240E+21  0.3032057E+21
  0.8112678E+22 -0.3514351E+22 -0.4548404E+21  0.3805976E+21  0.9851671E+20  0.6375199E+19
  0.1048455E+22  0.8731120E+22 -0.3039324E+22 -0.1940315E+22  0.4008174E+21  0.8437651E+20
 -0.6053862E+22 -0.3580547E+21  0.3573954E+22  0.3615637E+21 -0.6905523E+21 -0.9543021E+20
  0.3387471E+20  0.5788646E+21 -0.1944968E+21  0.2472967E+22 -0.1661820E+22  0.2791833E+21
 -0.3911904E+21 -0.3450276E+22  0.1343016E+22 -0.9216394E+21  0.2189194E+22 -0.6315151E+21
  0.1129382E+22  0.6228339E+21 -0.1270163E+22  0.8587044E+20 -0.3502360E+21  0.3571232E+21
  0.9048352E+22 -0.3863804E+22 -0.5517645E+21  0.4124780E+21  0.1178065E+21  0.8411588E+19
  0.1087905E+22  0.9878785E+22 -0.3373431E+22 -0.2158800E+22  0.4048909E+21  0.1018438E+21
 -0.6803273E+22 -0.4019753E+21  0.4104525E+22  0.3959591E+21 -0.7755193E+21 -0.1188215E+21
  0.3270034E+20  0.6078385E+21 -0.2008038E+21  0.2824647E+22 -0.1866284E+22  0.3082701E+21
 -0.4089868E+21 -0.3912639E+22  0.1490016E+22 -0.1036172E+22  0.2519707E+22 -0.7193196E+21
  0.1278811E+22  0.6971930E+21 -0.1465073E+22  0.9502543E+20 -0.3993706E+21  0.4196163E+21
  0.1008542E+23 -0.4246230E+22 -0.6633311E+21  0.4469438E+21  0.1396400E+21  0.1090703E+20
  0.1125114E+22  0.1115898E+23 -0.3737319E+22 -0.2398974E+22  0.4042069E+21  0.1216874E+21
 -0.7643737E+22 -0.4451037E+21  0.4706605E+22  0.4324387E+21 -0.8703319E+21 -0.1465133E+21
  0.3137899E+20  0.6356508E+21 -0.2064009E+21  0.3219127E+22 -0.2090553E+22  0.3394097E+21
 -0.4263617E+21 -0.4433031E+22  0.1650745E+22 -0.1160559E+22  0.2893898E+22 -0.8173080E+21
  0.1448296E+22  0.7784429E+21 -0.1688310E+22  0.1046011E+21 -0.4537239E+21  0.4920250E+21
  0.1123442E+23 -0.4664375E+22 -0.7911275E+21  0.4841458E+21  0.1642325E+21  0.1392779E+20
  0.1161939E+22  0.1258590E+23 -0.4134465E+22 -0.2662818E+22  0.3981508E+21  0.1441339E+21
 -0.8587400E+22 -0.4872736E+21  0.5389749E+22  0.4712273E+21 -0.9761806E+21 -0.1791268E+21
  0.3004387E+20  0.6633326E+21 -0.2116913E+21  0.3661398E+22 -0.2336945E+22  0.3728981E+21
 -0.4440831E+21 -0.5019798E+22  0.1827607E+22 -0.1295883E+22  0.3317868E+22 -0.9268607E+21
  0.1641015E+22  0.8675583E+21 -0.1944355E+22  0.1146634E+21 -0.5139628E+21  0.5759419E+21
  0.1250641E+23 -0.5120974E+22 -0.9367522E+21  0.5242189E+21  0.1917851E+21  0.1754110E+20
  0.1200074E+22  0.1417465E+23 -0.4568327E+22 -0.2952336E+22  0.3860357E+21  0.1694047E+21
 -0.9646786E+22 -0.5283884E+21  0.6164001E+22  0.5125341E+21 -0.1094259E+22 -0.2173171E+21
  0.2878878E+20  0.6918645E+21 -0.2170245E+21  0.4156797E+22 -0.2607813E+22  0.4090103E+21
 -0.4628369E+21 -0.5681659E+22  0.2022955E+22 -0.1443264E+22  0.3798099E+22 -0.1049379E+22
  0.1860256E+22  0.9655011E+21 -0.2237957E+22  0.1252774E+21 -0.5807668E+21  0.6730862E+21
  0.1391387E+23 -0.5619190E+22 -0.1101911E+22  0.5673351E+21  0.2225065E+21  0.2181653E+20
  0.1239989E+22  0.1594206E+23 -0.5041937E+22 -0.3269704E+22  0.3670099E+21  0.1977043E+21
 -0.1083463E+23 -0.5681113E+21  0.7039720E+22  0.5564973E+21 -0.1225755E+22 -0.2617677E+21
  0.2762665E+20  0.7215271E+21 -0.2224782E+21  0.4711043E+22 -0.2905240E+22  0.4479059E+21
 -0.4827855E+21 -0.6427275E+22  0.2238512E+22 -0.1603621E+22  0.4341108E+22 -0.1186087E+22
  0.2109213E+22  0.1073009E+22 -0.2573851E+22  0.1364666E+21 -0.6546911E+21  0.7852111E+21
  0.1547067E+23 -0.6162530E+22 -0.1288443E+22  0.6136901E+21  0.2566169E+21  0.2682633E+20
  0.1280757E+22  0.1790646E+23 -0.5557649E+22 -0.3617204E+22  0.3400112E+21  0.2292079E+21
 -0.1216374E+23 -0.6057251E+21  0.8027393E+22  0.6031520E+21 -0.1371815E+22 -0.3131804E+21
  0.2650722E+20  0.7517623E+21 -0.2278406E+21  0.5330118E+22 -0.3230854E+22  0.4895959E+21
 -0.5034943E+21 -0.7265067E+22  0.2475183E+22 -0.1777545E+22  0.4953239E+22 -0.1337928E+22
  0.2390919E+22  0.1190514E+22 -0.2956626E+22  0.1481987E+21 -0.7360990E+21  0.9140459E+21
  0.1719217E+23 -0.6754778E+22 -0.1498316E+22  0.6634857E+21  0.2943431E+21  0.3264497E+20
  0.1321082E+22  0.2008803E+23 -0.6117759E+22 -0.3997263E+22  0.3038649E+21  0.2640762E+21
 -0.1364791E+23 -0.6403792E+21  0.9138216E+22  0.6525068E+21 -0.1533628E+22 -0.3722877E+21
  0.2537869E+20  0.7817745E+21 -0.2328390E+21  0.6020517E+22 -0.3586229E+22  0.5340504E+21
 -0.5243673E+21 -0.8204017E+22  0.2733677E+22 -0.1965559E+22  0.5641182E+22 -0.1505780E+22
  0.2708582E+22  0.1318379E+22 -0.3391107E+22  0.1604274E+21 -0.8252961E+21  0.1061405E+22
  0.1909508E+23 -0.7399815E+22 -0.1733591E+22  0.7169026E+21  0.3359045E+21  0.3934699E+20
  0.1360692E+22  0.2250897E+23 -0.6725382E+22 -0.4412476E+22  0.2574251E+21  0.3024857E+21
 -0.1530300E+23 -0.6715594E+21  0.1038485E+23  0.7046561E+21 -0.1712511E+22 -0.4398732E+21
  0.2424031E+20  0.8113745E+21 -0.2374205E+21  0.6789606E+22 -0.3973483E+22  0.5813507E+21
 -0.5452364E+21 -0.9254682E+22  0.3015401E+22 -0.2168550E+22  0.6412769E+22 -0.1690794E+22
  0.3065996E+22  0.1457246E+22 -0.3882911E+22  0.1731547E+21 -0.9227601E+21  0.1229372E+22
  0.2119818E+23 -0.8101787E+22 -0.1996443E+22  0.7741107E+21  0.3815127E+21  0.4700619E+20
  0.1400893E+22  0.2519468E+23 -0.7385092E+22 -0.4865767E+22  0.1996350E+21  0.3446572E+21
 -0.1714775E+23 -0.6994119E+21  0.1178218E+23  0.7598531E+21 -0.1909979E+22 -0.5167975E+21
  0.2314470E+20  0.8413477E+21 -0.2418441E+21  0.7646092E+22 -0.4395715E+22  0.6317709E+21
 -0.5666093E+21 -0.1042998E+23  0.3322948E+22 -0.2388074E+22  0.7277621E+22 -0.1894623E+22
  0.3467815E+22  0.1608259E+22 -0.4438854E+22  0.1864645E+21 -0.1029298E+22  0.1420449E+22
  0.2352122E+23 -0.8864727E+22 -0.2289039E+22  0.8352394E+21  0.4313490E+21  0.5569122E+20
  0.1443693E+22  0.2817242E+23 -0.8102053E+22 -0.5360107E+22  0.1294415E+21  0.3908198E+21
 -0.1920231E+23 -0.7245471E+21  0.1334623E+23  0.8184093E+21 -0.2127577E+22 -0.6039493E+21
  0.2215287E+20  0.8729371E+21 -0.2464894E+21  0.8599554E+22 -0.4856475E+22  0.6856563E+21
 -0.5893029E+21 -0.1174407E+23  0.3659422E+22 -0.2626050E+22  0.8246416E+22 -0.2119144E+22
  0.3919107E+22  0.1772795E+22 -0.5066415E+22  0.2004796E+21 -0.1145888E+22  0.1637398E+22
  0.2608632E+23 -0.9693067E+22 -0.2613634E+22  0.9004294E+21  0.4855828E+21  0.6546617E+20
  0.1490651E+22  0.3147272E+23 -0.8881531E+22 -0.5898718E+22  0.4568306E+20  0.4411872E+21
 -0.2148813E+23 -0.7476903E+21  0.1509412E+23  0.8806247E+21 -0.2366865E+22 -0.7022266E+21
  0.2129507E+20  0.9071358E+21 -0.2516251E+21  0.9660635E+22 -0.5359414E+22  0.7433083E+21
 -0.6139483E+21 -0.1321204E+23  0.4027750E+22 -0.2884489E+22  0.9330556E+22 -0.2366210E+22
  0.4425116E+22  0.1952218E+22 -0.5773394E+22  0.2153139E+21 -0.1273517E+22  0.1883119E+22
  0.2891768E+23 -0.1059143E+23 -0.2972514E+22  0.9698084E+21  0.5443587E+21  0.7638787E+20
  0.1542344E+22  0.3512884E+23 -0.9728257E+22 -0.6484896E+22 -0.5297783E+20  0.4959206E+21
 -0.2402731E+23 -0.7694369E+21  0.1704334E+23  0.9467083E+21 -0.2629314E+22 -0.8124924E+21
  0.2056548E+20  0.9443423E+21 -0.2573175E+21  0.1084077E+23 -0.5907857E+22  0.8048962E+21
 -0.6407562E+21 -0.1484924E+23  0.4430183E+22 -0.3165215E+22  0.1054162E+23 -0.2637406E+22
  0.4990992E+22  0.2147666E+22 -0.6567507E+22  0.2310396E+21 -0.1413026E+22  0.2160499E+22
  0.3204185E+23 -0.1156468E+23 -0.3368026E+22  0.1043493E+22  0.6078010E+21  0.8850612E+20
  0.1598910E+22  0.3917718E+23 -0.1064682E+23 -0.7122067E+22 -0.1680037E+21  0.5551451E+21
 -0.2684328E+23 -0.7903687E+21  0.1921234E+23  0.1016825E+22 -0.2916370E+22 -0.9355900E+21
  0.1994667E+20  0.9846831E+21 -0.2635452E+21  0.1215241E+23 -0.6505057E+22  0.8705220E+21
 -0.6697489E+21 -0.1667192E+23  0.4868679E+22 -0.3470026E+22  0.1189175E+23 -0.2934194E+22
  0.5622035E+22  0.2360197E+22 -0.7456683E+22  0.2477096E+21 -0.1565202E+22  0.2472509E+22
  0.3548777E+23 -0.1261772E+23 -0.3802577E+22  0.1121562E+22  0.6760057E+21  0.1018632E+21
  0.1661118E+22  0.4365765E+23 -0.1164242E+23 -0.7813766E+22 -0.3009012E+21  0.6189846E+21
 -0.2996180E+23 -0.8114640E+21  0.2162122E+23  0.1091177E+22 -0.3229511E+22 -0.1072375E+22
  0.1943848E+20  0.1028679E+22 -0.2703973E+21  0.1360935E+23 -0.7154675E+22  0.9403346E+21
 -0.7012288E+21 -0.1869807E+23  0.5345648E+22 -0.3801039E+22  0.1339442E+23 -0.3258210E+22
  0.6324078E+22  0.2591088E+22 -0.8449606E+22  0.2654038E+21 -0.1730977E+22  0.2822381E+22
  0.3928816E+23 -0.1375588E+23 -0.4278760E+22  0.1204079E+22  0.7490565E+21  0.1164968E+21
  0.1731017E+22  0.4861570E+23 -0.1272166E+23 -0.8563907E+22 -0.4531965E+21  0.6876068E+21
 -0.3341265E+23 -0.8344434E+21  0.2429312E+23  0.1170091E+22 -0.3570375E+22 -0.1223772E+22
  0.1906695E+20  0.1077668E+22 -0.2781786E+21  0.1522751E+23 -0.7861357E+22  0.1014627E+22
 -0.7360725E+21 -0.2094873E+23  0.5864581E+22 -0.4161084E+22  0.1506539E+23 -0.3611574E+22
  0.7103952E+22  0.2842118E+22 -0.9556380E+22  0.2842655E+21 -0.1911637E+22  0.3213859E+22
  0.4347762E+23 -0.1498415E+23 -0.4799114E+22  0.1291037E+22  0.8269848E+21  0.1324331E+21
  0.1811578E+22  0.5410009E+23 -0.1389183E+23 -0.9376337E+22 -0.6264309E+21  0.7611808E+21
 -0.3722767E+23 -0.8617034E+21  0.2725286E+23  0.1253938E+22 -0.3940557E+22 -0.1390706E+22
  0.1887071E+20  0.1133595E+22 -0.2873319E+21  0.1702424E+23 -0.8630253E+22  0.1093753E+22
 -0.7755809E+21 -0.2344682E+23  0.6429595E+22 -0.4553450E+22  0.1692196E+23 -0.3996658E+22
  0.7969038E+22  0.3115370E+22 -0.1078798E+23  0.3044763E+21 -0.2108696E+22  0.3651023E+22
