  0.8764881E+17 -0.1388919E+18  0.3916231E+17  0.5502348E+17 -0.3102911E+17  0.4374521E+16
  0.1537308E+18 -0.9930439E+17 -0.3274876E+17 -0.1782701E+17  0.5818569E+17 -0.1498888E+17
 -0.2085750E+18  0.2290794E+18 -0.1045305E+17 -0.5056680E+17 -0.1437936E+17  0.8074643E+16
  0.6740871E+17  0.1973161E+17 -0.5883854E+17  0.1443940E+16 -0.8611493E+16  0.1283949E+17
 -0.1829141E+18  0.2919830E+17  0.1115263E+18  0.8191549E+16 -0.1978764E+17 -0.1383350E+17
  0.1240847E+18 -0.7593651E+17 -0.4300483E+17  0.1161777E+17  0.1315890E+17  0.3726114E+16
  0.9210833E+17 -0.1442755E+18  0.4066859E+17  0.5649715E+17 -0.3185099E+17  0.4489101E+16
  0.1611114E+18 -0.1026237E+18 -0.3335711E+17 -0.1844887E+17  0.5918125E+17 -0.1521620E+17
 -0.2168039E+18  0.2351020E+18 -0.1088828E+17 -0.5114558E+17 -0.1454079E+17  0.8162660E+16
  0.7045209E+17  0.2060171E+17 -0.6028003E+17  0.1506097E+16 -0.8813592E+16  0.1289416E+17
 -0.1896114E+18  0.2939066E+17  0.1134544E+18  0.8350668E+16 -0.1970581E+17 -0.1383402E+17
  0.1275778E+18 -0.7685682E+17 -0.4351506E+17  0.1157523E+17  0.1310741E+17  0.3710599E+16
  0.1029520E+18 -0.1593043E+18  0.4486348E+17  0.6162543E+17 -0.3471007E+17  0.4887548E+16
  0.1793809E+18 -0.1124711E+18 -0.3617884E+17 -0.2035764E+17  0.6396302E+17 -0.1639878E+17
 -0.2394787E+18  0.2562131E+18 -0.1195905E+17 -0.5487931E+17 -0.1566221E+17  0.8763322E+16
  0.7813711E+17  0.2292325E+17 -0.6556840E+17  0.1681260E+16 -0.9617969E+16  0.1375536E+17
 -0.2086307E+18  0.3119236E+17  0.1225748E+18  0.9064548E+16 -0.2078800E+17 -0.1470142E+17
  0.1392641E+18 -0.8249892E+17 -0.4677812E+17  0.1221792E+17  0.1385549E+17  0.3928136E+16
  0.1154790E+18 -0.1764393E+18  0.4961614E+17  0.6739500E+17 -0.3790402E+17  0.5329455E+16
  0.2001548E+18 -0.1232711E+18 -0.3945762E+17 -0.2264039E+17  0.6935880E+17 -0.1771389E+17
 -0.2652023E+18  0.2797450E+18 -0.1305921E+17 -0.5893452E+17 -0.1697468E+17  0.9433834E+16
  0.8672986E+17  0.2568351E+17 -0.7145899E+17  0.1901429E+16 -0.1058066E+17  0.1471923E+17
 -0.2298318E+18  0.3282568E+17  0.1327389E+18  0.9899106E+16 -0.2190728E+17 -0.1567795E+17
  0.1522620E+18 -0.8858326E+17 -0.5042461E+17  0.1288403E+17  0.1466806E+17  0.4174781E+16
  0.1300004E+18 -0.1960374E+18  0.5501694E+17  0.7390487E+17 -0.4148209E+17  0.5820875E+16
  0.2238345E+18 -0.1351132E+18 -0.4328228E+17 -0.2537562E+17  0.7546776E+17 -0.1918104E+17
 -0.2944615E+18  0.3060303E+18 -0.1417786E+17 -0.6334246E+17 -0.1851348E+17  0.1018468E+17
  0.9634947E+17  0.2897376E+17 -0.7803736E+17  0.2178213E+16 -0.1173352E+17  0.1580141E+17
 -0.2535017E+18  0.3420818E+17  0.1440967E+18  0.1087448E+17 -0.2305890E+17 -0.1678036E+17
  0.1667448E+18 -0.9514470E+17 -0.5451042E+17  0.1357240E+17  0.1555184E+17  0.4454989E+16
  0.1469344E+18 -0.2185730E+18  0.6118459E+17  0.8128486E+17 -0.4550772E+17  0.6369430E+16
  0.2509854E+18 -0.1481649E+18 -0.4775748E+17 -0.2864464E+17  0.8240626E+17 -0.2082320E+17
 -0.3279335E+18  0.3355494E+18 -0.1531017E+17 -0.6815968E+17 -0.2031575E+17  0.1102788E+17
  0.1071799E+18  0.3289237E+17 -0.8541886E+17  0.2523581E+16 -0.1310707E+17  0.1701901E+17
 -0.2800790E+18  0.3529047E+17  0.1568444E+18  0.1200968E+17 -0.2424671E+17 -0.1802640E+17
  0.1829734E+18 -0.1022626E+18 -0.5910659E+17  0.1428846E+17  0.1651713E+17  0.4773356E+16
  0.1667717E+18 -0.2445951E+18  0.6825545E+17  0.8968357E+17 -0.5005328E+17  0.6983807E+16
  0.2822310E+18 -0.1625711E+18 -0.5301314E+17 -0.3255611E+17  0.9031374E+17 -0.2266730E+17
 -0.3663724E+18  0.3688154E+18 -0.1644243E+17 -0.7343946E+17 -0.2242851E+17  0.1197764E+17
  0.1194062E+18  0.3756552E+17 -0.9372749E+17  0.2954555E+16 -0.1474347E+17  0.1839277E+17
 -0.3100095E+18  0.3597468E+17  0.1711971E+18  0.1332966E+17 -0.2546743E+17 -0.1943787E+17
  0.2012163E+18 -0.1100030E+18 -0.6429195E+17  0.1503440E+17  0.1757390E+17  0.5135588E+16
  0.1901160E+18 -0.2747691E+18  0.7639343E+17  0.9927890E+17 -0.5520458E+17  0.7674203E+16
  0.3183158E+18 -0.1784856E+18 -0.5920954E+17 -0.3724501E+17  0.9935721E+17 -0.2474505E+17
 -0.4106819E+18  0.4064296E+18 -0.1755424E+17 -0.7924155E+17 -0.2490883E+17  0.1305067E+17
  0.1332409E+18  0.4314777E+17 -0.1031075E+18  0.3493165E+16 -0.1669480E+17  0.1994726E+17
 -0.3438072E+18  0.3613210E+17  0.1874059E+18  0.1486394E+17 -0.2671451E+17 -0.2104059E+17
  0.2217852E+18 -0.1184379E+18 -0.7015886E+17  0.1581208E+17  0.1873315E+17  0.5548462E+16
  0.2177050E+18 -0.3098973E+18  0.8579417E+17  0.1102826E+18 -0.6106286E+17  0.8452539E+16
  0.3601115E+18 -0.1960536E+18 -0.6654656E+17 -0.4288285E+17  0.1097385E+18 -0.2709405E+17
 -0.4619281E+18  0.4490814E+18 -0.1861404E+17 -0.8562921E+17 -0.2782732E+17  0.1426691E+17
  0.1489175E+18  0.4983139E+17 -0.1137243E+18  0.4168696E+16 -0.1902744E+17  0.2171204E+17
 -0.3820437E+18  0.3558364E+17  0.2057620E+18  0.1664825E+17 -0.2797505E+17 -0.2286581E+17
  0.2450306E+18 -0.1276376E+18 -0.7681507E+17  0.1662175E+17  0.2000666E+17  0.6020223E+16
  0.2502968E+18 -0.3507964E+18  0.9665576E+17  0.1229122E+18 -0.6773260E+17  0.9331260E+16
  0.4083214E+18 -0.2151758E+18 -0.7528245E+17 -0.4972595E+17  0.1217039E+18 -0.2975825E+17
 -0.5210382E+18  0.4972847E+18 -0.1954777E+17 -0.9261363E+17 -0.3128248E+17  0.1565038E+17
  0.1665287E+18  0.5788021E+17 -0.1257135E+18  0.5029340E+16 -0.2184705E+17  0.2372546E+17
 -0.4249976E+18  0.3394280E+17  0.2265315E+18  0.1873410E+17 -0.2919997E+17 -0.2495526E+17
  0.2711589E+18 -0.1375591E+18 -0.8436586E+17  0.1744595E+17  0.2139943E+17  0.6562203E+16
  0.2888845E+18 -0.3985321E+18  0.1092329E+18  0.1374493E+18 -0.7534641E+17  0.1032578E+17
  0.4638887E+18 -0.2357901E+18 -0.8573526E+17 -0.5807233E+17  0.1355506E+18 -0.3279015E+17
 -0.5892560E+18  0.5517705E+18 -0.2027270E+17 -0.1002350E+18 -0.3538755E+17  0.1722939E+17
  0.1862273E+18  0.6759579E+17 -0.1392527E+18  0.6133891E+16 -0.2527261E+17  0.2603179E+17
 -0.4731115E+18  0.3080905E+17  0.2500557E+18  0.2117464E+17 -0.3034211E+17 -0.2735650E+17
  0.3004857E+18 -0.1482040E+18 -0.9294378E+17  0.1827410E+17  0.2292063E+17  0.7187153E+16
  0.3349466E+18 -0.4546699E+18  0.1238932E+18  0.1542968E+18 -0.8408880E+17  0.1145670E+17
  0.5284332E+18 -0.2581330E+18 -0.9828913E+17 -0.6822840E+17  0.1516343E+18 -0.3625288E+17
 -0.6686186E+18  0.6138585E+18 -0.2072561E+17 -0.1086317E+18 -0.4026082E+17  0.1903671E+17
  0.2084225E+18  0.7929743E+17 -0.1546269E+18  0.7542471E+16 -0.2941505E+17  0.2867910E+17
 -0.5274278E+18  0.2592168E+17  0.2768431E+18  0.2401789E+17 -0.3138785E+17 -0.3011930E+17
  0.3336732E+18 -0.1597492E+18 -0.1027360E+18  0.1912037E+17  0.2459293E+17  0.7907957E+16
  0.3903880E+18 -0.5211872E+18  0.1410928E+18  0.1739526E+18 -0.9418295E+17  0.1274834E+17
  0.6040040E+18 -0.2824873E+18 -0.1134258E+18 -0.8057032E+17  0.1703854E+18 -0.4022109E+17
 -0.7617035E+18  0.6851886E+18 -0.2082137E+17 -0.1179735E+18 -0.4604640E+17  0.2111125E+17
  0.2336270E+18  0.9337296E+17 -0.1721823E+18  0.9329517E+16 -0.3440778E+17  0.3172445E+17
 -0.5892496E+18  0.1896774E+17  0.3075126E+18  0.2732111E+17 -0.3232093E+17 -0.3330307E+17
  0.3715485E+18 -0.1724156E+18 -0.1139712E+18  0.2000219E+17  0.2644393E+17  0.8740062E+16
  0.4572096E+18 -0.6001288E+18  0.1612942E+18  0.1969308E+18 -0.1058566E+18  0.1422533E+17
  0.6922908E+18 -0.3085934E+18 -0.1317667E+18 -0.9565740E+17  0.1923294E+18 -0.4478179E+17
 -0.8708271E+18  0.7670462E+18 -0.2037484E+17 -0.1283232E+18 -0.5294938E+17  0.2350044E+17
  0.2620607E+18  0.1103476E+18 -0.1922079E+18  0.1161619E+17 -0.4046710E+17  0.3524363E+17
 -0.6592880E+18  0.9224578E+16  0.3426430E+18  0.3116594E+17 -0.3304992E+17 -0.3699008E+17
  0.4146565E+18 -0.1862056E+18 -0.1268788E+18  0.2090436E+17  0.2848810E+17  0.9705767E+16
  0.5378580E+18 -0.6939649E+18  0.1850476E+18  0.2238450E+18 -0.1193778E+18  0.1591620E+17
  0.7952378E+18 -0.3360257E+18 -0.1540831E+18 -0.1141844E+18  0.2181011E+18 -0.5003833E+17
 -0.9987213E+18  0.8609073E+18 -0.1914264E+17 -0.1397413E+18 -0.6122158E+17  0.2626102E+17
  0.2939452E+18  0.1308477E+18 -0.2150385E+18  0.1456149E+17 -0.4786147E+17  0.3932840E+17
 -0.7383184E+18 -0.4194490E+16  0.3829182E+18  0.3564133E+17 -0.3345533E+17 -0.4128050E+17
  0.4636188E+18 -0.2011090E+18 -0.1417334E+18  0.2180931E+17  0.3074063E+17  0.1083238E+17
  0.6356148E+18 -0.8059702E+18  0.2130744E+18  0.2554960E+18 -0.1350909E+18  0.1785700E+17
  0.9156108E+18 -0.3644798E+18 -0.1813239E+18 -0.1369617E+18  0.2484695E+18 -0.5611544E+17
 -0.1149177E+19  0.9689157E+18 -0.1685182E+17 -0.1523698E+18 -0.7115446E+17  0.2946047E+17
  0.3297371E+18  0.1555934E+18 -0.2411360E+18  0.1835501E+17 -0.5689255E+17  0.4408555E+17
 -0.8277017E+18 -0.2218670E+17  0.4292440E+18  0.4083986E+17 -0.3342447E+17 -0.4628961E+17
  0.5194215E+18 -0.2172536E+18 -0.1588895E+18  0.2271716E+17  0.3322863E+17  0.1215096E+17
  0.7548290E+18 -0.9404226E+18  0.2463046E+18  0.2929123E+18 -0.1534323E+18  0.2009261E+17
  0.1057139E+19 -0.3937090E+18 -0.2146740E+18 -0.1649679E+18  0.2843761E+18 -0.6316434E+17
 -0.1327252E+19  0.1093967E+19 -0.1317710E+17 -0.1664311E+18 -0.8309557E+17  0.3317993E+17
  0.3701313E+18  0.1854422E+18 -0.2711014E+18  0.2322745E+17 -0.6791326E+17  0.4964182E+17
 -0.9294095E+18 -0.4573825E+17  0.4827797E+18  0.4686691E+17 -0.3284108E+17 -0.5215322E+17
  0.5834430E+18 -0.2348902E+18 -0.1787955E+18  0.2364129E+17  0.3599092E+17  0.1369792E+17
  0.9007494E+18 -0.1102434E+19  0.2858302E+18  0.3373195E+18 -0.1749149E+18  0.2267526E+17
  0.1223831E+19 -0.4229474E+18 -0.2556351E+18 -0.1994852E+18  0.3269846E+18 -0.7136814E+17
 -0.1538665E+19  0.1239197E+19 -0.7660706E+16 -0.1821204E+18 -0.9748859E+17  0.3751853E+17
  0.4156989E+18  0.2214519E+18 -0.3055749E+18  0.2949307E+17 -0.8139322E+17  0.5615603E+17
 -0.1045277E+19 -0.7624610E+17  0.5448268E+18  0.5385150E+17 -0.3151931E+17 -0.5904292E+17
  0.6570886E+18 -0.2541849E+18 -0.2019675E+18  0.2458191E+17  0.3906406E+17  0.1551955E+17
  0.1079863E+19 -0.1298262E+19  0.3329632E+18  0.3902079E+18 -0.2001520E+18  0.2566633E+17
  0.1420231E+19 -0.4509060E+18 -0.3061020E+18 -0.2421495E+18  0.3777283E+18 -0.8094773E+17
 -0.1790170E+19  0.1408212E+19  0.3090039E+15 -0.1996327E+18 -0.1148897E+18  0.4259663E+17
  0.4669704E+18  0.2648989E+18 -0.3452769E+18  0.3756739E+17 -0.9793284E+17  0.6382424E+17
 -0.1177212E+19 -0.1155114E+18  0.6169068E+18  0.6194256E+17 -0.2920311E+17 -0.6717167E+17
  0.7419246E+18 -0.2752729E+18 -0.2290199E+18  0.2553332E+17  0.4248611E+17  0.1767367E+17
  0.1300463E+19 -0.1535818E+19  0.3893298E+18  0.4534414E+18 -0.2298948E+18  0.2913916E+17
  0.1651922E+19 -0.4758561E+18 -0.3684636E+18 -0.2949994E+18  0.4383686E+18 -0.9216911E+17
 -0.2090250E+19  0.1605525E+19  0.1151576E+17 -0.2192226E+18 -0.1359833E+18  0.4855949E+17
  0.5245914E+18  0.3173008E+18 -0.3910726E+18  0.4798009E+17 -0.1182708E+18  0.7288426E+17
 -0.1327577E+19 -0.1656991E+18  0.7008788E+18  0.7131080E+17 -0.2557924E+17 -0.7679845E+17
  0.8399206E+18 -0.2983623E+18 -0.2607082E+18  0.2649656E+17  0.4630527E+17  0.2023072E+17
  0.1573505E+19 -0.1825396E+19  0.4569998E+18  0.5294023E+18 -0.2650787E+18  0.3318209E+17
  0.1926277E+19 -0.4957159E+18 -0.4457563E+18 -0.3605558E+18  0.5110784E+18 -0.1053528E+18
 -0.2450110E+19  0.1837116E+19  0.2695773E+17 -0.2412689E+18 -0.1616107E+18  0.5558264E+17
  0.5895344E+18  0.3804821E+18 -0.4440671E+18  0.6139023E+17 -0.1432992E+18  0.8362346E+17
 -0.1499705E+19 -0.2293478E+18  0.7991106E+18  0.8215955E+17 -0.2028719E+17 -0.8823713E+17
  0.9537680E+18 -0.3238395E+18 -0.2979948E+18  0.2748887E+17  0.5059013E+17  0.2327634E+17
  0.1912871E+19 -0.2179851E+19  0.5384828E+18  0.6210234E+18 -0.3068195E+18  0.3789640E+17
  0.2251992E+19 -0.5074112E+18 -0.5418378E+18 -0.4420054E+18  0.5985254E+18 -0.1208799E+18
 -0.2883490E+19  0.2110156E+19  0.4796922E+17 -0.2661953E+18 -0.1928268E+18  0.6387740E+17
  0.6628083E+18  0.4566333E+18 -0.5055323E+18  0.7864792E+17 -0.1741400E+18  0.9639398E+17
 -0.1697343E+19 -0.3096766E+18  0.9144347E+18  0.9473054E+17 -0.1285281E+17 -0.1018763E+18
  0.1086654E+19 -0.3521211E+18 -0.3420534E+18  0.2852547E+17  0.5541976E+17  0.2691761E+17
  0.2336160E+19 -0.2615233E+19  0.6368170E+18  0.7319108E+18 -0.3564449E+18  0.4339770E+17
  0.2639446E+19 -0.5066450E+18 -0.6615893E+18 -0.5433453E+18  0.7039766E+18 -0.1392034E+18
 -0.3407370E+19  0.2433328E+19  0.7631497E+17 -0.2944870E+18 -0.2309508E+18  0.7369844E+17
  0.7455263E+18  0.5483758E+18 -0.5769632E+18  0.1008402E+18 -0.2121942E+18  0.1116280E+18
 -0.1924861E+19 -0.4107076E+18  0.1050287E+19  0.1093085E+18 -0.2664935E+16 -0.1181984E+18
  0.1242442E+19 -0.3836852E+18 -0.3943328E+18  0.2962198E+17  0.6088803E+17  0.3128887E+17
  0.2866143E+19 -0.3151930E+19  0.7557527E+18  0.8665533E+18 -0.4155549E+18  0.4981975E+17
  0.3101903E+19 -0.4879502E+18 -0.8111881E+18 -0.6695309E+18  0.8314413E+18 -0.1608659E+18
 -0.4043582E+19  0.2817666E+19  0.1142936E+18 -0.3267681E+18 -0.2776286E+18  0.8535479E+17
  0.8392637E+18  0.6589041E+18 -0.6602562E+18  0.1293260E+18 -0.2591829E+18  0.1298574E+18
 -0.2188097E+19 -0.5373533E+18  0.1211027E+19  0.1262365E+18  0.1102577E+17 -0.1378036E+18
  0.1426181E+19 -0.4192077E+18 -0.4566825E+18  0.3080520E+17  0.6711802E+17  0.3655900E+17
  0.3531631E+19 -0.3815275E+19  0.8997990E+18  0.1030425E+19 -0.4860333E+18  0.5731333E+17
  0.3655562E+19 -0.4440798E+18 -0.9984026E+18 -0.8267115E+18  0.9858120E+18 -0.1865125E+18
 -0.4819340E+19  0.3276630E+19  0.1649208E+18 -0.3637565E+18 -0.3349203E+18  0.9922051E+17
  0.9459605E+18  0.7921040E+18 -0.7577336E+18  0.1658179E+18 -0.3172457E+18  0.1517400E+18
 -0.2494229E+19 -0.6957477E+18  0.1402062E+19  0.1459212E+18  0.2917824E+17 -0.1614447E+18
  0.1644144E+19 -0.4594862E+18 -0.5314269E+18  0.3210296E+17  0.7425850E+17  0.4294249E+17
  0.4369626E+19 -0.4637081E+19  0.1074432E+19  0.1230226E+19 -0.5700979E+18  0.6604711E+17
  0.4321346E+19 -0.3660179E+18 -0.1233006E+19 -0.1022423E+19  0.1173037E+19 -0.2169071E+18
 -0.5769595E+19  0.3827173E+19  0.2321350E+18 -0.4063380E+18 -0.4053962E+18  0.1157472E+18
  0.1068400E+19  0.9528076E+18 -0.8723964E+18  0.2124303E+18 -0.3890050E+18  0.1780877E+18
 -0.2852924E+19 -0.8934591E+18  0.1630303E+19  0.1688508E+18  0.5298211E+17 -0.1900642E+18
  0.1904524E+19 -0.5055780E+18 -0.6215508E+18  0.3355289E+17  0.8249894E+17  0.5071155E+17
  0.5426403E+19 -0.5656250E+19  0.1286091E+19  0.1473958E+19 -0.6702833E+18  0.7620293E+17
  0.5124900E+19 -0.2420012E+18 -0.1527231E+19 -0.1265936E+19  0.1400323E+19 -0.2529506E+18
 -0.6937647E+19  0.4489642E+19  0.3211289E+18 -0.4554522E+18 -0.4922850E+18  0.1354801E+18
  0.1210037E+19  0.1147013E+19 -0.1007974E+19  0.2718181E+18 -0.4777371E+18  0.2099132E+18
 -0.3276088E+19 -0.1140061E+19  0.1904378E+19  0.1955867E+18  0.8399768E+17 -0.2248586E+18
  0.2217443E+19 -0.5586328E+18 -0.7308292E+18  0.3518362E+17  0.9205767E+17  0.6021704E+17
  0.6760674E+19 -0.6920743E+19  0.1542404E+19  0.1771150E+19 -0.7894613E+18  0.8797237E+17
  0.6099712E+19 -0.5776292E+17 -0.1896352E+19 -0.1568427E+19  0.1676316E+19 -0.2956920E+18
 -0.8378823E+19  0.5289241E+19  0.4386993E+18 -0.5121656E+18 -0.5996068E+18  0.1590715E+18
  0.1375842E+19  0.1382360E+19 -0.1169367E+19  0.3472270E+18 -0.5874530E+18  0.2484693E+18
 -0.3779831E+19 -0.1447462E+19  0.2235368E+19  0.2267720E+18  0.1241972E+18 -0.2673349E+18
  0.2596068E+19 -0.6200700E+18 -0.8641265E+18  0.3702588E+17  0.1031982E+18  0.7190823E+17
  0.8444935E+19 -0.8488029E+19  0.1852102E+19  0.2132836E+19 -0.9307768E+18  0.1015485E+18
  0.7287781E+19  0.2045093E+18 -0.2359305E+19 -0.1943364E+19  0.2011337E+19 -0.3463498E+18
 -0.1016158E+20  0.6255813E+19  0.5937610E+18 -0.5774785E+18 -0.7323793E+18  0.1873013E+18
  0.1572296E+19  0.1668563E+19 -0.1362841E+19  0.4426810E+18 -0.7231418E+18  0.2953222E+18
 -0.4384605E+19 -0.1830710E+19  0.2637259E+19  0.2630889E+18  0.1761808E+18 -0.3194125E+18
  0.3056797E+19 -0.6913380E+18 -0.1027631E+19  0.3908897E+17  0.1162067E+18  0.8636700E+17
  0.1056809E+20 -0.1042622E+20  0.2225059E+19  0.2571561E+19 -0.1097593E+19  0.1171187E+18
  0.8742565E+19  0.5665376E+18 -0.2939477E+19 -0.2406816E+19  0.2417643E+19 -0.4063336E+18
 -0.1237067E+20  0.7424413E+19  0.7979647E+18 -0.6521835E+18 -0.8968472E+18  0.2210991E+18
  0.1808094E+19  0.2018158E+19 -0.1596541E+19  0.5631564E+18 -0.8910132E+18  0.3524352E+18
 -0.5116883E+19 -0.2308812E+19  0.3127824E+19  0.3052010E+18  0.2433877E+18 -0.3835425E+18
  0.3620177E+19 -0.7738136E+18 -0.1229246E+19  0.4135070E+17  0.1313758E+18  0.1043489E+18
  0.1323915E+20 -0.1281542E+20  0.2672340E+19  0.3101314E+19 -0.1293405E+19  0.1348539E+18
  0.1053384E+20  0.1053985E+19 -0.3665670E+19 -0.2977711E+19  0.2909657E+19 -0.4772579E+18
 -0.1511171E+20  0.8836112E+19  0.1066473E+19 -0.7366854E+18 -0.1100726E+19  0.2615624E+18
  0.2095333E+19  0.2447576E+19 -0.1881256E+19  0.7147587E+18 -0.1098756E+19  0.4222627E+18
 -0.6011878E+19 -0.2905733E+19  0.3729854E+19  0.3536624E+18  0.3303437E+18 -0.4628443E+18
  0.4312283E+19 -0.8686861E+18 -0.1479099E+19  0.4374802E+17  0.1489782E+18  0.1268315E+18
  0.1658566E+20 -0.1574539E+20  0.3205646E+19  0.3736920E+19 -0.1521619E+19  0.1548953E+18
  0.1274679E+20  0.1698980E+19 -0.4572936E+19 -0.3678434E+19  0.3504246E+19 -0.5609679E+18
 -0.1850947E+20  0.1053511E+20  0.1418890E+19 -0.8303141E+18 -0.1353514E+19  0.3099820E+18
  0.2449112E+19  0.2977902E+19 -0.2230608E+19  0.9052159E+18 -0.1356110E+19  0.5078995E+18
 -0.7112656E+19 -0.3651991E+19  0.4471639E+19  0.4086595E+18  0.4432574E+18 -0.5613146E+18
  0.5164103E+19 -0.9760745E+18 -0.1789843E+19  0.4612231E+17  0.1691504E+18  0.1550868E+18
  0.2075945E+20 -0.1931771E+20  0.3837600E+19  0.4494022E+19 -0.1785539E+19  0.1773550E+18
  0.1549038E+20  0.2540442E+19 -0.5704221E+19 -0.4535374E+19  0.4221186E+19 -0.6595818E+18
 -0.2271511E+20  0.1256977E+20  0.1880442E+19 -0.9310134E+18 -0.1666844E+19  0.3678726E+18
  0.2889670E+19  0.3636802E+19 -0.2662386E+19  0.1144276E+19 -0.1675376E+19  0.6132446E+18
 -0.8474833E+19 -0.4586455E+19  0.5389035E+19  0.4697900E+18  0.5904997E+18 -0.6840574E+18
  0.6213753E+19 -0.1094751E+19 -0.2177472E+19  0.4821882E+17  0.1918156E+18  0.1907618E+18
  0.2593490E+20 -0.2364271E+20  0.4581181E+19  0.5388278E+19 -0.2088143E+19  0.2023068E+18
  0.1889701E+20  0.3628160E+19 -0.7111616E+19 -0.5579823E+19  0.5083468E+19 -0.7755108E+18
 -0.2790397E+20  0.1498814E+20  0.2483234E+19 -0.1034350E+19 -0.2054798E+19  0.4369878E+18
  0.3442246E+19  0.4459810E+19 -0.3198922E+19  0.1444544E+19 -0.2072278E+19  0.7431994E+18
 -0.1016587E+20 -0.5758777E+19  0.6526177E+19  0.5355596E+18  0.7835505E+18 -0.8375618E+18
  0.7505636E+19 -0.1220776E+19 -0.2661693E+19  0.4963920E+17  0.2164594E+18  0.2359763E+18
  0.3230860E+20 -0.2883785E+20  0.5449553E+19  0.6434985E+19 -0.2432067E+19  0.2297966E+18
  0.2312220E+20  0.5028623E+19 -0.8858227E+19 -0.6849517E+19  0.6117960E+19 -0.9115249E+18
 -0.3427369E+20  0.1783354E+20  0.3267668E+19 -0.1132510E+19 -0.2534302E+19  0.5193554E+18
  0.4136948E+19  0.5491946E+19 -0.3867557E+19  0.1822688E+19 -0.2567160E+19  0.9039271E+18
 -0.1226427E+20 -0.7232582E+19  0.7936423E+19  0.6027325E+18  0.1038221E+19 -0.1030053E+19
  0.9089575E+19 -0.1345985E+19 -0.3266364E+19  0.4982838E+17  0.2418417E+18  0.2934442E+18
  0.4010594E+20 -0.3503083E+20  0.6456677E+19  0.7649484E+19 -0.2819816E+19  0.2598660E+18
  0.2834820E+20  0.6832290E+19 -0.1102110E+20 -0.8390764E+19  0.7356338E+19 -0.1070829E+19
 -0.4204799E+20  0.2114223E+20  0.4284250E+19 -0.1213525E+19 -0.3125565E+19  0.6173113E+18
  0.5009361E+19  0.6790107E+19 -0.4701499E+19  0.2300970E+19 -0.3186403E+19  0.1103140E+19
 -0.1486045E+20 -0.9089524E+19  0.9683907E+19  0.6655611E+18  0.1376060E+19 -0.1271876E+19
  0.1102102E+20 -0.1456610E+19 -0.4020134E+19  0.4812879E+17  0.2656636E+18  0.3666056E+18
  0.4957838E+20 -0.4235765E+20  0.7617058E+19  0.9047141E+19 -0.3253844E+19  0.2925649E+18
  0.3477194E+20  0.9167334E+19 -0.1369346E+20 -0.1026133E+20  0.8835865E+19 -0.1257100E+19
 -0.5146599E+20  0.2493464E+20  0.5595109E+19 -0.1259949E+19 -0.3852402E+19  0.7335109E+18
  0.6096851E+19  0.8423657E+19 -0.5738673E+19  0.2909617E+19 -0.3964392E+19  0.1350385E+19
 -0.1804791E+20 -0.1143356E+20  0.1184230E+20  0.7145216E+18  0.1826428E+19 -0.1575884E+19
  0.1335637E+20 -0.1530882E+19 -0.4956095E+19  0.4386669E+17  0.2840291E+18  0.4597597E+18
  0.6101487E+20 -0.5097128E+20  0.8946991E+19  0.1064524E+20 -0.3737118E+19  0.3279883E+18
  0.4259836E+20  0.1221568E+20 -0.1698889E+20 -0.1253455E+20  0.1060093E+20 -0.1474583E+19
 -0.6278253E+20  0.2921261E+20  0.7276188E+19 -0.1248337E+19 -0.4742804E+19  0.8709669E+18
  0.7435156E+19  0.1047554E+20 -0.7020776E+19  0.3689796E+19 -0.4945854E+19  0.1657373E+19
 -0.2191624E+20 -0.1439583E+20  0.1449424E+20  0.7349458E+18  0.2428718E+19 -0.1957864E+19
  0.1615035E+20 -0.1537606E+19 -0.6111720E+19  0.3659724E+17  0.2909354E+18  0.5782092E+18
  0.7475810E+20 -0.6105405E+20  0.1046577E+20  0.1246553E+20 -0.4273637E+19  0.3662895E+18
  0.5202735E+20  0.1623451E+20 -0.2104652E+20 -0.1530456E+20  0.1270480E+20 -0.1728122E+19
 -0.7626764E+20  0.3395678E+20  0.9420045E+19 -0.1148810E+19 -0.5829658E+19  0.1033066E+19
  0.9052013E+19  0.1304182E+20 -0.8590823E+19  0.4697546E+19 -0.6188675E+19  0.2038282E+19
 -0.2653895E+20 -0.1813923E+20  0.1772898E+20  0.7052263E+18  0.3235029E+19 -0.2436958E+19
  0.1945192E+20 -0.1435074E+19 -0.7528304E+19  0.2646830E+17  0.2777020E+18  0.7284032E+18
  0.9122205E+20 -0.7283152E+20  0.1219628E+20  0.1453714E+20 -0.4868743E+19  0.4076568E+18
  0.6322994E+20  0.2158219E+20 -0.2603603E+20 -0.1869191E+20  0.1521105E+20 -0.2023058E+19
 -0.9220172E+20  0.3912388E+20  0.1213896E+20 -0.9249606E+18 -0.7151482E+19  0.1223517E+19
  0.1095685E+20  0.1622770E+20 -0.1048827E+20  0.6008533E+19 -0.7766854E+19  0.2509931E+19
 -0.3195449E+20 -0.2286017E+20  0.2163712E+20  0.5946590E+18  0.4312944E+19 -0.3035941E+19
  0.2329797E+20 -0.1170962E+19 -0.9249571E+19  0.1471321E+17  0.2324429E+18  0.9180471E+18
  0.1109318E+21 -0.8659941E+20  0.1416603E+20  0.1690105E+20 -0.5529386E+19  0.4522516E+18
  0.7633411E+20  0.2874730E+20 -0.3216631E+20 -0.2285076E+20  0.1819577E+20 -0.2365026E+19
 -0.1108898E+21  0.4465236E+20  0.1557057E+20 -0.5343894E+18 -0.8753846E+19  0.1446264E+19
  0.1313170E+20  0.2014208E+20 -0.1274402E+20  0.7723738E+19 -0.9773715E+19  0.3091946E+19
 -0.3815258E+20 -0.2878914E+20  0.2630634E+20  0.3612557E+18  0.5748265E+19 -0.3781580E+19
  0.2771192E+20 -0.6842807E+18 -0.1132116E+20  0.4224175E+16  0.1397746E+18  0.1156258E+19
  0.1345661E+21 -0.1027495E+21  0.1640630E+20  0.1961388E+20 -0.6263607E+19  0.5000639E+18
  0.9140372E+20  0.3838223E+20 -0.3969473E+20 -0.2797628E+20  0.2174900E+20 -0.2759458E+19
 -0.1326754E+21  0.5046716E+20  0.1988554E+20  0.7091724E+17 -0.1069104E+20  0.1705260E+19
  0.1552144E+20  0.2488709E+20 -0.1537365E+20  0.9975998E+19 -0.1232506E+20  0.3806817E+19
 -0.4505974E+20 -0.3618750E+20  0.3181579E+20 -0.5057644E+17  0.7647755E+19 -0.4704993E+19
  0.3270283E+20  0.9157200E+17 -0.1379020E+20  0.6410326E+14 -0.1930714E+17  0.1453771E+19
  0.1630052E+21 -0.1217931E+21  0.1894841E+20  0.2275014E+20 -0.7078872E+19  0.5506608E+18
  0.1084210E+21  0.5133692E+20 -0.4893674E+20 -0.3431077E+20  0.2597435E+20 -0.3210572E+19
 -0.1579628E+21  0.5648552E+20  0.2529751E+20  0.9441536E+18 -0.1302765E+20  0.2003971E+19
  0.1802874E+20  0.3054366E+20 -0.1837059E+20  0.1293650E+20 -0.1556140E+20  0.4679729E+19
 -0.5253355E+20 -0.4534075E+20  0.3823136E+20 -0.7119658E+18  0.1014131E+20 -0.5841976E+19
  0.3826910E+20  0.1224545E+19 -0.1670604E+20  0.9795833E+16 -0.2672822E+18  0.1823219E+19
  0.1973863E+21 -0.1443818E+21  0.2181721E+20  0.2640268E+20 -0.7979299E+19  0.6028668E+18
  0.1272816E+21  0.6869349E+20 -0.6027734E+20 -0.4214893E+20  0.3098718E+20 -0.3719993E+19
 -0.1872526E+21  0.6262350E+20  0.3207719E+20  0.2143632E+19 -0.1584047E+20  0.2344671E+19
  0.2051891E+20  0.3715692E+20 -0.2170244E+20  0.1682152E+20 -0.1965007E+20  0.5738559E+19
 -0.6037353E+20 -0.5655381E+20  0.4560674E+20 -0.1711034E+19  0.1338459E+20 -0.7233901E+19
  0.4440979E+20  0.2780133E+19 -0.2012382E+20  0.4351032E+17 -0.6298937E+18  0.2279724E+19
  0.2391405E+21 -0.1713072E+21  0.2501951E+20  0.3067878E+20 -0.8961305E+19  0.6544017E+18
  0.1477974E+21  0.9179291E+20 -0.7417885E+20 -0.5183831E+20  0.3690906E+20 -0.4284837E+19
 -0.2211770E+21  0.6879731E+20  0.4056834E+20  0.3732965E+19 -0.1921975E+20  0.2727428E+19
  0.2283603E+20  0.4472415E+20 -0.2531176E+20  0.2189795E+20 -0.2478642E+20  0.7013975E+19
 -0.6834766E+20 -0.7014978E+20  0.5399044E+20 -0.3153818E+19  0.1756222E+20 -0.8929215E+19
  0.5114071E+20  0.4819681E+19 -0.2411096E+20  0.1135559E+18 -0.1136151E+19  0.2841857E+19
  0.2899963E+21 -0.2034681E+21  0.2852751E+20  0.3568949E+20 -0.1000778E+20  0.7015769E+18
  0.1697208E+21  0.1222390E+21 -0.9118116E+20 -0.6377017E+20  0.4385692E+20 -0.4895435E+19
 -0.2605317E+21  0.7491817E+20  0.5120351E+20  0.5781157E+19 -0.2326882E+20  0.3148790E+19
  0.2483234E+20  0.5319322E+20 -0.2912477E+20  0.2848623E+20 -0.3119400E+20  0.8539791E+19
 -0.7623831E+20 -0.8647712E+20  0.6344161E+20 -0.5164902E+19  0.2289220E+20 -0.1098575E+20
  0.5851522E+20  0.7402510E+19 -0.2875680E+20  0.2341150E+18 -0.1818950E+19  0.3533069E+19
  0.3519375E+21 -0.2418043E+21  0.3226092E+20  0.4153388E+20 -0.1108269E+20  0.7393123E+18
  0.1928100E+21  0.1618699E+21 -0.1118968E+21 -0.7836212E+20  0.5193097E+20 -0.5533635E+19
 -0.3063107E+21  0.8088463E+20  0.6452015E+20  0.8362696E+19 -0.2810347E+20  0.3600636E+19
  0.2640788E+20  0.6248441E+20 -0.3307222E+20  0.3696152E+20 -0.3912654E+20  0.1035459E+20
 -0.8390661E+20 -0.1059351E+21  0.7406020E+20 -0.7888964E+19  0.2963446E+20 -0.1347509E+20
  0.6664979E+20  0.1059362E+20 -0.3418729E+20  0.4209496E+18 -0.2716942E+19  0.4384000E+19
  0.4270965E+21 -0.2871917E+21  0.3607253E+20  0.4827893E+20 -0.1212809E+20  0.7616707E+18
  0.2169462E+21  0.2126852E+21 -0.1370007E+21 -0.9603130E+20  0.6120378E+20 -0.6172429E+19
 -0.3597335E+21  0.8657095E+20  0.8117395E+20  0.1155786E+20 -0.3385114E+20  0.4069510E+19
  0.2754977E+20  0.7254258E+20 -0.3712201E+20  0.4775380E+20 -0.4887384E+20  0.1250504E+20
 -0.9136438E+20 -0.1290188E+21  0.8602928E+20 -0.1149483E+20  0.3810496E+20 -0.1648925E+20
  0.7574881E+20  0.1447727E+20 -0.4058321E+20  0.6917314E+18 -0.3878173E+19  0.5435718E+19
  0.5175814E+21 -0.3403151E+21  0.3974563E+20  0.5594018E+20 -0.1306658E+20  0.7630273E+18
  0.2422917E+21  0.2767385E+21 -0.1672218E+21 -0.1171661E+21  0.7171733E+20 -0.6777762E+19
 -0.4222549E+21  0.9180933E+20  0.1019485E+21  0.1545451E+20 -0.4065104E+20  0.4536862E+19
  0.2835556E+20  0.8341789E+20 -0.4131763E+20  0.6135079E+20 -0.6077519E+20  0.1505125E+20
 -0.9883358E+20 -0.1563799E+21  0.9966346E+20 -0.1618465E+20  0.4869777E+20 -0.2014985E+20
  0.8612134E+20  0.1917559E+20 -0.4819932E+20  0.1067398E+19 -0.5365976E+19  0.6743898E+19
  0.6253196E+21 -0.4015959E+21  0.4301513E+20  0.6447873E+20 -0.1381270E+20  0.7397422E+18
  0.2694638E+21  0.3560659E+21 -0.2033633E+21 -0.1421225E+21  0.8350139E+20 -0.7313352E+19
 -0.4955814E+21  0.9637538E+20  0.1277702E+21  0.2015367E+20 -0.4866072E+20  0.4980857E+19
  0.2902946E+20  0.9536173E+20 -0.4581374E+20  0.7831579E+20 -0.7524903E+20  0.1807559E+20
 -0.1067784E+21 -0.1889062E+21  0.1154599E+21 -0.2221112E+20  0.6192005E+20 -0.2462125E+20
  0.9819018E+20  0.2487023E+20 -0.5738493E+20  0.1574823E+19 -0.7267411E+19  0.8384317E+19
  0.7519981E+21 -0.4712258E+21  0.4561038E+20  0.7382125E+20 -0.1429045E+20  0.6915932E+18
  0.2996285E+21  0.4527348E+21 -0.2463597E+21 -0.1712626E+21  0.9661203E+20 -0.7746698E+19
 -0.5816783E+21  0.9996515E+20  0.1597326E+21  0.2578084E+20 -0.5806903E+20  0.5379027E+19
  0.2984623E+20  0.1088971E+21 -0.5089042E+20  0.9933069E+20 -0.9283955E+20  0.2169315E+20
 -0.1158829E+21 -0.2277982E+21  0.1341317E+21 -0.2990529E+20  0.7843994E+20 -0.3012588E+20
  0.1124835E+21  0.3182371E+20 -0.6859981E+20  0.2250882E+19 -0.9704089E+19  0.1045916E+20
  0.8991794E+21 -0.5493563E+21  0.4730433E+20  0.8390771E+20 -0.1445036E+20  0.6221504E+18
  0.3343743E+21  0.5690885E+21 -0.2973633E+21 -0.2050456E+21  0.1111805E+21 -0.8053250E+19
 -0.6827427E+21  0.1021695E+21  0.1991319E+21  0.3250036E+20 -0.6911470E+20  0.5710393E+19
  0.3108562E+20  0.1248042E+21 -0.5692503E+20  0.1252677E+21 -0.1142728E+21  0.2606076E+20
 -0.1269444E+21 -0.2746135E+21  0.1565968E+21 -0.3971062E+20  0.9914109E+20 -0.3695829E+20
  0.1296008E+21  0.4039161E+20 -0.8241803E+20  0.3147128E+19 -0.1284327E+20  0.1310318E+20
  0.1068660E+22 -0.6364135E+21  0.4793702E+20  0.9475002E+20 -0.1427385E+20  0.5375795E+18
  0.3753416E+21  0.7081857E+21 -0.3578290E+21 -0.2441498E+21  0.1274450E+21 -0.8214406E+19
 -0.8011696E+21  0.1024507E+21  0.2475154E+21  0.4052772E+20 -0.8210401E+20  0.5954438E+19
  0.3295749E+20  0.1439938E+21 -0.6431790E+20  0.1572800E+21 -0.1405049E+21  0.3137976E+20
 -0.1406960E+21 -0.3312582E+21  0.1839096E+21 -0.5221548E+20  0.1251720E+21 -0.4549297E+20
  0.1501583E+21  0.5101962E+20 -0.9951629E+20  0.4333761E+19 -0.1690643E+20  0.1648841E+20
  0.1262941E+22 -0.7334048E+21  0.4738282E+20  0.1064742E+21 -0.1375788E+20  0.4444253E+18
  0.4236363E+21  0.8742915E+21 -0.4295386E+21 -0.2895710E+21  0.1457347E+21 -0.8206757E+19
 -0.9394771E+21  0.1001329E+21  0.3067311E+21  0.5012989E+20 -0.9741701E+20  0.6084543E+19
  0.3552575E+20  0.1672648E+21 -0.7337427E+20  0.1968819E+21 -0.1727329E+21  0.3788649E+20
 -0.1575674E+21 -0.3998913E+21  0.2171186E+21 -0.6816751E+20  0.1579684E+21 -0.5617858E+20
  0.1747146E+21  0.6421541E+20 -0.1206405E+21  0.5900505E+19 -0.2217038E+20  0.2082558E+20
  0.1485631E+22 -0.8420405E+21  0.4545150E+20  0.1193150E+21 -0.1288072E+20  0.3476366E+18
  0.4792304E+21  0.1073182E+22 -0.5145032E+21 -0.3426225E+21  0.1663791E+21 -0.7982512E+19
 -0.1100204E+22  0.9441963E+20  0.3789486E+21  0.6160227E+20 -0.1154868E+21  0.6054237E+19
  0.3864717E+20  0.1949967E+21 -0.8416581E+20  0.2459669E+21 -0.2123319E+21  0.4582407E+20
 -0.1774502E+21 -0.4827277E+21  0.2570601E+21 -0.8844791E+20  0.1992170E+21 -0.6950940E+20
  0.2036927E+21  0.8048909E+20 -0.1465495E+21  0.7951306E+19 -0.2895449E+20  0.2635927E+20
  0.1741543E+22 -0.9645616E+21  0.4175613E+20  0.1335567E+21 -0.1156341E+20  0.2502916E+18
  0.5406255E+21  0.1312042E+22 -0.6147343E+21 -0.4048003E+21  0.1895554E+21 -0.7447290E+19
 -0.1285821E+22  0.8446163E+20  0.4666358E+21  0.7521830E+20 -0.1367492E+21  0.5778946E+19
  0.4195646E+20  0.2268858E+21 -0.9642165E+20  0.3067297E+21 -0.2607072E+21  0.5539752E+20
 -0.1995782E+21 -0.5817833E+21  0.3041501E+21 -0.1139905E+21  0.2507470E+21 -0.8597470E+20
  0.2373379E+21  0.1002707E+21 -0.1779545E+21  0.1059062E+20 -0.3759120E+20  0.3335731E+20
  0.2036384E+22 -0.1103288E+22  0.3561113E+20  0.1494369E+21 -0.9646836E+19  0.1556868E+18
  0.6050738E+21  0.1598880E+22 -0.7319472E+21 -0.4775293E+21  0.2151265E+21 -0.6446198E+19
 -0.1498756E+22  0.6947926E+20  0.5724920E+21  0.9116243E+20 -0.1615770E+21  0.5120292E+19
  0.4494662E+20  0.2618904E+21 -0.1095283E+21  0.3814891E+21 -0.3190941E+21  0.6672607E+20
 -0.2226638E+21 -0.6986935E+21  0.3582991E+21 -0.1456559E+21  0.3143767E+21 -0.1060026E+21
  0.2757670E+21  0.1238392E+21 -0.2154964E+21  0.1390317E+20 -0.4838667E+20  0.4209957E+20
  0.2376299E+22 -0.1260203E+22  0.2602730E+20  0.1670784E+21 -0.6901423E+19  0.7126841E+17
  0.6693880E+21  0.1941796E+22 -0.8673989E+21 -0.5619532E+21  0.2425785E+21 -0.4770330E+19
 -0.1741703E+22  0.4893245E+20  0.6994326E+21  0.1094847E+21 -0.1902526E+21  0.3882634E+19
  0.4714057E+20  0.2984953E+21 -0.1226867E+21  0.4725200E+21 -0.3884275E+21  0.7982517E+20
 -0.2453132E+21 -0.8348203E+21  0.4190787E+21 -0.1841211E+21  0.3918231E+21 -0.1299415E+21
  0.3191443E+21  0.1513167E+21 -0.2598193E+21  0.1793605E+20 -0.6159441E+20  0.5288053E+20
  0.2767373E+22 -0.1436771E+22  0.1181146E+20  0.1864865E+21 -0.3066152E+19  0.1260317E+17
  0.7309878E+21  0.2348429E+22 -0.1021972E+22 -0.6588908E+21  0.2711165E+21 -0.2184276E+19
 -0.2018088E+22  0.2266365E+20  0.8506676E+21  0.1301108E+21 -0.2230134E+21  0.1824564E+19
  0.4827170E+20  0.3352247E+21 -0.1351804E+21  0.5819953E+21 -0.4693829E+21  0.9464008E+20
 -0.2665339E+21 -0.9916742E+21  0.4861204E+21 -0.2298525E+21  0.4847726E+21 -0.1581091E+21
  0.3679192E+21  0.1827535E+21 -0.3117421E+21  0.2269441E+20 -0.7742455E+20  0.6603565E+20
  0.3215817E+22 -0.1634311E+22 -0.8285479E+19  0.2076434E+21  0.2105383E+19  0.5336836E+16
  0.7889120E+21  0.2826373E+22 -0.1196755E+22 -0.7691355E+21  0.2999440E+21  0.1540396E+19
 -0.2332928E+22 -0.9104160E+19  0.1030096E+22  0.1529492E+21 -0.2602136E+21 -0.1323138E+19
  0.4838445E+20  0.3712758E+21 -0.1466707E+21  0.7122419E+21 -0.5627355E+21  0.1111530E+21
 -0.2861598E+21 -0.1171748E+22  0.5597110E+21 -0.2832709E+21  0.5952717E+21 -0.1909518E+21
  0.4231081E+21  0.2183302E+21 -0.3725537E+21  0.2816543E+20 -0.9612168E+20  0.8200991E+20
  0.3728392E+22 -0.1854541E+22 -0.3548164E+20  0.2306171E+21  0.8824471E+19  0.8441620E+17
  0.8441485E+21  0.3384199E+22 -0.1393754E+22 -0.8938823E+21  0.3285329E+21  0.6612789E+19
 -0.2693426E+22 -0.4598197E+20  0.1242815E+22  0.1780359E+21 -0.3025010E+21 -0.5852709E+19
  0.4778110E+20  0.4068765E+21 -0.1573258E+21  0.8661819E+21 -0.6698481E+21  0.1295041E+21
 -0.3049104E+21 -0.1379260E+22  0.6412221E+21 -0.3450376E+21  0.7262699E+21 -0.2292376E+21
  0.4864390E+21  0.2585688E+21 -0.4442815E+21  0.3436084E+20 -0.1180799E+21  0.1014444E+21
  0.4313117E+22 -0.2100087E+22 -0.7100967E+20  0.2556368E+21  0.1728756E+20  0.2922697E+18
  0.8991024E+21  0.4032794E+22 -0.1616399E+22 -0.1035087E+22  0.3567172E+21  0.1324500E+20
 -0.3109151E+22 -0.8772953E+20  0.1495583E+22  0.2056363E+21 -0.3509208E+21 -0.1210069E+20
  0.4685621E+20  0.4431481E+21 -0.1677040E+21  0.1047781E+22 -0.7930403E+21  0.1500583E+21
 -0.3240632E+21 -0.1620471E+22  0.7331459E+21 -0.4163162E+21  0.8820753E+21 -0.2741879E+21
  0.5603150E+21  0.3044417E+21 -0.5298275E+21  0.4135385E+20 -0.1439383E+21  0.1252497E+21
  0.4979642E+22 -0.2374516E+22 -0.1162668E+21  0.2830689E+21  0.2772061E+20  0.6786616E+18
  0.9565089E+21  0.4786007E+22 -0.1869416E+22 -0.1195464E+22  0.3845130E+21  0.2169360E+20
 -0.3591588E+22 -0.1344529E+21  0.1796909E+22  0.2362212E+21 -0.4068600E+21 -0.2048801E+20
  0.4593249E+20  0.4815600E+21 -0.1784699E+21  0.1262179E+22 -0.9355465E+21  0.1733604E+21
 -0.3449431E+21 -0.1903361E+22  0.8386867E+21 -0.4988079E+21  0.1068417E+22 -0.3274522E+21
  0.6476120E+21  0.3572977E+21 -0.6328933E+21  0.4928170E+20 -0.1745886E+21  0.1546273E+21
  0.5739239E+22 -0.2681895E+22 -0.1729531E+21  0.3133063E+21  0.4040970E+20  0.1302993E+19
  0.1018429E+22  0.5660239E+22 -0.2158025E+22 -0.1378086E+22  0.4117559E+21  0.3228503E+20
 -0.4153330E+22 -0.1865205E+21  0.2156692E+22  0.2703109E+21 -0.4718477E+21 -0.3155323E+20
  0.4518010E+20  0.5233175E+21 -0.1901094E+21  0.1515386E+22 -0.1101011E+22  0.1999863E+21
 -0.3685046E+21 -0.2236828E+22  0.9610995E+21 -0.5944846E+21  0.1292018E+22 -0.3909064E+21
  0.7514128E+21  0.4186183E+21 -0.7577256E+21  0.5830394E+20 -0.2110676E+21  0.1910229E+21
  0.6604057E+22 -0.3026076E+22 -0.2430761E+21  0.3466480E+21  0.5569050E+20  0.2236730E+19
  0.1085304E+22  0.6672870E+22 -0.2486591E+22 -0.1585771E+22  0.4377397E+21  0.4539450E+20
 -0.4806762E+22 -0.2441156E+21  0.2585288E+22  0.3082364E+21 -0.5472814E+21 -0.4595044E+20
  0.4458946E+20  0.5687380E+21 -0.2026808E+21  0.1813562E+22 -0.1292595E+22  0.2303206E+21
 -0.3949693E+21 -0.2629463E+22  0.1102827E+22 -0.7050269E+21  0.1559676E+22 -0.4662828E+21
  0.8746502E+21  0.4896173E+21 -0.9086573E+21  0.6852027E+20 -0.2543270E+21  0.2359967E+21
  0.7587526E+22 -0.3410948E+22 -0.3289091E+21  0.3833452E+21  0.7393001E+20  0.3564442E+19
  0.1155407E+22  0.7842064E+22 -0.2858003E+22 -0.1821062E+22  0.4611738E+21  0.6140251E+20
 -0.5563895E+22 -0.3066868E+21  0.3093109E+22  0.3500401E+21 -0.6343890E+21 -0.6442728E+20
  0.4398556E+20  0.6168574E+21 -0.2156977E+21  0.2162716E+22 -0.1512482E+22  0.2644361E+21
 -0.4236272E+21 -0.3089064E+22  0.1265021E+22 -0.8314240E+21  0.1877714E+22 -0.5549252E+21
  0.1019994E+22  0.5709809E+21 -0.1089865E+22  0.7990715E+20 -0.3050471E+21  0.2911308E+21
  0.8705090E+22 -0.3841077E+22 -0.4330286E+21  0.4237138E+21  0.9553583E+20  0.5385176E+19
  0.1225124E+22  0.9187681E+22 -0.3274129E+22 -0.2086641E+22  0.4803835E+21  0.8067672E+20
 -0.6437371E+22 -0.3727284E+21  0.3691117E+22  0.3955666E+21 -0.7344244E+21 -0.8782369E+20
  0.4310489E+20  0.6655407E+21 -0.2282504E+21  0.2568992E+22 -0.1762096E+22  0.3021597E+21
 -0.4529864E+21 -0.3623229E+22  0.1447805E+22 -0.9740126E+21  0.2252239E+22 -0.6578548E+21
  0.1190101E+22  0.6629414E+21 -0.1305581E+22  0.9232228E+20 -0.3636344E+21  0.3580664E+21
  0.9974895E+22 -0.4322079E+22 -0.5584309E+21  0.4681846E+21  0.1209829E+21  0.7815748E+19
  0.1290615E+22  0.1073267E+23 -0.3737236E+22 -0.2385787E+22  0.4935837E+21  0.1036008E+21
 -0.7442586E+22 -0.4401424E+21  0.4392182E+22  0.4446833E+21 -0.8489673E+21 -0.1171136E+21
  0.4174696E+20  0.7124190E+21 -0.2394364E+21  0.3039388E+22 -0.2043012E+22  0.3433172E+21
 -0.4814843E+21 -0.4241093E+22  0.1651424E+22 -0.1133014E+22  0.2690279E+22 -0.7761931E+21
  0.1388287E+22  0.7657410E+21 -0.1560852E+22  0.1055904E+21 -0.4304614E+21  0.4387165E+21
  0.1141798E+23 -0.4860317E+22 -0.7085441E+21  0.5172252E+21  0.1508037E+21  0.1099219E+20
  0.1350397E+22  0.1250394E+23 -0.4251536E+22 -0.2722462E+22  0.4990777E+21  0.1306147E+21
 -0.8599813E+22 -0.5070370E+21  0.5212548E+22  0.4974801E+21 -0.9801032E+21 -0.1534534E+21
  0.3992762E+20  0.7564124E+21 -0.2489353E+21  0.3582481E+22 -0.2357989E+22  0.3880071E+21
 -0.5085469E+21 -0.4955327E+22  0.1877773E+22 -0.1309266E+22  0.3201177E+22 -0.9117050E+21
  0.1619305E+22  0.8802381E+21 -0.1862511E+22  0.1196222E+21 -0.5062213E+21  0.5355611E+21
  0.1305702E+23 -0.5461999E+22 -0.8869900E+21  0.5712146E+21  0.1855224E+21  0.1506376E+20
  0.1406690E+22  0.1453149E+23 -0.4823531E+22 -0.3100939E+22  0.4953235E+21  0.1622133E+21
 -0.9934104E+22 -0.5723468E+21  0.6171972E+22  0.5543061E+21 -0.1130336E+22 -0.1981765E+21
  0.3788720E+20  0.7986193E+21 -0.2572563E+21  0.4208497E+22 -0.2711335E+22  0.4366962E+21
 -0.5351222E+21 -0.5782641E+22  0.2131046E+22 -0.1504574E+22  0.3797109E+22 -0.1067026E+22
  0.1889528E+22  0.1008154E+22 -0.2219535E+22  0.1344745E+21 -0.5921140E+21  0.6517946E+21
  0.1491694E+23 -0.6133489E+22 -0.1097480E+22  0.6304861E+21  0.2256289E+21  0.2018617E+20
  0.1463840E+22  0.1684913E+23 -0.5461388E+22 -0.3525851E+22  0.4808360E+21  0.1989238E+21
 -0.1147420E+23 -0.6357715E+21  0.7293221E+22  0.6156808E+21 -0.1302456E+22 -0.2527639E+21
  0.3591267E+20  0.8414921E+21 -0.2653283E+21  0.4929382E+22 -0.3108537E+22  0.4900716E+21
 -0.5629975E+21 -0.6742913E+22  0.2416897E+22 -0.1721528E+22  0.4492693E+22 -0.1245426E+22
  0.2206507E+22  0.1151782E+22 -0.2642656E+22  0.1503058E+21 -0.6897249E+21  0.7912544E+21
  0.1702563E+23 -0.6881789E+22 -0.1343902E+22  0.6954077E+21  0.2716037E+21  0.2651989E+20
  0.1524271E+22  0.1949466E+23 -0.6172722E+22 -0.4002146E+22  0.4538000E+21  0.2412446E+21
 -0.1324983E+23 -0.6968022E+21  0.8600319E+22  0.6820102E+21 -0.1499261E+22 -0.3187904E+21
  0.3411626E+20  0.8864493E+21 -0.2736229E+21  0.5758196E+22 -0.3554798E+22  0.5486350E+21
 -0.5931155E+21 -0.7856579E+22  0.2740061E+22 -0.1962521E+22  0.5303231E+22 -0.1449977E+22
  0.2577848E+22  0.1313106E+22 -0.3143026E+22  0.1672177E+21 -0.8004983E+21  0.9580289E+21
  0.1941493E+23 -0.7714949E+22 -0.1630495E+22  0.7664261E+21  0.3239564E+21  0.3423284E+20
  0.1586427E+22  0.2251034E+23 -0.6963344E+22 -0.4535114E+22  0.4118219E+21  0.2895987E+21
 -0.1529092E+23 -0.7539317E+21  0.1011776E+23  0.7534216E+21 -0.1723455E+22 -0.3978909E+21
  0.3240741E+20  0.9325568E+21 -0.2817717E+21  0.6708822E+22 -0.4054136E+22  0.6124778E+21
 -0.6247235E+21 -0.9143458E+22  0.3103018E+22 -0.2229082E+22  0.6243650E+22 -0.1683014E+22
  0.3010726E+22  0.1493271E+22 -0.3731455E+22  0.1851595E+21 -0.9253701E+21  0.1156179E+22
  0.2212083E+23 -0.8641774E+22 -0.1961867E+22  0.8440037E+21  0.3832136E+21  0.4349882E+20
  0.1647558E+22  0.2594350E+23 -0.7838786E+22 -0.5130434E+22  0.3521702E+21  0.3443659E+21
 -0.1763008E+23 -0.8052590E+21  0.1187196E+23  0.8299547E+21 -0.1977836E+22 -0.4917857E+21
  0.3067752E+20  0.9781198E+21 -0.2891954E+21  0.7796576E+22 -0.4610344E+22  0.6815579E+21
 -0.6565438E+21 -0.1062483E+23  0.3507601E+22 -0.2522517E+22  0.7329809E+22 -0.1946653E+22
  0.3512750E+22  0.1693190E+22 -0.4419374E+22  0.2040349E+21 -0.1065097E+22  0.1389998E+22
  0.2518422E+23 -0.9671668E+22 -0.2342953E+22  0.9285691E+21  0.4498901E+21  0.5449275E+20
  0.1708183E+22  0.2984875E+23 -0.8807497E+22 -0.5794492E+22  0.2722331E+21  0.4059960E+21
 -0.2030673E+23 -0.8500507E+21  0.1389429E+23  0.9119559E+21 -0.2265659E+22 -0.6023718E+21
  0.2896545E+20  0.1023407E+22 -0.2960005E+21  0.9039753E+22 -0.5229144E+22  0.7562140E+21
 -0.6886773E+21 -0.1232724E+23  0.3958000E+22 -0.2845411E+22  0.8581405E+22 -0.2243973E+22
  0.4093466E+22  0.1914751E+22 -0.5220846E+22  0.2239100E+21 -0.1221046E+22  0.1664679E+22
  0.2864990E+23 -0.1081404E+23 -0.2778806E+22  0.1020454E+22  0.5244371E+21  0.6738039E+20
  0.1772379E+22  0.3428745E+23 -0.9880904E+22 -0.6534113E+22  0.1695529E+21  0.4750152E+21
 -0.2336632E+23 -0.8892637E+21  0.1622094E+23  0.1000092E+22 -0.2590490E+22 -0.7316953E+21
  0.2741133E+20  0.1070915E+22 -0.3029743E+21  0.1045972E+23 -0.5918351E+22  0.8371850E+21
 -0.7227596E+21 -0.1428242E+23  0.4460980E+22 -0.3201865E+22  0.1002225E+23 -0.2579136E+22
  0.4764284E+22  0.2160936E+22 -0.6152652E+22  0.2450339E+21 -0.1395329E+22  0.1986401E+22
  0.3256847E+23 -0.1207910E+23 -0.3274665E+22  0.1119984E+22  0.6072593E+21  0.8231451E+20
  0.1844115E+22  0.3932944E+23 -0.1107137E+23 -0.7356733E+22  0.4147817E+20  0.5519363E+21
 -0.2685855E+23 -0.9245625E+21  0.1889147E+23  0.1095081E+22 -0.2955990E+22 -0.8818580E+21
  0.2610471E+20  0.1123152E+22 -0.3108208E+21  0.1208087E+23 -0.6686514E+22  0.9252124E+21
 -0.7604022E+21 -0.1652529E+23  0.5023554E+22 -0.3596575E+22  0.1167872E+23 -0.2956522E+22
  0.5537425E+22  0.2434972E+22 -0.7232932E+22  0.2676827E+21 -0.1590269E+22  0.2361897E+22
  0.3699666E+23 -0.1347767E+23 -0.3835884E+22  0.1227460E+22  0.6986954E+21  0.9942794E+20
  0.1924810E+22  0.4505266E+23 -0.1239002E+23 -0.8270075E+22 -0.1151163E+21  0.6371376E+21
 -0.3083523E+23 -0.9573540E+21  0.2194694E+23  0.1197418E+22 -0.3365609E+22 -0.1054881E+22
  0.2503532E+20  0.1181088E+22 -0.3197095E+21  0.1393001E+23 -0.7541449E+22  0.1020700E+22
 -0.8021257E+21 -0.1909190E+23  0.5651038E+22 -0.4033832E+22  0.1357797E+23 -0.3379857E+22
  0.6424981E+22  0.2739542E+22 -0.8479793E+22  0.2920278E+21 -0.1807846E+22  0.2797942E+22
  0.4199808E+23 -0.1502121E+23 -0.4468006E+22  0.1343137E+22  0.7990228E+21  0.1188332E+21
  0.2015104E+22  0.5154447E+23 -0.1384795E+23 -0.9282250E+22 -0.3036839E+21  0.7309117E+21
 -0.3535261E+23 -0.9892066E+21  0.2543151E+23  0.1307511E+22 -0.3822760E+22 -0.1252748E+22
  0.2417160E+20  0.1245219E+22 -0.3296466E+21  0.1603711E+23 -0.8491003E+22  0.1123911E+22
 -0.8481242E+21 -0.2202130E+23  0.6348258E+22 -0.4518020E+22  0.1574923E+23 -0.3852659E+22
  0.7439666E+22  0.3077243E+22 -0.9912229E+22  0.3182073E+21 -0.2049980E+22  0.3301636E+22
  0.4764401E+23 -0.1672140E+23 -0.5176790E+22  0.1467158E+22  0.9084369E+21  0.1406218E+21
  0.2118212E+22  0.5890358E+23 -0.1545865E+23 -0.1040179E+23 -0.5277652E+21  0.8335830E+21
 -0.4047486E+23 -0.1023224E+22  0.2939516E+23  0.1425948E+22 -0.4331011E+22 -0.1477513E+22
  0.2354347E+20  0.1317664E+22 -0.3410811E+21  0.1843653E+23 -0.9544694E+22  0.1235335E+22
 -0.8997389E+21 -0.2535861E+23  0.7121951E+22 -0.5054810E+22  0.1822627E+23 -0.4379226E+22
  0.8596120E+22  0.3451568E+22 -0.1155197E+23  0.3464739E+21 -0.2319210E+22  0.3881055E+22
  0.5401570E+23 -0.1859068E+23 -0.5968383E+22  0.1599596E+22  0.1027074E+22  0.1648669E+21
  0.2240600E+22  0.6724384E+23 -0.1723927E+23 -0.1163807E+23 -0.7909724E+21  0.9455748E+21
 -0.4627654E+23 -0.1064622E+22  0.3389588E+23  0.1553619E+22 -0.4894265E+22 -0.1731392E+22
  0.2323531E+20  0.1402652E+22 -0.3549796E+21  0.2116856E+23 -0.1071457E+23  0.1355809E+22
 -0.9597876E+21 -0.2915712E+23  0.7981607E+22 -0.5651776E+22  0.2104922E+23 -0.4965098E+22
  0.9911555E+22  0.3867320E+22 -0.1342454E+23  0.3772407E+21 -0.2619014E+22  0.4545663E+22
  0.6120255E+23 -0.2064133E+23 -0.6848911E+22  0.1740387E+22  0.1154941E+22  0.1916080E+21
  0.2390175E+22  0.7669218E+23 -0.1920842E+23 -0.1300067E+23 -0.1097108E+22  0.1067283E+22
 -0.5283908E+23 -0.1120300E+22  0.3899713E+23  0.1691477E+22 -0.5516337E+22 -0.2016575E+22
  0.2333619E+20  0.1505420E+22 -0.3724668E+21  0.2427871E+23 -0.1201394E+23  0.1486227E+22
 -0.1031776E+22 -0.3347587E+23  0.8937799E+22 -0.6317656E+22  0.2426281E+23 -0.5616299E+22
  0.1140463E+23  0.4329958E+22 -0.1555780E+23  0.4109853E+21 -0.2953390E+22  0.5305854E+22
  0.6930616E+23 -0.2288646E+23 -0.7824707E+22  0.1889406E+22  0.1291948E+22  0.2208536E+21
  0.2575197E+22  0.8739390E+23 -0.2138612E+23 -0.1449992E+23 -0.1450328E+22  0.1199047E+22
 -0.6025281E+23 -0.1198538E+22  0.4476921E+23  0.1840489E+22 -0.6201061E+22 -0.2335232E+22
  0.2392154E+20  0.1631540E+22 -0.3946194E+21  0.2781930E+23 -0.1345727E+23  0.1627451E+22
 -0.1119402E+22 -0.3838081E+23  0.1000160E+23 -0.7062257E+22  0.2791717E+23 -0.6339159E+22
  0.1309552E+23  0.4845425E+22 -0.1798205E+23  0.4482094E+21 -0.3326735E+22  0.6172989E+22
  0.7844027E+23 -0.2533941E+23 -0.8902152E+22  0.2046416E+22  0.1437879E+22  0.2525753E+21
  0.2804495E+22  0.9951321E+23 -0.2379346E+23 -0.1614658E+23 -0.1855134E+22  0.1341124E+22
 -0.6861695E+23 -0.1309103E+22  0.5128934E+23  0.2001584E+22 -0.6952181E+22 -0.2689458E+22
  0.2506746E+20  0.1787059E+22 -0.4225020E+21  0.3184984E+23 -0.1506008E+23  0.1780275E+22
 -0.1226640E+22 -0.4394509E+23  0.1118454E+23 -0.7896424E+22  0.3206800E+23 -0.7140240E+22
  0.1500596E+23  0.5420117E+22 -0.2073009E+23  0.4894335E+21 -0.3743830E+22  0.7159431E+22
  0.8873263E+23 -0.2801376E+23 -0.1008772E+23  0.2211054E+22  0.1592396E+22  0.2867100E+21
  0.3088360E+22  0.1132363E+24 -0.2645333E+23 -0.1795187E+23 -0.2316371E+22  0.1493717E+22
 -0.7804182E+23 -0.1463664E+22  0.5864347E+23  0.2175705E+22 -0.7773419E+22 -0.3081326E+22
  0.2687277E+20  0.1979093E+22 -0.4573021E+21  0.3643845E+23 -0.1683941E+23  0.1945512E+22
 -0.1358132E+22 -0.5025087E+23  0.1249922E+23 -0.8832432E+22  0.3677818E+23 -0.8026629E+22
  0.1715977E+23  0.6061164E+22 -0.2383811E+23  0.5352303E+21 -0.4210043E+22  0.8278895E+22
  0.1003262E+24 -0.3092288E+23 -0.1138789E+23  0.2382788E+22  0.1755007E+22  0.3231562E+21
  0.3439004E+22  0.1287740E+24 -0.2939048E+23 -0.1992726E+23 -0.2839226E+22  0.1656960E+22
 -0.8865000E+23 -0.1676126E+22  0.6692732E+23  0.2363784E+22 -0.8668398E+22 -0.3512869E+22
  0.2947074E+20  0.2216156E+22 -0.5003816E+21  0.4166291E+23 -0.1881398E+23  0.2123986E+22
 -0.1519382E+22 -0.5739054E+23  0.1395959E+23 -0.9884164E+22  0.4211865E+23 -0.9005992E+22
  0.1958318E+23  0.6776520E+22 -0.2734622E+23  0.5862330E+21 -0.4731413E+22  0.9546660E+22
  0.1133841E+24 -0.3408087E+23 -0.1280948E+23  0.2560997E+22  0.1925130E+22  0.3617854E+21
  0.3870616E+22  0.1463687E+24 -0.3263238E+23 -0.2208510E+23 -0.3429365E+22  0.1830958E+22
 -0.1005805E+24 -0.1962721E+22  0.7624971E+23  0.2566779E+22 -0.9640917E+22 -0.3986194E+22
  0.3303300E+20  0.2508238E+22 -0.5532570E+21  0.4761344E+23 -0.2100476E+23  0.2316572E+22
 -0.1716768E+22 -0.6546973E+23  0.1558125E+23 -0.1106748E+23  0.4817085E+23 -0.1008686E+23
  0.2230568E+23  0.7575158E+22 -0.3129974E+23  0.6431435E+21 -0.5314800E+22  0.1098009E+23
  0.1280858E+24 -0.3750052E+23 -0.1435891E+23  0.2744818E+22  0.2101976E+22  0.4024221E+21
  0.4399230E+22  0.1662908E+24 -0.3620734E+23 -0.2443729E+23 -0.4092781E+22  0.2015669E+22
 -0.1139850E+24 -0.2342036E+22  0.8672994E+23  0.2785491E+22 -0.1069440E+23 -0.4503259E+22
  0.3777395E+20  0.2866768E+22 -0.6175533E+21  0.5439170E+23 -0.2343390E+23  0.2524042E+22
 -0.1957462E+22 -0.7460533E+23  0.1738063E+23 -0.1239970E+23  0.5502541E+23 -0.1127806E+23
  0.2535913E+23  0.8466660E+22 -0.3574812E+23  0.7066916E+21 -0.5967617E+22  0.1259830E+23
  0.1446355E+24 -0.4119464E+23 -0.1604272E+23  0.2933232E+22  0.2284619E+22  0.4448577E+21
  0.5043455E+22  0.1888507E+24 -0.4014637E+23 -0.2699622E+23 -0.4835981E+22  0.2210971E+22
 -0.1290352E+24 -0.2835570E+22  0.9850359E+23  0.3020664E+22 -0.1183228E+23 -0.5066048E+22
  0.4396645E+20  0.3305145E+22 -0.6950774E+21  0.6211544E+23 -0.2612596E+23  0.2747166E+22
 -0.2249735E+22 -0.8493087E+23  0.1937598E+23 -0.1390045E+23  0.6278630E+23 -0.1258929E+23
  0.2877936E+23  0.9461712E+22 -0.4074735E+23  0.7776752E+21 -0.6698197E+22  0.1442306E+23
  0.1632616E+24 -0.4517543E+23 -0.1786733E+23  0.3125075E+22  0.2471996E+22  0.4888494E+21
  0.5824149E+22  0.2144001E+24 -0.4448234E+23 -0.2977435E+23 -0.5665880E+22  0.2416631E+22
 -0.1459220E+24 -0.3467493E+22  0.1117224E+24  0.3272906E+22 -0.1305792E+23 -0.5676512E+22
  0.5194226E+20  0.3838596E+22 -0.7877408E+21  0.7091923E+23 -0.2910750E+23  0.2986660E+22
 -0.2602790E+22 -0.9659663E+23  0.2158692E+23 -0.1559141E+23  0.7157125E+23 -0.1403094E+23
  0.3260600E+23  0.1057188E+23 -0.4635993E+23  0.8569326E+21 -0.7515664E+22  0.1647889E+23
  0.1842209E+24 -0.4945374E+23 -0.1983876E+23  0.3318940E+22  0.2662838E+22  0.5341092E+21
  0.6765176E+22  0.2433383E+24 -0.4925000E+23 -0.3278374E+23 -0.6589813E+22  0.2632253E+22
 -0.1648590E+24 -0.4265367E+22  0.1265569E+24  0.3542630E+22 -0.1437434E+23 -0.6336488E+22
  0.6210970E+20  0.4484752E+22 -0.8976196E+21  0.8095756E+23 -0.3240719E+23  0.3243137E+22
 -0.3027074E+22 -0.1097725E+24  0.2403468E+23 -0.1749665E+23  0.8151410E+23 -0.1561407E+23
  0.3688303E+23  0.1180971E+23 -0.5265588E+23  0.9453490E+21 -0.8430041E+22  0.1879348E+23
  0.2077999E+24 -0.5403889E+23 -0.2196251E+23  0.3513237E+22  0.2855704E+22  0.5803083E+21
  0.7893033E+22  0.2761172E+24 -0.5448548E+23 -0.3603594E+23 -0.7615438E+22  0.2857262E+22
 -0.1860831E+24 -0.5259871E+22  0.1431977E+24  0.3829997E+22 -0.1578425E+23 -0.7047673E+22
  0.7495189E+20  0.5263485E+22 -0.1026862E+22  0.9240687E+23 -0.3605560E+23  0.3517072E+22
 -0.3534074E+22 -0.1246493E+24  0.2674173E+23 -0.1964250E+23  0.9276622E+23 -0.1735030E+23
  0.4165898E+23  0.1318861E+23 -0.5971324E+23  0.1043829E+22 -0.9452160E+22  0.2139798E+23
  0.2343254E+24 -0.5893978E+23 -0.2424406E+23  0.3706275E+22  0.3049050E+22  0.6270920E+21
  0.9237354E+22  0.3132567E+24 -0.6022780E+23 -0.3954278E+23 -0.8750929E+22  0.3090961E+22
 -0.2098634E+24 -0.6485221E+22  0.1618627E+24  0.4134978E+22 -0.1729039E+23 -0.7811789E+22
  0.9103656E+20  0.6197353E+22 -0.1177703E+22  0.1054719E+24 -0.4008631E+23  0.3808866E+22
 -0.4136518E+22 -0.1414457E+24  0.2973263E+23 -0.2205833E+23  0.1055020E+24 -0.1925230E+23
  0.4698875E+23  0.1472317E+23 -0.6762104E+23  0.1153317E+22 -0.1059398E+23  0.2432819E+23
  0.2641562E+24 -0.6416102E+23 -0.2668722E+23  0.3896026E+22  0.3241036E+22  0.6740403E+21
  0.1083082E+23  0.3553363E+24 -0.6651531E+23 -0.4331365E+23 -0.1000441E+23  0.3332324E+22
 -0.2364930E+24 -0.7979177E+22  0.1827912E+24  0.4457057E+22 -0.1889443E+23 -0.8630077E+22
  0.1110203E+21  0.7311643E+22 -0.1352401E+22  0.1203837E+24 -0.4453364E+23  0.4118590E+22
 -0.4848296E+22 -0.1604035E+24  0.3303238E+23 -0.2477543E+23  0.1199161E+24 -0.2133271E+23
  0.5293172E+23  0.1642840E+23 -0.7647681E+23  0.1274719E+22 -0.1186804E+23  0.2762381E+23
  0.2976993E+24 -0.6970629E+23 -0.2929549E+23  0.4080431E+22  0.3429769E+22  0.7207152E+21
  0.1270921E+23  0.4030205E+24 -0.7338864E+23 -0.4735782E+23 -0.1138433E+23  0.3580184E+22
 -0.2663039E+24 -0.9782916E+22  0.2062561E+24  0.4795444E+22 -0.2059802E+23 -0.9503743E+22
  0.1356435E+21  0.8634518E+22 -0.1553184E+22  0.1374097E+24 -0.4943473E+23  0.4446180E+22
 -0.5684446E+22 -0.1817988E+24  0.3666783E+23 -0.2782815E+23  0.1362322E+24 -0.2360513E+23
  0.5955488E+23  0.1832038E+23 -0.8639159E+23  0.1408937E+22 -0.1328797E+23  0.3133038E+23
  0.3354105E+24 -0.7557548E+23 -0.3207092E+23  0.4257211E+22  0.3613148E+22  0.7666308E+21
  0.1491191E+23  0.4570617E+24 -0.8088873E+23 -0.5168237E+23 -0.1289903E+23  0.3833082E+22
 -0.2996655E+24 -0.1194155E+23  0.2325638E+24  0.5148866E+22 -0.2240191E+23 -0.1043359E+23
  0.1657411E+21  0.1019753E+23 -0.1782256E+22  0.1568555E+24 -0.5482832E+23  0.4791264E+22
 -0.6661371E+22 -0.2059425E+24  0.4066698E+23 -0.3125352E+23  0.1547041E+24 -0.2608348E+23
  0.6693249E+23  0.2041585E+23 -0.9748976E+23  0.1556819E+22 -0.1486824E+23  0.3549940E+23
  0.3777996E+24 -0.8176542E+23 -0.3501428E+23  0.4424028E+22  0.3788989E+22  0.8112765E+21
  0.1748126E+23  0.5183123E+24 -0.8905668E+23 -0.5629267E+23 -0.1455672E+23  0.4089326E+22
 -0.3369900E+24 -0.1450335E+23  0.2620588E+24  0.5515594E+22 -0.2430630E+23 -0.1142010E+23
  0.2022199E+21  0.1203524E+23 -0.2041640E+22  0.1790713E+24 -0.6075474E+23  0.5153170E+22
 -0.7796472E+22 -0.2331852E+24  0.4505874E+23 -0.3509104E+23  0.1756202E+24 -0.2878211E+23
  0.7514714E+23  0.2273210E+23 -0.1099111E+24  0.1719122E+22 -0.1662412E+23  0.4018933E+23
  0.4254357E+24 -0.8826816E+23 -0.3812435E+23  0.4578405E+22  0.3954965E+22  0.8541045E+21
  0.2046282E+23  0.5877353E+24 -0.9793254E+23 -0.6119101E+23 -0.1636506E+23  0.4346908E+22
 -0.3787351E+24 -0.1751996E+23  0.2951275E+24  0.5893323E+22 -0.2631027E+23 -0.1246321E+23
  0.2460577E+21  0.1418564E+23 -0.2333154E+22  0.2044566E+24 -0.6725515E+23  0.5530825E+22
 -0.9108294E+22 -0.2639205E+24  0.4987256E+23 -0.3938254E+23  0.1993075E+24 -0.3171533E+23
  0.8429023E+23  0.2528668E+23 -0.1238120E+24  0.1896471E+22 -0.1857152E+23  0.4546619E+23
  0.4789671E+24 -0.9507361E+23 -0.4139899E+23  0.4717960E+22  0.4108791E+22  0.8945691E+21
  0.2390557E+23  0.6664364E+24 -0.1075577E+24 -0.6637834E+23 -0.1833147E+23  0.4603667E+22
 -0.4254221E+24 -0.2104636E+23  0.3322125E+24  0.6279349E+22 -0.2841261E+23 -0.1356265E+23
  0.2982857E+21  0.1669035E+23 -0.2658356E+22  0.2334740E+24 -0.7437316E+23  0.5922893E+22
 -0.1061655E+23 -0.2985994E+24  0.5513962E+23 -0.4417298E+23  0.2261430E+24 -0.3489832E+23
  0.9446577E+23  0.2809795E+23 -0.1393718E+24  0.2089368E+22 -0.2072741E+23  0.5140616E+23
  0.5391033E+24 -0.1021639E+24 -0.4483262E+23  0.4840198E+22  0.4248050E+22  0.9320865E+21
  0.2786018E+23  0.7556445E+24 -0.1179682E+24 -0.7185014E+23 -0.2046188E+23  0.4857033E+22
 -0.4776186E+24 -0.2513915E+23  0.3738015E+24  0.6670197E+22 -0.3061016E+23 -0.1471716E+23
  0.3599448E+21  0.1959359E+23 -0.3018290E+22  0.2666442E+24 -0.8215028E+23  0.6327410E+22
 -0.1234136E+23 -0.3377200E+24  0.6088942E+23 -0.4950775E+23  0.2565476E+24 -0.3834500E+23
  0.1057865E+24  0.3118332E+23 -0.1567874E+24  0.2298022E+22 -0.2310856E+23  0.5809404E+23
