  0.1032364E+18 -0.1635927E+18  0.4612701E+17  0.6480896E+17 -0.3654738E+17  0.5152495E+16
  0.1810706E+18 -0.1169649E+18 -0.3857287E+17 -0.2099740E+17  0.6853354E+17 -0.1765453E+17
 -0.2456683E+18  0.2698193E+18 -0.1231204E+17 -0.5955970E+17 -0.1693662E+17  0.9510654E+16
  0.7939681E+17  0.2324072E+17 -0.6930250E+17  0.1700733E+16 -0.1014298E+17  0.1512289E+17
 -0.2154439E+18  0.3439098E+17  0.1313603E+18  0.9648350E+16 -0.2330672E+17 -0.1629367E+17
  0.1461522E+18 -0.8944121E+17 -0.5065290E+17  0.1368390E+17  0.1549910E+17  0.4388774E+16
  0.1094655E+18 -0.1711104E+18  0.4822721E+17  0.6686752E+17 -0.3769303E+17  0.5311863E+16
  0.1913610E+18 -0.1215779E+18 -0.3943413E+17 -0.2187184E+17  0.6993148E+17 -0.1797262E+17
 -0.2571526E+18  0.2782245E+18 -0.1290944E+17 -0.6036958E+17 -0.1716884E+17  0.9634691E+16
  0.8363142E+17  0.2446034E+17 -0.7131365E+17  0.1788527E+16 -0.1042883E+17  0.1520253E+17
 -0.2247693E+18  0.3464421E+17  0.1340615E+18  0.9873209E+16 -0.2319450E+17 -0.1629943E+17
  0.1510235E+18 -0.9072623E+17 -0.5137320E+17  0.1362577E+17  0.1543103E+17  0.4368866E+16
  0.1248546E+18 -0.1923648E+18  0.5414983E+17  0.7409462E+17 -0.4171460E+17  0.5871237E+16
  0.2171864E+18 -0.1353737E+18 -0.4344277E+17 -0.2460278E+17  0.7667350E+17 -0.1963373E+17
 -0.2891840E+18  0.3079117E+18 -0.1438566E+17 -0.6558591E+17 -0.1876476E+17  0.1047920E+17
  0.9444971E+17  0.2777737E+17 -0.7874778E+17  0.2042310E+16 -0.1157974E+17  0.1641406E+17
 -0.2515199E+18  0.3706310E+17  0.1468832E+18  0.1088875E+17 -0.2468868E+17 -0.1752151E+17
  0.1674495E+18 -0.9859598E+17 -0.5596358E+17  0.1451358E+17  0.1647596E+17  0.4675920E+16
  0.1430916E+18 -0.2171672E+18  0.6101030E+17  0.8239757E+17 -0.4629705E+17  0.6503277E+16
  0.2472083E+18 -0.1507213E+18 -0.4823120E+17 -0.2797857E+17  0.8445188E+17 -0.2151743E+17
 -0.3263259E+18  0.3416242E+18 -0.1590035E+17 -0.7132724E+17 -0.2068682E+17  0.1144124E+17
  0.1067706E+18  0.3184888E+17 -0.8718670E+17  0.2375071E+16 -0.1300357E+17  0.1779871E+17
 -0.2818839E+18  0.3915210E+17  0.1614492E+18  0.1210979E+17 -0.2623644E+17 -0.1892784E+17
  0.1860497E+18 -0.1071797E+18 -0.6119575E+17  0.1543606E+17  0.1762686E+17  0.5032151E+16
  0.1648599E+18 -0.2462980E+18  0.6900488E+17  0.9199131E+17 -0.5154608E+17  0.7220786E+16
  0.2823457E+18 -0.1678808E+18 -0.5397711E+17 -0.3214238E+17  0.9346567E+17 -0.2366312E+17
 -0.3696822E+18  0.3801416E+18 -0.1744200E+17 -0.7768115E+17 -0.2300069E+17  0.1254158E+17
  0.1208891E+18  0.3684667E+17 -0.9682184E+17  0.2807691E+16 -0.1475551E+17  0.1938650E+17
 -0.3165663E+18  0.4080614E+17  0.1780873E+18  0.1357116E+17 -0.2784037E+17 -0.2054990E+17
  0.2072440E+18 -0.1165959E+18 -0.6718946E+17  0.1639927E+17  0.1890046E+17  0.5445782E+16
  0.1910226E+18 -0.2807277E+18  0.7837538E+17  0.1031397E+18 -0.5759041E+17  0.8039232E+16
  0.3237203E+18 -0.1871391E+18 -0.6090475E+17 -0.3727752E+17  0.1039587E+18 -0.2611826E+17
 -0.4206048E+18  0.4243975E+18 -0.1899146E+17 -0.8474930E+17 -0.2578714E+17  0.1380521E+17
  0.1371498E+18  0.4298646E+17 -0.1078784E+18  0.3368281E+16 -0.1690601E+17  0.2121358E+17
 -0.3563931E+18  0.4187675E+17  0.1971855E+18  0.1531536E+17 -0.2949936E+17 -0.2242553E+17
  0.2315280E+18 -0.1269770E+18 -0.7408623E+17  0.1740950E+17  0.2031557E+17  0.5926680E+16
  0.2226605E+18 -0.3216517E+18  0.8941678E+17  0.1161632E+18 -0.6458501E+17  0.8977077E+16
  0.3726706E+18 -0.2087763E+18 -0.6930198E+17 -0.4362687E+17  0.1162327E+18 -0.2894035E+17
 -0.4807177E+18  0.4754767E+18 -0.2051279E+17 -0.9263983E+17 -0.2914921E+17  0.1526246E+17
  0.1559362E+18  0.5054676E+17 -0.1206174E+18  0.4096185E+16 -0.1954907E+17  0.2332452E+17
 -0.4022927E+18  0.4213231E+17  0.2191983E+18  0.1739615E+17 -0.3120191E+17 -0.2460160E+17
  0.2594640E+18 -0.1384529E+18 -0.8205322E+17  0.1847000E+17  0.2189225E+17  0.6487152E+16
  0.2611340E+18 -0.3705502E+18  0.1024903E+18  0.1314530E+18 -0.7271704E+17  0.1005638E+17
  0.4307954E+18 -0.2330475E+18 -0.7954067E+17 -0.5151173E+17  0.1306629E+18 -0.3219923E+17
 -0.5519800E+18  0.5346418E+18 -0.2194559E+17 -0.1014665E+18 -0.3321891E+17  0.1695036E+17
  0.1776719E+18  0.5988666E+17 -0.1353424E+18  0.5046399E+16 -0.2280948E+17  0.2577444E+17
 -0.4553034E+18  0.4123025E+17  0.2446620E+18  0.1988055E+17 -0.3292216E+17 -0.2713643E+17
  0.2916911E+18 -0.1511468E+18 -0.9128926E+17  0.1958011E+17  0.2365188E+17  0.7142599E+16
  0.3079109E+18 -0.4290044E+18  0.1179787E+18  0.1494302E+18 -0.8218836E+17  0.1130114E+17
  0.4994525E+18 -0.2597643E+18 -0.9211956E+17 -0.6142460E+17  0.1477236E+18 -0.3597942E+17
 -0.6361864E+18  0.6028933E+18 -0.2314761E+17 -0.1112545E+18 -0.3818516E+17  0.1891511E+17
  0.2025366E+18  0.7151132E+17 -0.1523157E+18  0.6312280E+16 -0.2688972E+17  0.2863691E+17
 -0.5159690E+18  0.3843509E+17  0.2740903E+18  0.2286606E+17 -0.3456716E+17 -0.3011001E+17
  0.3286123E+18 -0.1649833E+18 -0.1019975E+18  0.2070792E+17  0.2560448E+17  0.7914722E+16
  0.3651099E+18 -0.4992792E+18  0.1364202E+18  0.1706882E+18 -0.9327574E+17  0.1274307E+17
  0.5807744E+18 -0.2889764E+18 -0.1076690E+18 -0.7392665E+17  0.1680028E+18 -0.4038500E+17
 -0.7360958E+18  0.6819233E+18 -0.2397562E+17 -0.1221337E+18 -0.4426215E+17  0.2121208E+17
  0.2309571E+18  0.8599337E+17 -0.1719288E+18  0.8004582E+16 -0.3200755E+17  0.3199677E+17
 -0.5854478E+18  0.3307776E+17  0.3082142E+18  0.2644863E+17 -0.3606761E+17 -0.3361238E+17
  0.3710096E+18 -0.1800638E+18 -0.1144561E+18  0.2184780E+17  0.2777475E+17  0.8827392E+16
  0.4359186E+18 -0.5847175E+18  0.1585931E+18  0.1960771E+18 -0.1063641E+18  0.1442458E+17
  0.6782804E+18 -0.3212528E+18 -0.1269882E+18 -0.8963646E+17  0.1922299E+18 -0.4554438E+17
 -0.8561104E+18  0.7745843E+18 -0.2430378E+17 -0.1344124E+18 -0.5168885E+17  0.2390775E+17
  0.2638476E+18  0.1039795E+18 -0.1947869E+18  0.1024431E+17 -0.3838172E+17  0.3595061E+17
 -0.6660452E+18  0.2467956E+17  0.3481058E+18  0.3072325E+17 -0.3740662E+17 -0.3774333E+17
  0.4203337E+18 -0.1967990E+18 -0.1290578E+18  0.2303518E+17  0.3021223E+17  0.9906359E+16
  0.5240393E+18 -0.6891236E+18  0.1853641E+18  0.2265533E+18 -0.1218790E+18  0.1639184E+17
  0.7954247E+18 -0.3565051E+18 -0.1511447E+18 -0.1094728E+18  0.2213244E+18 -0.5161232E+17
 -0.1000791E+19  0.8835591E+18 -0.2385689E+17 -0.1482870E+18 -0.6080686E+17  0.2708518E+17
  0.3018383E+18  0.1263596E+18 -0.2214760E+18  0.1322459E+17 -0.4635864E+17  0.4062741E+17
 -0.7595365E+18  0.1217733E+17  0.3948842E+18  0.3582688E+17 -0.3846718E+17 -0.4264101E+17
  0.4778185E+18 -0.2153522E+18 -0.1462343E+18  0.2426474E+17  0.3295381E+17  0.1118860E+17
  0.6338683E+18 -0.8169444E+18  0.2177262E+18  0.2632243E+18 -0.1403053E+18  0.1869659E+17
  0.9357023E+18 -0.3939574E+18 -0.1815311E+18 -0.1346951E+18  0.2564366E+18 -0.5877638E+17
 -0.1175048E+19  0.1011495E+19 -0.2219508E+17 -0.1638615E+18 -0.7207310E+17  0.3084735E+17
  0.3453157E+18  0.1542755E+18 -0.2525980E+18  0.1723128E+17 -0.5642615E+17  0.4619376E+17
 -0.8672895E+18 -0.6056119E+16  0.4497804E+18  0.4192497E+17 -0.3903060E+17 -0.4848733E+17
  0.5445677E+18 -0.2356893E+18 -0.1664802E+18  0.2550164E+17  0.3602638E+17  0.1272370E+17
  0.7715553E+18 -0.9743141E+18  0.2570303E+18  0.3075891E+18 -0.1622879E+18  0.2140629E+17
  0.1104298E+19 -0.4330382E+18 -0.2199248E+18 -0.1668220E+18  0.2990067E+18 -0.6727009E+17
 -0.1385982E+19  0.1162405E+19 -0.1880640E+17 -0.1814011E+18 -0.8603381E+17  0.3532066E+17
  0.3951348E+18  0.1890777E+18 -0.2890173E+18  0.2261910E+17 -0.6914948E+17  0.5284969E+17
 -0.9918518E+18 -0.3170587E+17  0.5144906E+18  0.4919173E+17 -0.3888524E+17 -0.5549825E+17
  0.6224269E+18 -0.2580469E+18 -0.1904593E+18  0.2674538E+17  0.3948048E+17  0.1456988E+17
  0.9454978E+18 -0.1169481E+19  0.3050646E+18  0.3616312E+18 -0.1886664E+18  0.2460725E+17
  0.1308261E+19 -0.4731238E+18 -0.2686383E+18 -0.2077775E+18  0.3508647E+18 -0.7738645E+17
 -0.1643244E+19  0.1341771E+19 -0.1304206E+17 -0.2013118E+18 -0.1033690E+18  0.4066258E+17
  0.4525515E+18  0.2324339E+18 -0.3318695E+18  0.2984496E+17 -0.8522537E+17  0.6084246E+17
 -0.1136857E+19 -0.6674828E+17  0.5912259E+18  0.5783246E+17 -0.3779176E+17 -0.6393914E+17
  0.7139760E+18 -0.2828642E+18 -0.2190308E+18  0.2801640E+17  0.4338800E+17  0.1679836E+17
  0.1166234E+19 -0.1412675E+19  0.3640003E+18  0.4277977E+18 -0.2204591E+18  0.2840258E+17
  0.1555378E+19 -0.5124458E+18 -0.3307173E+18 -0.2601773E+18  0.4143508E+18 -0.8949090E+17
 -0.1958112E+19  0.1555710E+19 -0.3950728E+16 -0.2239519E+18 -0.1249779E+18  0.4707150E+17
  0.5185926E+18  0.2864596E+18 -0.3823958E+18  0.3955855E+17 -0.1056137E+18  0.7049203E+17
 -0.1305743E+19 -0.1140576E+18  0.6825466E+18  0.6810136E+17 -0.3535678E+17 -0.7415648E+17
  0.8219193E+18 -0.3104203E+18 -0.2532175E+18  0.2930968E+17  0.4781726E+17  0.1950286E+17
  0.1447509E+19 -0.1717080E+19  0.4365745E+18  0.5092134E+18 -0.2589391E+18  0.3291816E+17
  0.1855047E+19 -0.5481627E+18 -0.4101573E+18 -0.3274558E+18  0.4924486E+18 -0.1040386E+18
 -0.2344739E+19  0.1811755E+19  0.9770610E+16 -0.2497337E+18 -0.1520198E+18  0.5479572E+17
  0.5943312E+18  0.3537668E+18 -0.4420701E+18  0.5264359E+17 -0.1315678E+18  0.8220415E+17
 -0.1502443E+19 -0.1773537E+18  0.7915992E+18  0.8029714E+17 -0.3104507E+17 -0.8659159E+17
  0.9495278E+18 -0.3410210E+18 -0.2942949E+18  0.3061926E+17  0.5284771E+17  0.2280330E+17
  0.1808162E+19 -0.2100485E+19  0.5263895E+18  0.6100169E+18 -0.3057451E+18  0.3831044E+17
  0.2219992E+19 -0.5766356E+18 -0.5122328E+18 -0.4140257E+18  0.5889699E+18 -0.1215964E+18
 -0.2822427E+19  0.2120212E+19  0.2985038E+17 -0.2792936E+18 -0.1859706E+18  0.6414520E+17
  0.6814054E+18  0.4375817E+18 -0.5128197E+18  0.7025104E+17 -0.1646601E+18  0.9648592E+17
 -0.1732634E+19 -0.2611435E+18  0.9225083E+18  0.9477993E+17 -0.2421402E+17 -0.1017976E+18
  0.1101408E+19 -0.3752875E+18 -0.3439376E+18  0.3196834E+17  0.5859568E+17  0.2685043E+17
  0.2273316E+19 -0.2586205E+19  0.6380165E+18  0.7355395E+18 -0.3629151E+18  0.4476556E+17
  0.2666100E+19 -0.5923965E+18 -0.6439265E+18 -0.5256606E+18  0.7087671E+18 -0.1428606E+18
 -0.3416152E+19  0.2494155E+19  0.5868730E+17 -0.3134116E+18 -0.2287432E+18  0.7550542E+17
  0.7816874E+18  0.5418998E+18 -0.5969763E+18  0.9391714E+17 -0.2069250E+18  0.1139780E+18
 -0.2003198E+19 -0.3712581E+18  0.1080440E+19  0.1119914E+18 -0.1400868E+17 -0.1204805E+18
  0.1283378E+19 -0.4139896E+18 -0.4042810E+18  0.3338599E+17  0.6520610E+17  0.3183847E+17
  0.2876247E+19 -0.3204560E+19  0.7771916E+18  0.8925872E+18 -0.4329526E+18  0.5250129E+17
  0.3213052E+19 -0.5873865E+18 -0.8144471E+18 -0.6698908E+18  0.8579985E+18 -0.1686851E+18
 -0.4158047E+19  0.2950026E+19  0.9961032E+17 -0.3530116E+18 -0.2828245E+18  0.8935638E+17
  0.8973240E+18  0.6716659E+18 -0.6973751E+18  0.1256890E+18 -0.2610000E+18  0.1354951E+18
 -0.2322475E+19 -0.5152636E+18  0.1271897E+19  0.1324684E+18  0.7188054E+15 -0.1435497E+18
  0.1502771E+19 -0.4580469E+18 -0.4780650E+18  0.3490336E+17  0.7285749E+17  0.3802079E+17
  0.3661700E+19 -0.3995471E+19  0.9512104E+18  0.1089917E+19 -0.5189576E+18  0.6177467E+17
  0.3886734E+19 -0.5507740E+18 -0.1035913E+19 -0.8564096E+18  0.1044482E+19 -0.2001222E+18
 -0.5090894E+19  0.3509359E+19  0.1571658E+18 -0.3993009E+18 -0.3514392E+18  0.1062996E+18
  0.1031400E+19  0.8331024E+18 -0.8177178E+18  0.1682325E+18 -0.3302516E+18  0.1620765E+18
 -0.2701881E+19 -0.7027744E+18  0.1505407E+19  0.1568768E+18  0.2144112E+17 -0.1721815E+18
  0.1769479E+19 -0.5087758E+18 -0.5689173E+18  0.3657189E+17  0.8178997E+17  0.4572911E+17
  0.4688929E+19 -0.5010614E+19  0.1169159E+19  0.1338592E+19 -0.6246849E+18  0.7288089E+17
  0.4720488E+19 -0.4677968E+18 -0.1324184E+19 -0.1097657E+19  0.1278083E+19 -0.2384605E+18
 -0.6270637E+19  0.4199624E+19  0.2375966E+18 -0.4537330E+18 -0.4387804E+18  0.1270874E+18
  0.1188065E+19  0.1034100E+19 -0.9627859E+18  0.2250220E+18 -0.4190077E+18  0.1950559E+18
 -0.3156421E+19 -0.9462246E+18  0.1792069E+19  0.1860324E+18  0.5010682E+17 -0.2079099E+18
  0.2096475E+19 -0.5678335E+18 -0.6816171E+18  0.3844965E+17  0.9230854E+17  0.5540275E+17
  0.6036256E+19 -0.6316514E+19  0.1442250E+19  0.1652446E+19 -0.7546061E+18  0.8614960E+17
  0.5758080E+19 -0.3189118E+18 -0.1699947E+19 -0.1409435E+19  0.1571169E+19 -0.2852646E+18
 -0.7770846E+19  0.5055908E+19  0.3494805E+18 -0.5180285E+18 -0.5502974E+18  0.1526566E+18
  0.1373181E+19  0.1284829E+19 -0.1138899E+19  0.3005404E+18 -0.5328105E+18  0.2361471E+18
 -0.3706367E+19 -0.1261717E+19  0.2146477E+19  0.2209233E+18  0.8929742E+17 -0.2527437E+18
  0.2500973E+19 -0.6373009E+18 -0.8225143E+18  0.4059944E+17  0.1047970E+18  0.6762666E+17
  0.7806603E+19 -0.7997954E+19  0.1784125E+19  0.2048499E+19 -0.9139284E+18  0.1019362E+18
  0.7057729E+19 -0.7880256E+17 -0.2190092E+19 -0.1811623E+19  0.1939139E+19 -0.3424201E+18
 -0.9688319E+19  0.6122724E+19  0.5046186E+18 -0.5941282E+18 -0.6930716E+18  0.1841700E+18
  0.1595173E+19  0.1598652E+19 -0.1354562E+19  0.4005344E+18 -0.6787579E+18  0.2875610E+18
 -0.4379468E+19 -0.1670225E+19  0.2587990E+19  0.2627134E+18  0.1424676E+18 -0.3093283E+18
  0.3005902E+19 -0.7196970E+18 -0.1000097E+19  0.4307890E+17  0.1197256E+18  0.8318582E+17
  0.1013271E+20 -0.1016052E+20  0.2210918E+19  0.2547103E+19 -0.1108494E+19  0.1206035E+18
  0.8696222E+19  0.2850886E+18 -0.2829271E+19 -0.2328943E+19  0.2400967E+19 -0.4121741E+18
 -0.1214839E+20  0.7454983E+19  0.7192236E+18 -0.6839294E+18 -0.8762790E+18  0.2230609E+18
  0.1865846E+19  0.1993304E+19 -0.1621208E+19  0.5323673E+18 -0.8659771E+18  0.3521611E+18
 -0.5213074E+19 -0.2199229E+19  0.3142151E+19  0.3126754E+18  0.2143434E+18 -0.3811661E+18
  0.3641262E+19 -0.8177377E+18 -0.1225659E+19  0.4591093E+17  0.1376264E+18  0.1031400E+18
  0.1318305E+20 -0.1293290E+20  0.2741220E+19  0.3171874E+19 -0.1344603E+19  0.1424990E+18
  0.1077530E+20  0.8138085E+18 -0.3661798E+19 -0.2991748E+19  0.2979792E+19 -0.4971815E+18
 -0.1531180E+20  0.9118895E+19  0.1015459E+19 -0.7888747E+18 -0.1111750E+19  0.2710842E+18
  0.2201826E+19  0.2492634E+19 -0.1954342E+19  0.7054626E+18 -0.1106231E+19  0.4336686E+18
 -0.6257629E+19 -0.2884789E+19  0.3842726E+19  0.3720378E+18  0.3114687E+18 -0.4729086E+18
  0.4446074E+19 -0.9339817E+18 -0.1514211E+19  0.4905013E+17  0.1590444E+18  0.1289248E+18
  0.1716944E+20 -0.1646938E+20  0.3396085E+19  0.3949468E+19 -0.1628808E+19  0.1679350E+18
  0.1343164E+20  0.1558168E+19 -0.4744202E+19 -0.3836984E+19  0.3703699E+19 -0.6005728E+18
 -0.1938417E+20  0.1119286E+20  0.1423506E+19 -0.9093239E+18 -0.1414681E+19  0.3303809E+18
  0.2626889E+19  0.3129259E+19 -0.2375286E+19  0.9319256E+18 -0.1414770E+19  0.5369455E+18
 -0.7582109E+19 -0.3774461E+19  0.4734616E+19  0.4417127E+18  0.4429931E+18 -0.5907578E+18
  0.5471148E+19 -0.1070258E+19 -0.1885748E+19  0.5234058E+17  0.1844436E+18  0.1624908E+18
  0.2234973E+20 -0.2094774E+20  0.4198269E+19  0.4908425E+19 -0.1967457E+19  0.1971552E+18
  0.1684316E+20  0.2582640E+19 -0.6147850E+19 -0.4909395E+19  0.4606378E+19 -0.7259991E+18
 -0.2461984E+20  0.1376370E+20  0.1984075E+19 -0.1043173E+19 -0.1804386E+19  0.4035293E+18
  0.3173329E+19  0.3947430E+19 -0.2912658E+19  0.1227591E+19 -0.1811585E+19  0.6683498E+18
 -0.9276979E+19 -0.4931231E+19  0.5876395E+19  0.5216896E+18  0.6219917E+18 -0.7429727E+18
  0.6780131E+19 -0.1226039E+19 -0.2366410E+19  0.5542564E+17  0.2139569E+18  0.2064818E+18
  0.2903058E+20 -0.2656681E+20  0.5171670E+19  0.6078036E+19 -0.2366381E+19  0.2303276E+18
  0.2123659E+20  0.3971608E+19 -0.7962509E+19 -0.6263507E+19  0.5728202E+19 -0.8777333E+18
 -0.3132561E+20  0.1692136E+20  0.2751469E+19 -0.1184099E+19 -0.2305202E+19  0.4936174E+18
  0.3883773E+19  0.5006830E+19 -0.3604263E+19  0.1613659E+19 -0.2323248E+19  0.8362175E+18
 -0.1145773E+20 -0.6438933E+19  0.7343523E+19  0.6101161E+18  0.8673381E+18 -0.9405396E+18
  0.8450520E+19 -0.1396202E+19 -0.2989917E+19  0.5767042E+17  0.2469983E+18  0.2644691E+18
  0.3757165E+20 -0.3354493E+20  0.6341147E+19  0.7487444E+19 -0.2830769E+19  0.2675564E+18
  0.2689412E+20  0.5840343E+19 -0.1030110E+20 -0.7966783E+19  0.7117683E+19 -0.1060802E+19
 -0.3986359E+20  0.2075109E+20  0.3797246E+19 -0.1319361E+19 -0.2947461E+19  0.6043175E+18
  0.4812763E+19  0.6387243E+19 -0.4499081E+19  0.2119202E+19 -0.2985471E+19  0.1051461E+19
 -0.1426736E+20 -0.8409662E+19  0.9231763E+19  0.7019124E+18  0.1206346E+19 -0.1197993E+19
  0.1057384E+20 -0.1567881E+19 -0.3799040E+19  0.5812105E+17  0.2816594E+18  0.3412362E+18
  0.4838877E+20 -0.4211854E+20  0.7732514E+19  0.9165202E+19 -0.3365266E+19  0.3089135E+18
  0.3415098E+20  0.8354569E+19 -0.1330536E+20 -0.1010445E+20  0.8833233E+19 -0.1281117E+19
 -0.5064664E+20  0.2532115E+20  0.5214239E+19 -0.1427156E+19 -0.3768424E+19  0.7399448E+18
  0.6025619E+19  0.8192988E+19 -0.5658105E+19  0.2784986E+19 -0.3846641E+19  0.1328252E+19
 -0.1787225E+20 -0.1099320E+20  0.1165909E+20  0.7867051E+18  0.1678434E+19 -0.1534338E+19
  0.1325247E+20 -0.1716125E+19 -0.4846512E+19  0.5555727E+17  0.3137989E+18  0.4431000E+18
  0.6196038E+20 -0.5254617E+20  0.9373410E+19  0.1114059E+20 -0.3974611E+19  0.3545040E+18
  0.4337885E+20  0.1176240E+20 -0.1715333E+20 -0.1278721E+20  0.1094590E+20 -0.1545674E+19
 -0.6412700E+20  0.3066788E+20  0.7121066E+19 -0.1473966E+19 -0.4813413E+19  0.9055402E+18
  0.7592452E+19  0.1055633E+20 -0.7153169E+19  0.3669303E+19 -0.4972780E+19  0.1684825E+19
 -0.2244786E+20 -0.1438861E+20  0.1476525E+20  0.8459120E+18  0.2340119E+19 -0.1974125E+19
  0.1659235E+20 -0.1798818E+19 -0.6195139E+19  0.4875361E+17  0.3358154E+18  0.5782749E+18
  0.7885173E+20 -0.6512719E+20  0.1129571E+20  0.1344787E+20 -0.4664818E+19  0.4045350E+18
  0.5496122E+20  0.1643817E+20 -0.2206958E+20 -0.1616194E+20  0.1354300E+20 -0.1862731E+19
 -0.8078981E+20  0.3678502E+20  0.9667695E+19 -0.1412802E+19 -0.6137191E+19  0.1106939E+19
  0.9577263E+19  0.1363916E+20 -0.9063433E+19  0.4855943E+19 -0.6453700E+19  0.2144293E+19
 -0.2815605E+20 -0.1885650E+20  0.1870872E+20  0.8489678E+18  0.3270998E+19 -0.2548518E+19
  0.2069388E+20 -0.1752570E+19 -0.7917109E+19  0.3710641E+17  0.3352510E+18  0.7572361E+18
  0.9975697E+20 -0.8023412E+20  0.1353820E+20  0.1613299E+20 -0.5444358E+19  0.4593233E+18
  0.6925276E+20  0.2293974E+20 -0.2833798E+20 -0.2042493E+20  0.1673221E+20 -0.2241768E+19
 -0.1011485E+21  0.4361696E+20  0.1304259E+20 -0.1182428E+19 -0.7805687E+19  0.1350747E+19
  0.1201907E+20  0.1762944E+20 -0.1146745E+20  0.6464669E+19 -0.8410166E+19  0.2735287E+19
 -0.3510940E+20 -0.2472845E+20  0.2365858E+20  0.7484976E+18  0.4580557E+19 -0.3296221E+19
  0.2563988E+20 -0.1490649E+19 -0.1009190E+20  0.2166579E+17  0.2933608E+18  0.9930469E+18
  0.1255727E+21 -0.9836553E+20  0.1614910E+20  0.1926329E+20 -0.6325079E+19  0.5192079E+18
  0.8653190E+20  0.3207931E+20 -0.3631955E+20 -0.2583872E+20  0.2064655E+20 -0.2693197E+19
 -0.1257574E+21  0.5106235E+20  0.1748387E+20 -0.7078390E+18 -0.9898849E+19  0.1644216E+19
  0.1490724E+20  0.2273026E+20 -0.1443099E+20  0.8664660E+19 -0.1100204E+20  0.3492487E+19
 -0.4332958E+20 -0.3241136E+20  0.2978287E+20  0.4747281E+18  0.6415428E+19 -0.4264377E+19
  0.3148559E+20 -0.9049512E+18 -0.1280395E+20  0.6502471E+16  0.1840040E+18  0.1301716E+19
  0.1574985E+21 -0.1202106E+21  0.1918546E+20  0.2293767E+20 -0.7321644E+19  0.5842625E+18
  0.1069472E+21  0.4500526E+20 -0.4647458E+20 -0.3275063E+20  0.2544864E+20 -0.3227354E+19
 -0.1552409E+21  0.5898531E+20  0.2329621E+20  0.9863040E+17 -0.1251450E+20  0.1994786E+19
  0.1815527E+20  0.2913710E+20 -0.1799053E+20  0.1169042E+20 -0.1443636E+20  0.4456820E+19
 -0.5270712E+20 -0.4238216E+20  0.3723414E+20 -0.7041274E+17  0.8966402E+19 -0.5509406E+19
  0.3825392E+20  0.1273721E+18 -0.1614099E+20  0.1060260E+15 -0.2687190E+17  0.1702646E+19
  0.1971634E+21 -0.1467150E+21  0.2270590E+20  0.2729374E+20 -0.8448061E+19  0.6537189E+18
  0.1304759E+21  0.6328929E+20 -0.5938839E+20 -0.4160975E+20  0.3133124E+20 -0.3852277E+19
 -0.1903515E+21  0.6723177E+20  0.3087575E+20  0.1336195E+19 -0.1577266E+20  0.2409003E+19
  0.2158610E+20  0.3700418E+20 -0.2213651E+20  0.1585869E+20 -0.1897385E+20  0.5675235E+19
 -0.6298402E+20 -0.5517377E+20  0.4613795E+20 -0.1018525E+19  0.1247451E+20 -0.7097963E+19
  0.4594375E+20  0.1733610E+19 -0.2019552E+20  0.1635371E+17 -0.3810219E+18  0.2219339E+19
  0.2467598E+21 -0.1791296E+21  0.2675356E+20  0.3250877E+20 -0.9710569E+19  0.7251516E+18
  0.1569047E+21  0.8901389E+20 -0.7579886E+20 -0.5297982E+20  0.3851221E+20 -0.4570130E+19
 -0.2320543E+21  0.7564416E+20  0.4074492E+20  0.3115357E+19 -0.1982015E+20  0.2890708E+19
  0.2494235E+20  0.4640651E+20 -0.2680297E+20  0.2158542E+20 -0.2493414E+20  0.7200594E+19
 -0.7377703E+20 -0.7136178E+20  0.5659374E+20 -0.2538562E+19  0.1723759E+20 -0.9109068E+19
  0.5455630E+20  0.4035804E+19 -0.2507334E+20  0.7463717E+17 -0.9274006E+18  0.2880843E+19
  0.3091330E+21 -0.2190023E+21  0.3132523E+20  0.3878753E+20 -0.1109603E+20  0.7935662E+18
  0.1858472E+21  0.1248343E+21 -0.9661491E+20 -0.6753747E+20  0.4721866E+20 -0.5372200E+19
 -0.2816200E+21  0.8406373E+20  0.5359381E+20  0.5558343E+19 -0.2483330E+20  0.3438337E+19
  0.2793231E+20  0.5731286E+20 -0.3187234E+20  0.2939933E+20 -0.3269861E+20  0.9092036E+19
 -0.8465336E+20 -0.9156479E+20  0.6869620E+20 -0.4839138E+19  0.2361900E+20 -0.1163824E+20
  0.6413891E+20  0.7147597E+19 -0.3091133E+20  0.1991309E+18 -0.1722369E+19  0.3724377E+19
  0.3877525E+21 -0.2680676E+21  0.3632706E+20  0.4633126E+20 -0.1255712E+20  0.8508361E+18
  0.2168292E+21  0.1739664E+21 -0.1229125E+21 -0.8604289E+20  0.5765796E+20 -0.6233384E+19
 -0.3407036E+21  0.9231461E+20  0.7032057E+20  0.8799294E+19 -0.3101677E+20  0.4041631E+19
  0.3031244E+20  0.6959666E+20 -0.3720586E+20  0.3994808E+20 -0.4271190E+20  0.1141673E+20
 -0.9525984E+20 -0.1164746E+21  0.8258527E+20 -0.8170690E+19  0.3206174E+20 -0.1480487E+20
  0.7484087E+20  0.1118356E+20 -0.3790558E+20  0.4177934E+18 -0.2832139E+19  0.4799628E+19
  0.4865306E+21 -0.3280283E+21  0.4153135E+20  0.5529074E+20 -0.1400062E+20  0.8863022E+18
  0.2495197E+21  0.2400592E+21 -0.1559142E+21 -0.1092824E+21  0.6998648E+20 -0.7109140E+19
 -0.4114279E+21  0.1001788E+21  0.9206959E+20  0.1298462E+20 -0.3860123E+20  0.4679123E+19
  0.3199187E+20  0.8312733E+20 -0.4271161E+20  0.5399930E+20 -0.5549070E+20  0.1425582E+20
 -0.1055015E+21 -0.1469439E+21  0.9853839E+20 -0.1283208E+20  0.4311634E+20 -0.1876591E+20
  0.8697960E+20  0.1628590E+20 -0.4635347E+20  0.7623355E+18 -0.4339569E+19  0.6175712E+19
  0.6094535E+21 -0.4002579E+21  0.4655875E+20  0.6571723E+20 -0.1528870E+20  0.8892052E+18
  0.2841055E+21  0.3269582E+21 -0.1969702E+21 -0.1379997E+21  0.8429589E+20 -0.7938212E+19
 -0.4964375E+21  0.1073605E+21  0.1202627E+21  0.1827629E+20 -0.4784392E+20  0.5318001E+19
  0.3310995E+20  0.9795304E+20 -0.4843965E+20  0.7244649E+20 -0.7165234E+20  0.1771672E+20
 -0.1157107E+21 -0.1841329E+21  0.1170929E+21 -0.1918921E+20  0.5749107E+20 -0.2373773E+20
  0.1010947E+21  0.2266797E+20 -0.5670375E+20  0.1270681E+19 -0.6357199E+19  0.7951241E+19
  0.7601478E+21 -0.4855659E+21  0.5091721E+20  0.7754224E+20 -0.1626240E+20  0.8526507E+18
  0.3217198E+21  0.4384895E+21 -0.2475861E+21 -0.1728673E+21  0.1006448E+21 -0.8652937E+19
 -0.5989185E+21  0.1134402E+21  0.1566307E+21  0.2486376E+20 -0.5903995E+20  0.5917622E+19
  0.3404063E+20  0.1145361E+21 -0.5467348E+20  0.9634454E+20 -0.9197960E+20  0.2195310E+20
 -0.1267411E+21 -0.2296960E+21  0.1391714E+21 -0.2771477E+20  0.7613312E+20 -0.3002684E+20
  0.1179716E+21  0.3066807E+20 -0.6960659E+20  0.1993129E+19 -0.9047515E+19  0.1026747E+20
  0.9417278E+21 -0.5842880E+21  0.5410874E+20  0.9062927E+20 -0.1678568E+20  0.7772298E+18
  0.3646648E+21  0.5785869E+21 -0.3095668E+21 -0.2145843E+21  0.1191560E+21 -0.9194337E+19
 -0.7226125E+21  0.1178202E+21  0.2032751E+21  0.3299189E+20 -0.7255557E+20  0.6436166E+19
  0.3530225E+20  0.1339260E+21 -0.6196506E+20  0.1270186E+21 -0.1175383E+21  0.2719139E+20
 -0.1399085E+21 -0.2859759E+21  0.1661651E+21 -0.3905770E+20  0.1003497E+21 -0.3806872E+20
  0.1386199E+21  0.4080241E+20 -0.8595384E+20  0.3002521E+19 -0.1265015E+20  0.1332432E+20
  0.1157225E+22 -0.6968358E+21  0.5574685E+20  0.1049019E+21 -0.1678430E+20  0.6713716E+18
  0.4160166E+21  0.7520139E+21 -0.3852472E+21 -0.2641285E+21  0.1401377E+21 -0.9520588E+19
 -0.8717748E+21  0.1196611E+21  0.2627711E+21  0.4299834E+20 -0.8887724E+20  0.6834988E+19
  0.3738899E+20  0.1576869E+21 -0.7104838E+20  0.1662599E+21 -0.1498221E+21  0.3375240E+20
 -0.1566994E+21 -0.3561078E+21  0.1998907E+21 -0.5413196E+20  0.1319498E+21 -0.4846281E+20
  0.1641841E+21  0.5379297E+20 -0.1068862E+21  0.4406158E+19 -0.1751001E+20  0.1739613E+20
  0.1410571E+22 -0.8244948E+21  0.5557181E+20  0.1204817E+21 -0.1624118E+20  0.5473362E+18
  0.4784627E+21  0.9655325E+21 -0.4776557E+21 -0.3230495E+21  0.1641260E+21 -0.9594680E+19
 -0.1051021E+22  0.1178284E+21  0.3382876E+21  0.5533529E+20 -0.1086468E+21  0.7071527E+19
  0.4057339E+20  0.1874689E+21 -0.8260837E+20  0.2165496E+21 -0.1908456E+21  0.4204815E+20
 -0.1782521E+21 -0.4439176E+21  0.2423472E+21 -0.7418572E+20  0.1733481E+21 -0.6198114E+20
  0.1957799E+21  0.7053842E+20 -0.1337427E+21  0.6353651E+19 -0.2409339E+20  0.2284085E+20
  0.1707774E+22 -0.9700145E+21  0.5328413E+20  0.1377419E+21 -0.1513268E+20  0.4156286E+18
  0.5527554E+21  0.1228976E+22 -0.5904365E+21 -0.3936118E+21  0.1917544E+21 -0.9345610E+19
 -0.1265113E+22  0.1109007E+21  0.4336857E+21  0.7054300E+20 -0.1326467E+21  0.7073595E+19
  0.4472761E+20  0.2242967E+21 -0.9694887E+20  0.2811966E+21 -0.2430860E+21  0.5253514E+20
 -0.2047397E+21 -0.5535552E+21  0.2952704E+21 -0.1007920E+21  0.2275551E+21 -0.7952660E+20
  0.2342980E+21  0.9200368E+20 -0.1679468E+21  0.9031955E+19 -0.3297451E+20  0.3009643E+20
  0.2057489E+22 -0.1137448E+22  0.4822967E+20  0.1572048E+21 -0.1333148E+20  0.2826384E+18
  0.6365865E+21  0.1555393E+22 -0.7273845E+21 -0.4785757E+21  0.2234160E+21 -0.8612772E+19
 -0.1518730E+22  0.9729786E+20  0.5535060E+21  0.8914560E+20 -0.1616985E+21  0.6696006E+19
  0.4923993E+20  0.2678406E+21 -0.1136805E+21  0.3642297E+21 -0.3091826E+21  0.6561374E+20
 -0.2349474E+21 -0.6888894E+21  0.3595932E+21 -0.1356921E+21  0.2979666E+21 -0.1020229E+21
  0.2802617E+21  0.1190279E+21 -0.2108542E+21  0.1263787E+20 -0.4477517E+20  0.3965890E+20
  0.2470386E+22 -0.1331115E+22  0.3912291E+20  0.1793107E+21 -0.1054027E+20  0.1548950E+18
  0.7248776E+21  0.1959747E+22 -0.8917087E+21 -0.5805986E+21  0.2588499E+21 -0.7106338E+19
 -0.1816456E+22  0.7557008E+20  0.7028140E+21  0.1114861E+21 -0.1964999E+21  0.5679041E+19
  0.5317464E+20  0.3161733E+21 -0.1316678E+21  0.4699869E+21 -0.3914444E+21  0.8150689E+20
 -0.2664985E+21 -0.8530035E+21  0.4351660E+21 -0.1804931E+21  0.3879882E+21 -0.1302727E+21
  0.3339066E+21  0.1521354E+21 -0.2636749E+21  0.1732908E+20 -0.6006812E+20  0.5205382E+20
  0.2957929E+22 -0.1554534E+22  0.2403488E+20  0.2042457E+21 -0.6315744E+19  0.4882431E+17
  0.8117732E+21  0.2457049E+22 -0.1085609E+22 -0.7017020E+21  0.2969859E+21 -0.4424001E+19
 -0.2163507E+22  0.4482189E+20  0.8871457E+21  0.1376127E+21 -0.2375564E+21  0.3639996E+19
  0.5569570E+20  0.3664267E+21 -0.1494197E+21  0.6026878E+21 -0.4915224E+21  0.1002154E+21
 -0.2968761E+21 -0.1048447E+22  0.5211680E+21 -0.2363895E+21  0.5008105E+21 -0.1649112E+21
  0.3956115E+21  0.1915210E+21 -0.3276554E+21  0.2317949E+20 -0.7931126E+20  0.6784312E+20
  0.3531639E+22 -0.1810330E+22  0.6741479E+18  0.2319954E+21 -0.1727853E+18  0.3217171E+14
  0.8933881E+21  0.3061561E+22 -0.1310808E+22 -0.8433707E+21  0.3362983E+21 -0.1251170E+18
 -0.2567275E+22  0.5015746E+19  0.1112924E+22  0.1673603E+21 -0.2853694E+21  0.1062454E+18
  0.5649943E+20  0.4161988E+21 -0.1658063E+21  0.7664744E+21 -0.6107001E+21  0.1216461E+21
 -0.3247179E+21 -0.1278597E+22  0.6172651E+21 -0.3042016E+21  0.6397757E+21 -0.2065961E+21
  0.4665611E+21  0.2373378E+21 -0.4046012E+21  0.3018320E+20 -0.1029095E+21  0.8771741E+20
  0.4203604E+22 -0.2101271E+22 -0.3327888E+20  0.2625925E+21  0.8317616E+19  0.6586512E+17
  0.9698035E+21  0.3788282E+22 -0.1570125E+22 -0.1007413E+22  0.3755178E+21  0.6199948E+19
 -0.3039209E+22 -0.4322730E+20  0.1388540E+22  0.2006587E+21 -0.3408624E+21 -0.5448739E+19
  0.5593527E+20  0.4649534E+21 -0.1806771E+21  0.9662135E+21 -0.7509255E+21  0.1459018E+21
 -0.3505844E+21 -0.1549700E+22  0.7249988E+21 -0.3849048E+21  0.8095114E+21 -0.2564476E+21
  0.5493376E+21  0.2902261E+21 -0.4976087E+21  0.3833306E+20 -0.1314483E+21  0.1126877E+21
  0.4988032E+22 -0.2431694E+22 -0.8011664E+20  0.2963661E+21  0.1952866E+20  0.3217039E+18
  0.1044793E+22  0.4656115E+22 -0.1869118E+22 -0.1197018E+22  0.4141197E+21  0.1494330E+20
 -0.3595866E+22 -0.9933251E+20  0.1725647E+22  0.2378625E+21 -0.4057553E+21 -0.1362656E+20
  0.5471054E+20  0.5143064E+21 -0.1948739E+21  0.1208684E+22 -0.9159562E+21  0.1735308E+21
 -0.3765948E+21 -0.1872289E+22  0.8484007E+21 -0.4803615E+21  0.1017258E+22 -0.3164800E+21
  0.6480637E+21  0.3517390E+21 -0.6115992E+21  0.4772693E+20 -0.1659739E+21  0.1442966E+21
  0.5902645E+22 -0.2808067E+22 -0.1424137E+21  0.3339707E+21  0.3387527E+20  0.8590078E+18
  0.1123448E+22  0.5690292E+22 -0.2216329E+22 -0.1417087E+22  0.4520948E+21  0.2657331E+20
 -0.4258344E+22 -0.1633999E+21  0.2139765E+22  0.2798036E+21 -0.4825657E+21 -0.2519345E+20
  0.5345636E+20  0.5669464E+21 -0.2096268E+21  0.1503227E+22 -0.1111628E+22  0.2055105E+21
 -0.4052445E+21 -0.2260910E+22  0.9933158E+21 -0.5936238E+21  0.1273396E+22 -0.3896783E+21
  0.7680241E+21  0.4243131E+21 -0.7533149E+21  0.5860546E+20 -0.2080933E+21  0.1847219E+21
  0.6968452E+22 -0.3237893E+22 -0.2233743E+21  0.3761220E+21  0.5189546E+20  0.1790070E+19
  0.1209469E+22  0.6921402E+22 -0.2621370E+22 -0.1673297E+22  0.4890699E+21  0.4170341E+20
 -0.5050079E+22 -0.2360794E+21  0.2649384E+22  0.3274250E+21 -0.5741258E+21 -0.4116583E+20
  0.5247989E+20  0.6250360E+21 -0.2258047E+21  0.1861046E+22 -0.1344668E+22  0.2428920E+21
 -0.4382546E+21 -0.2732113E+22  0.1165731E+22 -0.7283265E+21  0.1590455E+22 -0.4795220E+21
  0.9149558E+21  0.5106785E+21 -0.9306834E+21  0.7125824E+20 -0.2597284E+21  0.2366703E+21
  0.8208813E+22 -0.3728433E+22 -0.3268705E+21  0.4233624E+21  0.7423208E+20  0.3253951E+19
  0.1302899E+22  0.8382440E+22 -0.3091920E+22 -0.1970843E+22  0.5234991E+21  0.6104283E+20
 -0.5994229E+22 -0.3174681E+21  0.3274000E+22  0.3812440E+21 -0.6829970E+21 -0.6280836E+20
  0.5169885E+20  0.6887099E+21 -0.2433154E+21  0.2293674E+22 -0.1620671E+22  0.2862848E+21
 -0.4757005E+21 -0.3301764E+22  0.1369771E+22 -0.8873863E+21  0.1981052E+22 -0.5891299E+21
  0.1094275E+22  0.6129288E+21 -0.1151795E+22  0.8582893E+20 -0.3225736E+21  0.3030846E+21
  0.9650117E+22 -0.4287319E+22 -0.4573630E+21  0.4761887E+21  0.1015978E+21  0.5419130E+19
  0.1399034E+22  0.1010838E+23 -0.3632505E+22 -0.2314494E+22  0.5526477E+21  0.8529484E+20
 -0.7113470E+22 -0.4058513E+21  0.4033358E+22  0.4411720E+21 -0.8114537E+21 -0.9158497E+20
  0.5070655E+20  0.7552635E+21 -0.2609096E+21  0.2812374E+22 -0.1943097E+22  0.3356263E+21
 -0.5156408E+21 -0.3984144E+22  0.1606760E+22 -0.1072148E+22  0.2456771E+22 -0.7207546E+21
  0.1310903E+22  0.7319874E+21 -0.1424442E+22  0.1021826E+21 -0.3976929E+21  0.3869536E+21
  0.1132431E+23 -0.4924311E+22 -0.6201166E+21  0.5353269E+21  0.1348270E+21  0.8489358E+19
  0.1490557E+22  0.1213977E+23 -0.4246900E+22 -0.2709917E+22  0.5732376E+21  0.1151622E+21
 -0.8434198E+22 -0.4977157E+21  0.4949871E+22  0.5069188E+21 -0.9621663E+21 -0.1292041E+21
  0.4904848E+20  0.8202746E+21 -0.2768122E+21  0.3429517E+22 -0.2314669E+22  0.3905575E+21
 -0.5550737E+21 -0.4794898E+22  0.1876884E+22 -0.1283055E+22  0.3029884E+22 -0.8763576E+21
  0.1570420E+22  0.8682339E+21 -0.1757303E+22  0.1200045E+21 -0.4857778E+21  0.4916066E+21
  0.1326902E+23 -0.5650858E+22 -0.8213267E+21  0.6016304E+21  0.1748885E+21  0.1270963E+20
  0.1573116E+22  0.1452460E+23 -0.4941705E+22 -0.3164111E+22  0.5820019E+21  0.1514342E+21
 -0.9991438E+22 -0.5892949E+21  0.6051955E+22  0.5785025E+21 -0.1138741E+22 -0.1777319E+21
  0.4662538E+20  0.8808419E+21 -0.2900472E+21  0.4160193E+22 -0.2739770E+22  0.4510813E+21
 -0.5922700E+21 -0.5755598E+22  0.2182612E+22 -0.1521238E+22  0.3716472E+22 -0.1058830E+22
  0.1880862E+22  0.1022866E+22 -0.2162108E+22  0.1390659E+21 -0.5879079E+21  0.6213522E+21
  0.1552679E+23 -0.6478809E+22 -0.1067774E+22  0.6758474E+21  0.2227731E+21  0.1835764E+20
  0.1650059E+22  0.1731886E+23 -0.5728730E+22 -0.3685112E+22  0.5760222E+21  0.1950308E+21
 -0.1183140E+23 -0.6784077E+21  0.7376074E+22  0.6565337E+21 -0.1345814E+22 -0.2396369E+21
  0.4383865E+20  0.9385447E+21 -0.3013862E+21  0.5023342E+22 -0.3226200E+22  0.5179999E+21
 -0.6286719E+21 -0.6896850E+22  0.2531345E+22 -0.1789901E+22  0.4538848E+22 -0.1272947E+22
  0.2253881E+22  0.1198942E+22 -0.2655283E+22  0.1594430E+21 -0.7062330E+21  0.7820430E+21
  0.1814471E+23 -0.7420160E+22 -0.1366442E+22  0.7586067E+21  0.2793988E+21  0.2572600E+20
  0.1729150E+22  0.2058640E+23 -0.6623121E+22 -0.4281632E+22  0.5524547E+21  0.2469354E+21
 -0.1400798E+23 -0.7644284E+21  0.8964994E+22  0.7419597E+21 -0.1588604E+22 -0.3177071E+21
  0.4119606E+20  0.9977664E+21 -0.3124820E+21  0.6041462E+22 -0.3784149E+22  0.5925629E+21
 -0.6674649E+21 -0.8255885E+22  0.2933481E+22 -0.2093838E+22  0.5524438E+22 -0.1524783E+22
  0.2703593E+22  0.1400692E+22 -0.3256952E+22  0.1814195E+21 -0.8436897E+21  0.9808928E+21
  0.2117678E+23 -0.8488517E+22 -0.1724772E+22  0.8506360E+21  0.3456796E+21  0.3511913E+20
  0.1813128E+22  0.2440008E+23 -0.7638361E+22 -0.4963105E+22  0.5076372E+21  0.3080517E+21
 -0.1657695E+23 -0.8459697E+21  0.1086398E+23  0.8354182E+21 -0.1872318E+22 -0.4149251E+21
  0.3880940E+20  0.1060108E+22 -0.3238323E+21  0.7239411E+22 -0.4422861E+22  0.6755281E+21
 -0.7096482E+21 -0.9870731E+22  0.3396894E+22 -0.2437158E+22  0.6701781E+22 -0.1819783E+22
  0.3244064E+22  0.1631461E+22 -0.3987884E+22  0.2051182E+21 -0.1002767E+22  0.1225563E+22
  0.2468586E+23 -0.9699601E+22 -0.2151009E+22  0.9527951E+21  0.4225886E+21  0.4685717E+20
  0.1897514E+22  0.2884285E+23 -0.8784724E+22 -0.5739724E+22  0.4367554E+21  0.3791278E+21
 -0.1959595E+23 -0.9197150E+21  0.1312006E+23  0.9370289E+21 -0.2202051E+22 -0.5344143E+21
  0.3646377E+20  0.1122851E+22 -0.3344479E+21  0.8644155E+22 -0.5149427E+22  0.7668939E+21
 -0.7531354E+21 -0.1177918E+23  0.3925335E+22 -0.2822374E+22  0.8099235E+22 -0.2162010E+22
  0.3888880E+22  0.1893065E+22 -0.4868580E+22  0.2303809E+21 -0.1184986E+22  0.1523772E+22
  0.2874492E+23 -0.1107069E+23 -0.2654182E+22  0.1065929E+22  0.5111099E+21  0.6126894E+20
  0.1980234E+22  0.3401138E+23 -0.1007546E+23 -0.6622927E+22  0.3347662E+21  0.4609415E+21
 -0.2313329E+23 -0.9831615E+21  0.1578798E+23  0.1047162E+22 -0.2583534E+22 -0.6795889E+21
  0.3410450E+20  0.1184654E+22 -0.3438994E+21  0.1028754E+23 -0.5972848E+22  0.8669444E+21
 -0.7968246E+21 -0.1402656E+23  0.4524497E+22 -0.3253161E+22  0.9750443E+22 -0.2556358E+22
  0.4654294E+22  0.2188147E+22 -0.5923154E+22  0.2571813E+21 -0.1392342E+22  0.1884483E+22
  0.3343608E+23 -0.1261940E+23 -0.3243721E+22  0.1190700E+22  0.6121205E+21  0.7867044E+20
  0.2067436E+22  0.4001750E+23 -0.1153068E+23 -0.7625299E+22  0.1969980E+21  0.5544463E+21
 -0.2727154E+23 -0.1037324E+22  0.1893339E+23  0.1166926E+22 -0.3023326E+22 -0.8542225E+21
  0.3195869E+20  0.1249253E+22 -0.3533850E+21  0.1220820E+23 -0.6906841E+22  0.9768937E+21
 -0.8431338E+21 -0.1667006E+23  0.5205952E+22 -0.3736525E+22  0.1169819E+23 -0.3010155E+22
  0.5560887E+22  0.2521820E+22 -0.7181865E+22  0.2859066E+21 -0.1628461E+22  0.2318838E+22
  0.3885349E+23 -0.1436475E+23 -0.3929429E+22  0.1327719E+22  0.7263862E+21  0.9935025E+20
  0.2166594E+22  0.4699103E+23 -0.1317344E+23 -0.8760702E+22  0.1850104E+20  0.6606047E+21
 -0.3210333E+23 -0.1085212E+22  0.2263005E+23  0.1297660E+22 -0.3528279E+22 -0.1062250E+22
  0.3020405E+20  0.1321352E+22 -0.3642418E+21  0.1445146E+23 -0.7967334E+22  0.1098132E+22
 -0.8950920E+21 -0.1977474E+23  0.5982821E+22 -0.4281180E+22  0.1399159E+23 -0.3531583E+22
  0.6631475E+22  0.2900098E+22 -0.8678553E+22  0.3170701E+21 -0.1897667E+22  0.2839386E+22
  0.4510479E+23 -0.1632719E+23 -0.4721393E+22  0.1477543E+22  0.8545330E+21  0.1235542E+21
  0.2280196E+22  0.5507989E+23 -0.1502457E+23 -0.1004370E+23 -0.2066494E+21  0.7801106E+21
 -0.3772665E+23 -0.1129468E+22  0.2695555E+23  0.1440274E+22 -0.4104867E+22 -0.1307457E+22
  0.2881784E+20  0.1402666E+22 -0.3767542E+21  0.1706818E+23 -0.9168979E+22  0.1231388E+22
 -0.9536030E+21 -0.2340876E+23  0.6864969E+22 -0.4895180E+22  0.1668195E+23 -0.4127585E+22
  0.7888851E+22  0.3327989E+22 -0.1044733E+23  0.3509863E+21 -0.2203655E+22  0.3458894E+22
  0.5231291E+23 -0.1852828E+23 -0.5630098E+22  0.1640595E+22  0.9970391E+21  0.1514827E+21
  0.2410493E+22  0.6445322E+23 -0.1710586E+23 -0.1148967E+23 -0.4849905E+21  0.9135162E+21
 -0.4425060E+23 -0.1173679E+22  0.3199530E+23  0.1595599E+22 -0.4759541E+22 -0.1593587E+22
  0.2776789E+20  0.1494784E+22 -0.3911165E+21  0.2011658E+23 -0.1052717E+23  0.1377239E+22
 -0.1019497E+22 -0.2764807E+23  0.7862202E+22 -0.5587276E+22  0.1982610E+23 -0.4805061E+22
  0.9357707E+22  0.3810727E+22 -0.1252503E+23  0.3879593E+21 -0.2550276E+22  0.4191103E+22
  0.6062027E+23 -0.2099076E+23 -0.6666745E+22  0.1817098E+22  0.1154235E+22  0.1832947E+21
  0.2566362E+22  0.7530921E+23 -0.1944589E+23 -0.1311545E+23 -0.8232216E+21  0.1061526E+22
 -0.5180469E+23 -0.1225429E+22  0.3785007E+23  0.1765013E+22 -0.5499336E+22 -0.1924651E+22
  0.2716177E+20  0.1603515E+22 -0.4086341E+21  0.2366617E+23 -0.1206201E+23  0.1536920E+22
 -0.1096577E+22 -0.3258441E+23  0.8989600E+22 -0.6369753E+22  0.2349286E+23 -0.5573176E+22
  0.1106778E+23  0.4356010E+22 -0.1495572E+23  0.4286051E+21 -0.2943105E+22  0.5052359E+22
  0.7018790E+23 -0.2373758E+23 -0.7842796E+22  0.2007015E+22  0.1326219E+22  0.2190885E+21
  0.2761807E+22  0.8787550E+23 -0.2207851E+23 -0.1493874E+23 -0.1228309E+22  0.1224905E+22
 -0.6053636E+23 -0.1296477E+22  0.4463469E+23  0.1950265E+22 -0.6331453E+22 -0.2304779E+22
  0.2716841E+20  0.1738084E+22 -0.4313451E+21  0.2779824E+23 -0.1379753E+23  0.1712085E+22
 -0.1191015E+22 -0.3832418E+23  0.1026632E+23 -0.7258167E+22  0.2776268E+23 -0.6442911E+22
  0.1305300E+23  0.4973630E+22 -0.1778994E+23  0.4737799E+21 -0.3389282E+22  0.6061482E+22
  0.8120165E+23 -0.2679309E+23 -0.9170085E+22  0.2210145E+22  0.1512869E+22  0.2588939E+21
  0.3012248E+22  0.1024174E+24 -0.2504085E+23 -0.1697868E+23 -0.1707904E+22  0.1404325E+22
 -0.7061168E+23 -0.1401825E+22  0.5247846E+23  0.2153178E+22 -0.7263108E+22 -0.2738060E+22
  0.2793551E+20  0.1908851E+22 -0.4613015E+21  0.3260824E+23 -0.1576051E+23  0.1904379E+22
 -0.1309702E+22 -0.4498844E+23  0.1171303E+23 -0.8270530E+22  0.3272751E+23 -0.7426065E+22
  0.1535070E+23  0.5674581E+22 -0.2108367E+23  0.5244201E+21 -0.3896922E+22  0.7239427E+22
  0.9387399E+23 -0.3018231E+23 -0.1066058E+23  0.2426050E+22  0.1713792E+22  0.3026612E+21
  0.3334254E+22  0.1192416E+24 -0.2837244E+23 -0.1925542E+23 -0.2270428E+22  0.1600275E+22
 -0.8221619E+23 -0.1559688E+22  0.6152577E+23  0.2375504E+22 -0.8301339E+22 -0.3228441E+22
  0.2960684E+20  0.2127155E+22 -0.5005095E+21  0.3820730E+23 -0.1797999E+23  0.2115303E+22
 -0.1460094E+22 -0.5271392E+23  0.1335133E+23 -0.9427122E+22  0.3849151E+23 -0.8534947E+22
  0.1800153E+23  0.6470840E+22 -0.2489827E+23  0.5815030E+21 -0.4474974E+22  0.8609324E+22
  0.1084483E+24 -0.3393072E+23 -0.1232647E+23  0.2654014E+22  0.1928319E+22  0.3502633E+21
  0.3747596E+22  0.1387035E+24 -0.3211672E+23 -0.2179011E+23 -0.2925055E+22  0.1813124E+22
 -0.9555994E+23 -0.1792493E+22  0.7194032E+23  0.2619014E+22 -0.9453124E+22 -0.3779808E+22
  0.3237596E+20  0.2406684E+22 -0.5512409E+21  0.4472554E+23 -0.2048839E+23  0.2346390E+22
 -0.1651109E+22 -0.6165730E+23  0.1520526E+23 -0.1075137E+23  0.4517460E+23 -0.9783012E+22
  0.2105081E+23  0.7375994E+22 -0.2930265E+23  0.6461188E+21 -0.5133678E+22  0.1019729E+23
  0.1252031E+24 -0.3806352E+23 -0.1417998E+23  0.2892963E+22  0.2155457E+22  0.4014911E+21
  0.4276298E+22  0.1612147E+24 -0.3632139E+23 -0.2460458E+23 -0.3681757E+22  0.2043090E+22
 -0.1108811E+24 -0.2127633E+22  0.8390825E+23  0.2885452E+22 -0.1072527E+23 -0.4395982E+22
  0.3651411E+20  0.2764234E+22 -0.6161408E+21  0.5231534E+23 -0.2332191E+23  0.2599198E+22
 -0.1893566E+22 -0.7199866E+23  0.1730177E+23 -0.1227035E+23  0.5291524E+23 -0.1118504E+23
  0.2454936E+23  0.8405480E+22 -0.3437463E+23  0.7194902E+21 -0.5884782E+22  0.1203306E+23
  0.1444605E+24 -0.4260673E+23 -0.1623380E+23  0.3141574E+22  0.2393974E+22  0.4560699E+21
  0.4948593E+22  0.1872566E+24 -0.4103933E+23 -0.2772206E+23 -0.4551514E+22  0.2290282E+22
 -0.1284533E+24 -0.2597604E+22  0.9764417E+23  0.3176533E+22 -0.1212478E+23 -0.5080866E+22
  0.4237936E+20  0.3219801E+22 -0.6981529E+21  0.6115663E+23 -0.2652132E+23  0.2875323E+22
 -0.2200129E+22 -0.8394706E+23  0.1967115E+23 -0.1401527E+23  0.6187504E+23 -0.1275749E+23
  0.2855497E+23  0.9576801E+22 -0.4020341E+23  0.8029699E+21 -0.6741735E+22  0.1415090E+23
  0.1665850E+24 -0.4758387E+23 -0.1849996E+23  0.3398002E+22  0.2642194E+22  0.5136245E+21
  0.5797602E+22  0.2173823E+24 -0.4632646E+23 -0.3116514E+23 -0.5546143E+22  0.2554498E+22
 -0.1485835E+24 -0.3240751E+22  0.1133902E+24  0.3493656E+22 -0.1365794E+23 -0.5838105E+22
  0.5044299E+20  0.3797149E+22 -0.8005401E+21  0.7145861E+23 -0.3013075E+23  0.3176182E+22
 -0.2585550E+22 -0.9774069E+23  0.2234617E+23 -0.1602122E+23  0.7223917E+23 -0.1451783E+23
  0.3313182E+23  0.1090915E+23 -0.4688907E+23  0.8980006E+21 -0.7719468E+22  0.1658968E+23
  0.1919973E+24 -0.5301819E+23 -0.2099059E+23  0.3660113E+22  0.2898173E+22  0.5737123E+21
  0.6861727E+22  0.2522374E+24 -0.5224393E+23 -0.3495726E+23 -0.6678498E+22  0.2835345E+22
 -0.1716237E+24 -0.4101533E+22  0.1314257E+24  0.3838023E+22 -0.1533111E+23 -0.6671387E+22
  0.6130722E+20  0.4524243E+22 -0.9268613E+21  0.8346803E+23 -0.3419944E+23  0.3503143E+22
 -0.3066801E+22 -0.1136559E+24  0.2536326E+23 -0.1832823E+23  0.8422392E+23 -0.1648534E+23
  0.3835302E+23  0.1242396E+23 -0.5454674E+23  0.1006145E+22 -0.8834854E+22  0.1939448E+23
  0.2211787E+24 -0.5893014E+23 -0.2371703E+23  0.3925290E+22  0.3159544E+22  0.6357951E+21
  0.8185617E+22  0.2925710E+24 -0.5885690E+23 -0.3912112E+23 -0.7962329E+22  0.3132087E+22
 -0.1979742E+24 -0.5231537E+22  0.1520703E+24  0.4210414E+22 -0.1715001E+23 -0.7584169E+22
  0.7573552E+20  0.5434069E+22 -0.1080998E+22  0.9747445E+23 -0.3878115E+23  0.3857363E+22
 -0.3663421E+22 -0.1320112E+24  0.2876219E+23 -0.2098139E+23  0.9808014E+23 -0.1868077E+23
  0.4430105E+23  0.1414477E+23 -0.6330769E+23  0.1129062E+22 -0.1010668E+23  0.2261720E+23
  0.2546795E+24 -0.6533744E+23 -0.2668972E+23  0.4190542E+22  0.3423593E+22  0.6992525E+21
  0.9819887E+22  0.3392518E+24 -0.6623435E+23 -0.4367871E+23 -0.9412205E+22  0.3443628E+22
 -0.2280898E+24 -0.6689343E+22  0.1756904E+24  0.4611098E+22 -0.1911982E+23 -0.8579690E+22
  0.9465837E+20  0.6564690E+22 -0.1267006E+22  0.1138176E+24 -0.4393432E+23  0.4239733E+22
 -0.4397323E+22 -0.1531733E+24  0.3258588E+23 -0.2403112E+23  0.1140991E+24 -0.2112632E+23
  0.5106904E+23  0.1609712E+23 -0.7332185E+23  0.1268465E+22 -0.1155564E+23  0.2631778E+23
  0.2931280E+24 -0.7225296E+23 -0.2991744E+23  0.4452398E+22  0.3687167E+22  0.7633639E+21
  0.1182197E+23  0.3932855E+24 -0.7444796E+23 -0.4864993E+23 -0.1104328E+23  0.3768394E+22
 -0.2624860E+24 -0.8541333E+22  0.2027046E+24  0.5039644E+22 -0.2124467E+23 -0.9660727E+22
  0.1191962E+21  0.7960062E+22 -0.1489093E+22  0.1328956E+24 -0.4972167E+23  0.4650729E+22
 -0.5293084E+22 -0.1775638E+24  0.3688015E+23 -0.2753329E+23  0.1326181E+24 -0.2384539E+23
  0.5876180E+23  0.1830840E+23 -0.8476012E+23  0.1426086E+22 -0.1320435E+23  0.3056526E+23
  0.3372499E+24 -0.7968658E+23 -0.3340792E+23  0.4707155E+22  0.3946870E+22  0.8273459E+21
  0.1425632E+23  0.4558486E+24 -0.8357392E+23 -0.5405372E+23 -0.1287142E+23  0.4104436E+22
 -0.3017560E+24 -0.1086173E+23  0.2335987E+24  0.5494974E+22 -0.2352829E+23 -0.1082985E+23
  0.1506618E+21  0.9670476E+22 -0.1751505E+22  0.1551789E+24 -0.5621164E+23  0.5090492E+22
 -0.6377956E+22 -0.2056730E+24  0.4169466E+23 -0.3155024E+23  0.1540329E+24 -0.2686327E+23
  0.6749942E+23  0.2080829E+23 -0.9782031E+23  0.1603662E+22 -0.1507771E+23  0.3544035E+23
  0.3878640E+24 -0.8763900E+23 -0.3716533E+23  0.4950572E+22  0.4198807E+22  0.8903000E+21
  0.1719444E+23  0.5282899E+24 -0.9368741E+23 -0.5990378E+23 -0.1491217E+23  0.4449119E+22
 -0.3465642E+24 -0.1373264E+23  0.2689223E+24  0.5974899E+22 -0.2597224E+23 -0.1208863E+23
  0.1905620E+21  0.1175289E+23 -0.2058373E+22  0.1812146E+24 -0.6347496E+23  0.5558425E+22
 -0.7681785E+22 -0.2380589E+24  0.4708052E+23 -0.3614926E+23  0.1787979E+24 -0.3020542E+23
  0.7741550E+23  0.2362745E+23 -0.1127257E+24  0.1802793E+22 -0.1720212E+23  0.4103535E+23
  0.4459132E+24 -0.9610555E+23 -0.4119162E+23  0.5178294E+22  0.4438917E+22  0.9512780E+21
  0.2071502E+23  0.6121821E+24 -0.1048660E+24 -0.6621091E+23 -0.1718100E+23  0.4799353E+22
 -0.3976731E+24 -0.1724384E+23  0.3093122E+24  0.6476334E+22 -0.2857713E+23 -0.1343812E+23
  0.2405805E+21  0.1427140E+23 -0.2413566E+22  0.2116472E+24 -0.7158717E+23  0.6053380E+22
 -0.9237006E+22 -0.2753686E+24  0.5309197E+23 -0.4140398E+23  0.2074453E+24 -0.3389877E+23
  0.8866293E+23  0.2679828E+23 -0.1297346E+24  0.2024938E+22 -0.1960608E+23  0.4745805E+23
  0.5124731E+24 -0.1050722E+24 -0.4548492E+23  0.5385733E+22  0.4662881E+22  0.1009262E+22
  0.2490392E+23  0.7093445E+24 -0.1171860E+24 -0.7298009E+23 -0.1969249E+23  0.5151417E+22
 -0.4559487E+24 -0.2149255E+23  0.3554987E+24  0.6995007E+22 -0.3134153E+23 -0.1487833E+23
  0.3025551E+21  0.1729753E+23 -0.2820506E+22  0.2472316E+24 -0.8062630E+23  0.6573392E+22
 -0.1107854E+23 -0.3183465E+24  0.5978488E+23 -0.4739339E+23  0.2405929E+24 -0.3797056E+23
  0.1014147E+24  0.3035402E+23 -0.1491429E+24  0.2271284E+22 -0.2231968E+23  0.5483332E+23
  0.5887723E+24 -0.1145156E+24 -0.5003922E+23  0.5568289E+22  0.4866287E+22  0.1063197E+22
  0.2985315E+23  0.8218821E+24 -0.1307210E+24 -0.8020992E+23 -0.2245970E+23  0.5501021E+22
 -0.5223768E+24 -0.2658209E+23  0.4083219E+24  0.7525450E+22 -0.3426197E+23 -0.1640815E+23
  0.3784191E+21  0.2090999E+23 -0.3281882E+22  0.2888514E+24 -0.9067210E+23  0.7115623E+22
 -0.1324332E+23 -0.3678492E+24  0.6721609E+23 -0.5420119E+23  0.2789589E+24 -0.4244820E+23
  0.1158672E+24  0.3432826E+23 -0.1712904E+24  0.2542630E+22 -0.2537432E+23  0.6330611E+23
  0.6762098E+24 -0.1244004E+24 -0.5484326E+23  0.5721401E+22  0.5044681E+22  0.1112001E+22
  0.3566013E+23  0.9522229E+24 -0.1455393E+24 -0.8789063E+23 -0.2549330E+23  0.5843263E+22
 -0.5980766E+24 -0.3262065E+23  0.4687450E+24  0.8060884E+22 -0.3733224E+23 -0.1802502E+23
  0.4701369E+21  0.2519437E+23 -0.3799400E+22  0.3375380E+24 -0.1018039E+24  0.7676192E+22
 -0.1576988E+23 -0.4248601E+24  0.7544215E+23 -0.6191456E+23  0.3233766E+24 -0.4735829E+23
  0.1322429E+24  0.3875409E+23 -0.1965664E+24  0.2839245E+22 -0.2880213E+23  0.7304428E+23
  0.7764004E+24 -0.1346832E+24 -0.5988180E+23  0.5840921E+22  0.5193888E+22  0.1154633E+22
  0.4242712E+23  0.1103197E+25 -0.1617058E+24 -0.9600576E+23 -0.2880158E+23  0.6172883E+22
 -0.6843391E+24 -0.3972025E+23  0.5378893E+24  0.8593499E+22 -0.4054440E+23 -0.1972530E+23
  0.5796172E+21  0.3024317E+23 -0.4373576E+22  0.3945057E+24 -0.1141019E+24  0.8250345E+22
 -0.1869817E+23 -0.4905221E+24  0.8452038E+23 -0.7062460E+23  0.3748230E+24 -0.5272755E+23
  0.1507985E+24  0.4366444E+23 -0.2254240E+24  0.3160813E+22 -0.3263630E+23  0.8424480E+23
  0.8911623E+24 -0.1453037E+24 -0.6513172E+23  0.5922926E+22  0.5309851E+22  0.1190059E+22
  0.5025736E+23  0.1278036E+25 -0.1792703E+24 -0.1045257E+24 -0.3238791E+23  0.6483986E+22
 -0.7826141E+24 -0.4799229E+23  0.6170273E+24  0.9114045E+22 -0.4388616E+23 -0.2150301E+23
  0.7085697E+21  0.3615314E+23 -0.5003215E+22  0.4611577E+24 -0.1276388E+24  0.8831933E+22
 -0.2206788E+23 -0.5661337E+24  0.9450300E+23 -0.8042068E+23  0.4344211E+24 -0.5857913E+23
  0.1718219E+24  0.4908878E+23 -0.2583773E+24  0.3506114E+22 -0.3690864E+23  0.9713374E+23
  0.1022589E+25 -0.1561919E+24 -0.7056499E+23  0.5964254E+22  0.5389107E+22  0.1217356E+22
  0.5925467E+23  0.1480489E+25 -0.1982738E+24 -0.1134118E+24 -0.3625140E+23  0.6770523E+22
 -0.8945725E+24 -0.5754642E+23  0.7076380E+24  0.9612465E+22 -0.4734292E+23 -0.2335075E+23
  0.8583889E+21  0.4302512E+23 -0.5685328E+22  0.5391382E+24 -0.1424832E+24  0.9413842E+22
 -0.2591833E+23 -0.6532004E+24  0.1054399E+24 -0.9139170E+23  0.5034845E+24 -0.6493452E+23
  0.1956455E+24  0.5505436E+23 -0.2960241E+24  0.3873053E+22 -0.4165037E+23  0.1119758E+24
  0.1173068E+25 -0.1672653E+24 -0.7614683E+23  0.5962504E+22  0.5428810E+22  0.1235722E+22
  0.6951939E+23  0.1714872E+25 -0.2187407E+24 -0.1226134E+24 -0.4038520E+23  0.7026276E+22
 -0.1022121E+25 -0.6848587E+23  0.8114229E+24  0.1007790E+23 -0.5089651E+23 -0.2525906E+23
  0.1029980E+22  0.5096100E+23 -0.6414744E+22  0.6303577E+24 -0.1586932E+24  0.9987800E+22
 -0.3028692E+23 -0.7534516E+24  0.1173745E+24 -0.1036213E+24  0.5835364E+24 -0.7181113E+23
  0.2226494E+24  0.6158377E+23 -0.3390530E+24  0.4258446E+22 -0.4689023E+23  0.1290784E+24
  0.1345325E+25 -0.1784293E+24 -0.8183605E+23  0.5916228E+22  0.5426920E+22  0.1244520E+22
  0.8114498E+23  0.1986153E+25 -0.2406761E+24 -0.1320677E+24 -0.4477577E+23  0.7245091E+22
 -0.1167441E+25 -0.8090337E+23  0.9303436E+24  0.1049903E+23 -0.5452529E+23 -0.2721640E+23
  0.1223590E+22  0.6006092E+23 -0.7183910E+22  0.7370348E+24 -0.1763140E+24  0.1054449E+23
 -0.3520785E+23 -0.8688776E+24  0.1303422E+24 -0.1171847E+24  0.6763455E+24 -0.7922141E+23
  0.2532695E+24  0.6869392E+23 -0.3882587E+24  0.4657938E+22 -0.5265342E+23  0.1487988E+24
  0.1542467E+25 -0.1895778E+24 -0.8758481E+23  0.5825043E+22  0.5382330E+22  0.1243316E+22
  0.9421309E+23  0.2300028E+25 -0.2640615E+24 -0.1416989E+24 -0.4940185E+23  0.7421064E+22
 -0.1333025E+25 -0.9487562E+23  0.1066656E+25  0.1086447E+23 -0.5820382E+23 -0.2920907E+23
  0.1438621E+22  0.7041906E+23 -0.7982679E+22  0.8617355E+24 -0.1953720E+24  0.1107365E+23
 -0.4071024E+23 -0.1001762E+25  0.1443669E+24 -0.1321435E+24  0.7839577E+24 -0.8717106E+23
  0.2880055E+24  0.7639400E+23 -0.4445569E+24  0.5065913E+22 -0.5895977E+23  0.1715512E+24
  0.1768085E+25 -0.2006006E+24 -0.9334172E+23  0.5689859E+22  0.5295110E+22  0.1231937E+22
  0.1087920E+24  0.2663105E+25 -0.2888588E+24 -0.1514233E+24 -0.5423543E+23  0.7548997E+22
 -0.1521765E+25 -0.1104613E+24  0.1222988E+25  0.1116346E+23 -0.6190473E+23 -0.3122202E+23
  0.1673521E+22  0.8212164E+23 -0.8798539E+22  0.1007451E+25 -0.2158773E+24  0.1156458E+23
 -0.4681788E+23 -0.1154758E+25  0.1594625E+24 -0.1485457E+24  0.9087656E+24 -0.9566028E+23
  0.3274404E+24  0.8468648E+23 -0.5090176E+24  0.5475652E+22 -0.6582405E+23  0.1978214E+24
  0.2026221E+25 -0.2113744E+24 -0.9904766E+23  0.5512617E+22  0.5166301E+22  0.1210435E+22
  0.1249255E+24  0.3082872E+25 -0.3149920E+24 -0.1611417E+24 -0.5923856E+23  0.7624241E+22
 -0.1736930E+25 -0.1276896E+24  0.1402330E+25  0.1138582E+23 -0.6559557E+23 -0.3323740E+23
  0.1925552E+22  0.9523722E+23 -0.9616199E+22  0.1177601E+25 -0.2378072E+24  0.1200582E+23
 -0.5354472E+23 -0.1330882E+25  0.1756223E+24 -0.1664120E+24  0.1053508E+25 -0.1046772E+24
  0.3722357E+24  0.9356090E+23 -0.5828613E+24  0.5879099E+22 -0.7325067E+23  0.2281668E+24
  0.2321543E+25 -0.2217763E+24 -0.1046418E+24  0.5296557E+22  0.4998200E+22  0.1179162E+22
  0.1426332E+24  0.3567980E+25 -0.3423596E+24 -0.1707495E+24 -0.6436634E+23  0.7643354E+22
 -0.1982313E+25 -0.1465607E+24  0.1608158E+25  0.1152306E+23 -0.6924253E+23 -0.3523640E+23
  0.2190810E+22  0.1098158E+24 -0.1041836E+23  0.1376148E+25 -0.2611138E+24  0.1238609E+23
 -0.6089565E+23 -0.1533629E+25  0.1928235E+24 -0.1857392E+24  0.1221374E+25 -0.1142015E+24
  0.4231631E+24  0.1029971E+24 -0.6675111E+24  0.6267325E+22 -0.8123548E+23  0.2632384E+24
  0.2659377E+25 -0.2316828E+24 -0.1100608E+24  0.5046005E+22  0.4794206E+22  0.1138743E+22
  0.1619025E+24  0.4128320E+25 -0.3708250E+24 -0.1801352E+24 -0.6956610E+23  0.7604146E+22
 -0.2262265E+25 -0.1670378E+24  0.1844470E+25  0.1156861E+23 -0.7280958E+23 -0.3719888E+23
  0.2464152E+22  0.1258805E+24 -0.1118591E+23  0.1607642E+25 -0.2857144E+24  0.1269449E+23
 -0.6886322E+23 -0.1767013E+25  0.2110214E+24 -0.2064914E+24  0.1416042E+25 -0.1242008E+24
  0.4811131E+24  0.1129616E+24 -0.7646110E+24  0.6630626E+22 -0.8976236E+23  0.3037903E+24
  0.3045822E+25 -0.2409730E+24 -0.1152409E+24  0.4766198E+22  0.4558694E+22  0.1090056E+22
  0.1826845E+24  0.4775214E+25 -0.4002168E+24 -0.1891835E+24 -0.7477851E+23  0.7505866E+22
 -0.2581798E+25 -0.1890435E+24  0.2115875E+25  0.1151825E+23 -0.7625919E+23 -0.3910385E+23
  0.2739294E+22  0.1434223E+24 -0.1189860E+23  0.1877304E+25 -0.3114897E+24  0.1292090E+23
 -0.7742644E+23 -0.2035655E+25  0.2301465E+24 -0.2285956E+24  0.1641755E+25 -0.1346299E+24
  0.5471166E+24  0.1234072E+24 -0.8760625E+24  0.6958907E+22 -0.9880198E+23  0.3506955E+24
  0.3487835E+25 -0.2495323E+24 -0.1201191E+24  0.4463111E+22  0.4296876E+22  0.1034208E+22
  0.2048872E+24  0.5521574E+25 -0.4303257E+24 -0.1977788E+24 -0.7993882E+23  0.7349335E+22
 -0.2946659E+25 -0.2124549E+24  0.2427661E+25  0.1137051E+23 -0.7955325E+23 -0.4092990E+23
  0.3008941E+22  0.1623932E+24 -0.1253577E+23  0.2191099E+25 -0.3382790E+24  0.1305654E+23
 -0.8654834E+23 -0.2344852E+25  0.2501018E+24 -0.2519370E+24  0.1903391E+25 -0.1454289E+24
  0.6223631E+24  0.1342712E+24 -0.1004058E+25  0.7242057E+22 -0.1083098E+24  0.4049612E+24
  0.3993472E+25 -0.2572623E+24 -0.1246384E+24  0.4143255E+22  0.4014648E+22  0.9725085E+21
  0.2283804E+24  0.6382302E+25 -0.4609186E+24 -0.2058132E+24 -0.8498081E+23  0.7137144E+22
 -0.3363545E+25 -0.2371087E+24  0.2785980E+25  0.1112706E+23 -0.8265588E+23 -0.4265687E+23
  0.3265180E+22  0.1827073E+24 -0.1307770E+23  0.2555905E+25 -0.3658896E+24  0.1309470E+23
 -0.9617795E+23 -0.2700758E+25  0.2707680E+24 -0.2763642E+24  0.2206610E+25 -0.1565273E+24
  0.7082457E+24  0.1454794E+24 -0.1151156E+25  0.7470660E+22 -0.1182284E+24  0.4677617E+24
  0.4571823E+25 -0.2640709E+24 -0.1287437E+24  0.3813218E+22  0.3718152E+22  0.9063641E+21
  0.2529798E+24  0.7374205E+25 -0.4917148E+24 -0.2131800E+24 -0.8983465E+23  0.6873255E+22
 -0.3840053E+25 -0.2627873E+24  0.3197808E+25  0.1079224E+23 -0.8553045E+23 -0.4426427E+23
  0.3499633E+22  0.2042264E+24 -0.1350586E+23  0.2979485E+25 -0.3940776E+24  0.1303053E+23
 -0.1062439E+24 -0.3110349E+25  0.2919881E+24 -0.3016729E+24  0.2557839E+25 -0.1678352E+24
  0.8063529E+24  0.1569381E+24 -0.1320275E+25  0.7636097E+22 -0.1284806E+24  0.5404355E+24
