  0.9220474E+17 -0.1461115E+18  0.4119794E+17  0.5788357E+17 -0.3264198E+17  0.4601906E+16
  0.1617217E+18 -0.1044662E+18 -0.3445103E+17 -0.1875365E+17  0.6121015E+17 -0.1576799E+17
 -0.2194166E+18  0.2409868E+18 -0.1099639E+17 -0.5319524E+17 -0.1512680E+17  0.8494359E+16
  0.7091258E+17  0.2075725E+17 -0.6189694E+17  0.1518995E+16 -0.9059114E+16  0.1350688E+17
 -0.1924219E+18  0.3071601E+17  0.1173234E+18  0.8617341E+16 -0.2081619E+17 -0.1455255E+17
  0.1305346E+18 -0.7988365E+17 -0.4524020E+17  0.1222166E+17  0.1384289E+17  0.3919796E+16
  0.9714986E+17 -0.1520808E+18  0.4286736E+17  0.5951774E+17 -0.3355281E+17  0.4728804E+16
  0.1699016E+18 -0.1081415E+18 -0.3512829E+17 -0.1944454E+17  0.6231582E+17 -0.1602020E+17
 -0.2285393E+18  0.2476636E+18 -0.1147656E+17 -0.5383741E+17 -0.1530737E+17  0.8592214E+16
  0.7428357E+17  0.2172305E+17 -0.6349486E+17  0.1588141E+16 -0.9284034E+16  0.1356827E+17
 -0.1998417E+18  0.3092581E+17  0.1194633E+18  0.8794385E+16 -0.2072596E+17 -0.1455431E+17
  0.1344063E+18 -0.8090413E+17 -0.4580778E+17  0.1217480E+17  0.1378670E+17  0.3903003E+16
  0.1092305E+18 -0.1688067E+18  0.4753364E+17  0.6521922E+17 -0.3672967E+17  0.5171285E+16
  0.1902319E+18 -0.1190715E+18 -0.3827267E+17 -0.2157585E+17  0.6763264E+17 -0.1733365E+17
 -0.2537668E+18  0.2711202E+18 -0.1265956E+17 -0.5797814E+17 -0.1655763E+17  0.9259534E+16
  0.8282525E+17  0.2431429E+17 -0.6937009E+17  0.1784434E+16 -0.1018219E+17  0.1452519E+17
 -0.2209756E+18  0.3290186E+17  0.1295959E+18  0.9590179E+16 -0.2192208E+17 -0.1551854E+17
  0.1473893E+18 -0.8715844E+17 -0.4943367E+17  0.1288525E+17  0.1461626E+17  0.4144955E+16
  0.1232892E+18 -0.1880048E+18  0.5285430E+17  0.7167256E+17 -0.4029900E+17  0.5664682E+16
  0.2134959E+18 -0.1311068E+18 -0.4195599E+17 -0.2415002E+17  0.7367110E+17 -0.1880264E+17
 -0.2825664E+18  0.2974059E+18 -0.1387444E+17 -0.6249225E+17 -0.1803335E+17  0.1000888E+17
  0.9242591E+17  0.2742445E+17 -0.7595003E+17  0.2034333E+16 -0.1126788E+17  0.1560279E+17
 -0.2446554E+18  0.3466853E+17  0.1409506E+18  0.1052836E+17 -0.2315951E+17 -0.1661111E+17
  0.1619033E+18 -0.9392422E+17 -0.5350883E+17  0.1362195E+17  0.1552091E+17  0.4421148E+16
  0.1397255E+18 -0.2101326E+18  0.5894492E+17  0.7900441E+17 -0.4432351E+17  0.6216658E+16
  0.2402188E+18 -0.1443788E+18 -0.4628806E+17 -0.2726058E+17  0.8055408E+17 -0.2045139E+17
 -0.3155724E+18  0.3269608E+18 -0.1511036E+17 -0.6742471E+17 -0.1977699E+17  0.1085318E+17
  0.1032472E+18  0.3116368E+17 -0.8334577E+17  0.2351576E+16 -0.1257836E+17  0.1682011E+17
 -0.2712691E+18  0.3613907E+17  0.1537203E+18  0.1163250E+17 -0.2443545E+17 -0.1785225E+17
  0.1781814E+18 -0.1012569E+18 -0.5810449E+17  0.1438556E+17  0.1650980E+17  0.4736931E+16
  0.1590617E+18 -0.2357813E+18  0.6595318E+17  0.8737618E+17 -0.4888206E+17  0.6836690E+16
  0.2710986E+18 -0.1590859E+18 -0.5140109E+17 -0.3101200E+17  0.8842765E+17 -0.2230863E+17
 -0.3536222E+18  0.3603742E+18 -0.1635962E+17 -0.7284337E+17 -0.2183567E+17  0.1180749E+17
  0.1155124E+18  0.3565724E+17 -0.9169896E+17  0.2751735E+16 -0.1415316E+17  0.1819869E+17
 -0.3013499E+18  0.3724299E+17  0.1681469E+18  0.1292697E+17 -0.2575305E+17 -0.1926437E+17
  0.1965411E+18 -0.1092497E+18 -0.6330842E+17  0.1518193E+17  0.1759536E+17  0.5098115E+16
  0.1819194E+18 -0.2656438E+18  0.7405102E+17  0.9697508E+17 -0.5406567E+17  0.7535689E+16
  0.3069160E+18 -0.1754002E+18 -0.5746112E+17 -0.3554440E+17  0.9746858E+17 -0.2440834E+17
 -0.3976621E+18  0.3982846E+18 -0.1760301E+17 -0.7881291E+17 -0.2426958E+17  0.1288976E+17
  0.1294494E+18  0.4106682E+17 -0.1011641E+18  0.3257033E+16 -0.1604677E+17  0.1976484E+17
 -0.3354475E+18  0.3784874E+17  0.1844990E+18  0.1444370E+17 -0.2710654E+17 -0.2087516E+17
  0.2173148E+18 -0.1179810E+18 -0.6921940E+17  0.1601307E+17  0.1878973E+17  0.5511965E+16
  0.2090850E+18 -0.3005836E+18  0.8345040E+17  0.1080308E+18 -0.5998475E+17  0.8326719E+16
  0.3486400E+18 -0.1935244E+18 -0.6467451E+17 -0.4102991E+17  0.1078905E+18 -0.2679094E+17
 -0.4488670E+18  0.4414733E+18 -0.1881464E+17 -0.8541189E+17 -0.2715127E+17  0.1412126E+17
  0.1453354E+18  0.4758964E+17 -0.1119275E+18  0.3895771E+16 -0.1832516E+17  0.2154974E+17
 -0.3742329E+18  0.3779656E+17  0.2031003E+18  0.1621964E+17 -0.2848842E+17 -0.2271734E+17
  0.2409086E+18 -0.1275471E+18 -0.7595611E+17  0.1688219E+17  0.2010717E+17  0.5987053E+16
  0.2414712E+18 -0.3415896E+18  0.9439200E+17  0.1208047E+18 -0.6676432E+17  0.9224545E+16
  0.3972855E+18 -0.2135546E+18 -0.7330574E+17 -0.4770731E+17  0.1199555E+18 -0.2950462E+17
 -0.5084989E+18  0.4907256E+18 -0.1994142E+17 -0.9269973E+17 -0.3057674E+17  0.1552779E+17
  0.1634105E+18  0.5548595E+17 -0.1241817E+18  0.4710055E+16 -0.2108291E+17  0.2359255E+17
 -0.4183091E+18  0.3679605E+17  0.2242990E+18  0.1830415E+17 -0.2987046E+17 -0.2483274E+17
  0.2677038E+18 -0.1379952E+18 -0.8364972E+17  0.1778333E+17  0.2155975E+17  0.6534531E+16
  0.2800564E+18 -0.3897143E+18  0.1071300E+18  0.1355774E+18 -0.7453875E+17  0.1024512E+17
  0.4537156E+18 -0.2353167E+18 -0.8369735E+17 -0.5591881E+17  0.1339861E+18 -0.3260636E+17
 -0.5777199E+18  0.5466725E+18 -0.2088075E+17 -0.1006844E+18 -0.3467597E+17  0.1714059E+17
  0.1837646E+18  0.6510215E+17 -0.1380940E+18  0.5765921E+16 -0.2446122E+17  0.2594345E+17
 -0.4679781E+18  0.3432434E+17  0.2484298E+18  0.2076362E+17 -0.3118474E+17 -0.2727602E+17
  0.2979402E+18 -0.1492565E+18 -0.9243400E+17  0.1869293E+17  0.2315292E+17  0.7169261E+16
  0.3262885E+18 -0.4465041E+18  0.1220312E+18  0.1527528E+18 -0.8349579E+17  0.1140985E+17
  0.5194201E+18 -0.2588943E+18 -0.9626747E+17 -0.6602807E+17  0.1503722E+18 -0.3616531E+17
 -0.6584441E+18  0.6105076E+18 -0.2154373E+17 -0.1094672E+18 -0.3958812E+17  0.1899622E+17
  0.2067168E+18  0.7681074E+17 -0.1539360E+18  0.7135232E+16 -0.2859935E+17  0.2865790E+17
 -0.5240901E+18  0.2997434E+17  0.2759938E+18  0.2365884E+17 -0.3239243E+17 -0.3010574E+17
  0.3321820E+18 -0.1614275E+18 -0.1024980E+18  0.1961186E+17  0.2490500E+17  0.7906681E+16
  0.3822536E+18 -0.5141471E+18  0.1396049E+18  0.1728874E+18 -0.9388724E+17  0.1274647E+17
  0.5967188E+18 -0.2846813E+18 -0.1115342E+18 -0.7843256E+17  0.1695872E+18 -0.4026494E+17
 -0.7535670E+18  0.6841143E+18 -0.2185183E+17 -0.1192545E+18 -0.4546706E+17  0.2113782E+17
  0.2328777E+18  0.9102877E+17 -0.1721060E+18  0.8895481E+16 -0.3363697E+17  0.3179833E+17
 -0.5881798E+18  0.2345093E+17  0.3076945E+18  0.2705067E+17 -0.3348573E+17 -0.3338623E+17
  0.3713918E+18 -0.1747871E+18 -0.1140989E+18  0.2056489E+17  0.2684903E+17  0.8763358E+16
  0.4503344E+18 -0.5950949E+18  0.1604109E+18  0.1965972E+18 -0.1059876E+18  0.1428474E+17
  0.6878926E+18 -0.3126897E+18 -0.1301698E+18 -0.9370307E+17  0.1922134E+18 -0.4500366E+17
 -0.8660716E+18  0.7692713E+18 -0.2163975E+17 -0.1301865E+18 -0.5252589E+17  0.2361797E+17
  0.2626916E+18  0.1083149E+18 -0.1929899E+18  0.1116530E+17 -0.3978751E+17  0.3544567E+17
 -0.6614687E+18  0.1411670E+17  0.3442598E+18  0.3102506E+17 -0.3439832E+17 -0.3720386E+17
  0.4164017E+18 -0.1894670E+18 -0.1275154E+18  0.2155236E+17  0.2901041E+17  0.9762313E+16
  0.5332213E+18 -0.6920761E+18  0.1850603E+18  0.2245640E+18 -0.1200963E+18  0.1605680E+17
  0.7950798E+18 -0.3424310E+18 -0.1530336E+18 -0.1126215E+18  0.2189642E+18 -0.5049809E+17
 -0.9989618E+18  0.8675931E+18 -0.2063513E+17 -0.1423224E+18 -0.6104887E+17  0.2650074E+17
  0.2963834E+18  0.1293832E+18 -0.2169564E+18  0.1412024E+17 -0.4735507E+17  0.3970369E+17
 -0.7447698E+18  0.9436922E+15  0.3864463E+18  0.3568815E+17 -0.3499239E+17 -0.4167196E+17
  0.4678755E+18 -0.2054321E+18 -0.1430519E+18  0.2254998E+17  0.3140520E+17  0.1093445E+17
  0.6344617E+18 -0.8086474E+18  0.2143396E+18  0.2576636E+18 -0.1365923E+18  0.1810254E+17
  0.9211764E+18 -0.3734339E+18 -0.1811945E+18 -0.1361240E+18  0.2507102E+18 -0.5688950E+17
 -0.1156262E+19  0.9813088E+18 -0.1851523E+17 -0.1557853E+18 -0.7137340E+17  0.2986312E+17
  0.3343645E+18  0.1550666E+18 -0.2444964E+18  0.1797861E+17 -0.5669444E+17  0.4469560E+17
 -0.8393898E+18 -0.1717590E+17  0.4352363E+18  0.4115077E+17 -0.3512248E+17 -0.4692430E+17
  0.5268017E+18 -0.2227530E+18 -0.1610976E+18  0.2354723E+17  0.3405927E+17  0.1231603E+17
  0.7589685E+18 -0.9496624E+18  0.2493092E+18  0.2970672E+18 -0.1559746E+18  0.2047354E+17
  0.1070460E+19 -0.4054676E+18 -0.2159927E+18 -0.1653163E+18  0.2885247E+18 -0.6435127E+17
 -0.1343743E+19  0.1113742E+19 -0.1491715E+17 -0.1708338E+18 -0.8389486E+17  0.3379809E+17
  0.3774479E+18  0.1863446E+18 -0.2763053E+18  0.2299939E+17 -0.6820542E+17  0.5056632E+17
 -0.9476172E+18 -0.4135355E+17  0.4919637E+18  0.4753402E+17 -0.3465947E+17 -0.5311613E+17
  0.5947697E+18 -0.2417246E+18 -0.1821672E+18  0.2456025E+17  0.3701793E+17  0.1394863E+17
  0.9128031E+18 -0.1121038E+19  0.2912388E+18  0.3441942E+18 -0.1788391E+18  0.2323065E+17
  0.1247700E+19 -0.4377803E+18 -0.2591415E+18 -0.2016502E+18  0.3337434E+18 -0.7309454E+17
 -0.1568116E+19  0.1268613E+19 -0.9330806E+16 -0.1877132E+18 -0.9911854E+17  0.3841969E+17
  0.4263667E+18  0.2244339E+18 -0.3131453E+18  0.2953478E+17 -0.8241782E+17  0.5749743E+17
 -0.1071720E+19 -0.7314752E+17  0.5581570E+18  0.5498700E+17 -0.3340139E+17 -0.6044320E+17
  0.6734718E+18 -0.2625747E+18 -0.2068630E+18  0.2559330E+17  0.4032611E+17  0.1588497E+17
  0.1103479E+19 -0.1330036E+19  0.3416572E+18  0.4007772E+18 -0.2059018E+18  0.2644583E+17
  0.1458237E+19 -0.4689324E+18 -0.3128333E+18 -0.2470182E+18  0.3880331E+18 -0.8337736E+17
 -0.1837262E+19  0.1450144E+19 -0.1053958E+16 -0.2066551E+18 -0.1176901E+18  0.4386842E+17
  0.4817614E+18  0.2708280E+18 -0.3558652E+18  0.3806230E+17 -0.1000270E+18  0.6571721E+17
 -0.1213962E+19 -0.1146475E+18  0.6355980E+18  0.6368572E+17 -0.3105390E+17 -0.6915332E+17
  0.7647480E+18 -0.2854656E+18 -0.2359025E+18  0.2663969E+17  0.4402892E+17  0.1819227E+17
  0.1340666E+19 -0.1585903E+19  0.4024716E+18  0.4689998E+18 -0.2380462E+18  0.3020577E+17
  0.1708609E+19 -0.4969088E+18 -0.3798644E+18 -0.3038135E+18  0.4534656E+18 -0.9551382E+17
 -0.2161092E+19  0.1663610E+19  0.1082876E+17 -0.2279538E+18 -0.1404143E+18  0.5031572E+17
  0.5443830E+18  0.3273204E+18 -0.4054838E+18  0.4920186E+17 -0.1219023E+18  0.7550619E+17
 -0.1377099E+19 -0.1684120E+18  0.7264712E+18  0.7383314E+17 -0.2724743E+17 -0.7955181E+17
  0.8708953E+18 -0.3106301E+18 -0.2701729E+18  0.2769881E+17  0.4818250E+17  0.2095355E+17
  0.1637279E+19 -0.1900791E+19  0.4761313E+18  0.5516783E+18 -0.2763811E+18  0.3461551E+17
  0.2007526E+19 -0.5192503E+18 -0.4638232E+18 -0.3750219E+18  0.5326166E+18 -0.1098847E+18
 -0.2552826E+19  0.1916066E+19  0.2749540E+17 -0.2520530E+18 -0.1682883E+18  0.5797001E+17
  0.6153747E+18  0.3960805E+18 -0.4633099E+18  0.6373344E+17 -0.1491027E+18  0.8720544E+17
 -0.1565055E+19 -0.2374605E+18  0.8335784E+18  0.8567076E+17 -0.2155265E+17 -0.9201100E+17
  0.9950839E+18 -0.3385157E+18 -0.3108120E+18  0.2878975E+17  0.5286728E+17  0.2427035E+17
  0.2009929E+19 -0.2290098E+19  0.5656482E+18  0.6523303E+18 -0.3222478E+18  0.3979718E+17
  0.2365427E+19 -0.5322942E+18 -0.5693295E+18 -0.4644626E+18  0.6286880E+18 -0.1269485E+18
 -0.3028930E+19  0.2216117E+19  0.5053957E+17 -0.2794624E+18 -0.2025768E+18  0.6708531E+17
  0.6959505E+18  0.4797402E+18 -0.5308730E+18  0.8267494E+17 -0.1829736E+18  0.1012378E+18
 -0.1782330E+19 -0.3256528E+18  0.9603204E+18  0.9948934E+17 -0.1340185E+17 -0.1069973E+18
  0.1141137E+19 -0.3696227E+18 -0.3592281E+18  0.2993086E+17  0.5817829E+17  0.2827109E+17
  0.2479980E+19 -0.2773311E+19  0.6747137E+18  0.7753345E+18 -0.3772593E+18  0.4589135E+17
  0.2794950E+19 -0.5308595E+18 -0.7023030E+18 -0.5769811E+18  0.7456449E+18 -0.1472555E+18
 -0.3610043E+19  0.2574329E+19  0.8209829E+17 -0.3107756E+18 -0.2448797E+18  0.7797086E+17
  0.7874806E+18  0.5814830E+18 -0.6099948E+18  0.1073431E+18 -0.2252129E+18  0.1181279E+18
 -0.2034268E+19 -0.4378608E+18  0.1110876E+19  0.1156350E+18 -0.2056166E+16 -0.1250959E+18
  0.1313761E+19 -0.4045391E+18 -0.4171816E+18  0.3114187E+17  0.6423019E+17  0.3311873E+17
  0.3075332E+19 -0.3375390E+19  0.8079112E+18  0.9261811E+18 -0.4433692E+18  0.5306098E+17
  0.3312305E+19 -0.5082200E+18 -0.8703116E+18 -0.7186456E+18  0.8883907E+18 -0.1714681E+18
 -0.4322883E+19  0.3004187E+19  0.1249939E+18 -0.3467522E+18 -0.2972125E+18  0.9100429E+17
  0.8918846E+18  0.7052143E+18 -0.7029915E+18  0.1394035E+18 -0.2779282E+18  0.1385261E+18
 -0.2327994E+19 -0.5801025E+18  0.1290576E+19  0.1345266E+18  0.1340392E+17 -0.1470415E+18
  0.1519130E+19 -0.4440878E+18 -0.4869359E+18  0.3245508E+17  0.7117305E+17  0.3902011E+17
  0.3831792E+19 -0.4127760E+19  0.9708187E+18  0.1111647E+19 -0.5229023E+18  0.6149139E+17
  0.3937629E+19 -0.4553885E+18 -0.1082994E+19 -0.8970700E+18  0.1062979E+19 -0.2003829E+18
 -0.5201273E+19  0.3522392E+19  0.1829804E+18 -0.3882816E+18 -0.3621296E+18  0.1066482E+18
  0.1011597E+19  0.8557496E+18 -0.8127506E+18  0.1809780E+18 -0.3437688E+18  0.1632477E+18
 -0.2672468E+19 -0.7599757E+18  0.1506139E+19  0.1566666E+18  0.3416688E+17 -0.1737681E+18
  0.1765051E+19 -0.4892627E+18 -0.5713803E+18  0.3390524E+17  0.7919175E+17  0.4624163E+17
  0.4795835E+19 -0.5070257E+19  0.1170260E+19  0.1340095E+19 -0.6186117E+18  0.7139052E+17
  0.4697156E+19 -0.3610092E+18 -0.1352617E+19 -0.1121689E+19  0.1276845E+19 -0.2349516E+18
 -0.6289072E+19  0.4150141E+19  0.2610334E+18 -0.4364585E+18 -0.4428582E+18  0.1254669E+18
  0.1150127E+19  0.1039148E+19 -0.9430421E+18  0.2347193E+18 -0.4260225E+18  0.1933109E+18
 -0.3079834E+19 -0.9869846E+18  0.1766244E+19  0.1826625E+18  0.6173203E+17 -0.2064606E+18
  0.2061811E+19 -0.5413767E+18 -0.6742693E+18  0.3553777E+17  0.8852257E+17  0.5512617E+17
  0.6026265E+19 -0.6252041E+19  0.1414306E+19  0.1621569E+19 -0.7336468E+18  0.8298099E+17
  0.5623602E+19 -0.2102354E+18 -0.1694672E+19 -0.1404163E+19  0.1539038E+19 -0.2762980E+18
 -0.7641338E+19  0.4913145E+19  0.3657915E+18 -0.4924505E+18 -0.5434823E+18  0.1481442E+18
  0.1311961E+19  0.1263020E+19 -0.1098623E+19  0.3039762E+18 -0.5288204E+18  0.2299942E+18
 -0.3565379E+19 -0.1273238E+19  0.2081862E+19  0.2132135E+18  0.9807926E+17 -0.2466345E+18
  0.2422315E+19 -0.6018804E+18 -0.8004066E+18  0.3738779E+17  0.9943982E+17  0.6611969E+17
  0.7598030E+19 -0.7733962E+19  0.1712533E+19  0.1968081E+19 -0.8715856E+18  0.9649772E+17
  0.6759654E+19  0.1537625E+17 -0.2128725E+19 -0.1758747E+19  0.1860551E+19 -0.3257486E+18
 -0.9328628E+19  0.5843225E+19  0.5060818E+18 -0.5575315E+18 -0.6691665E+18  0.1755103E+18
  0.1503446E+19  0.1537184E+19 -0.1285784E+19  0.3929194E+18 -0.6573184E+18  0.2749085E+18
 -0.4149648E+19 -0.1634088E+19  0.2467208E+19  0.2491149E+18  0.1457837E+18 -0.2962361E+18
  0.2863351E+19 -0.6724889E+18 -0.9560514E+18  0.3948533E+17  0.1122695E+18  0.7980461E+17
  0.9605378E+19 -0.9589956E+19  0.2076039E+19  0.2393639E+19 -0.1036353E+19  0.1121751E+18
  0.8160924E+19  0.3384505E+18 -0.2679289E+19 -0.2202638E+19  0.2254575E+19 -0.3848476E+18
 -0.1144041E+20  0.6978906E+19  0.6936143E+18 -0.6329251E+18 -0.8264042E+18  0.2085618E+18
  0.1733422E+19  0.1874416E+19 -0.1512839E+19  0.5067194E+18 -0.8179453E+18  0.3300814E+18
 -0.4860001E+19 -0.2089043E+19  0.2940634E+19  0.2912103E+18  0.2082364E+18 -0.3577642E+18
  0.3406502E+19 -0.7550526E+18 -0.1149319E+19  0.4183944E+17  0.1273736E+18  0.9694218E+17
  0.1216337E+20 -0.1190699E+20  0.2517199E+19  0.2914006E+19 -0.1232071E+19  0.1302331E+18
  0.9897471E+19  0.7873092E+18 -0.3376809E+19 -0.2756517E+19  0.2736834E+19 -0.4553861E+18
 -0.1408663E+20  0.8364636E+19  0.9438814E+18 -0.7193986E+18 -0.1023352E+19  0.2484932E+18
  0.2013421E+19  0.2291304E+19 -0.1790550E+19  0.6518848E+18 -0.1018837E+19  0.3980872E+18
 -0.5731226E+19 -0.2663125E+19  0.3525470E+19  0.3402592E+18  0.2900575E+18 -0.4344532E+18
  0.4078500E+19 -0.8510884E+18 -0.1390606E+19  0.4440060E+17  0.1450936E+18  0.1185353E+18
  0.1541356E+20 -0.1478749E+20  0.3049876E+19  0.3546712E+19 -0.1462997E+19  0.1508694E+18
  0.1206151E+20  0.1395880E+19 -0.4259174E+19 -0.3444985E+19  0.3326021E+19 -0.5394397E+18
 -0.1740508E+20  0.1005233E+20  0.1277288E+19 -0.8170463E+18 -0.1270202E+19  0.2967307E+18
  0.2359612E+19  0.2809925E+19 -0.2133353E+19  0.8365439E+18 -0.1270243E+19  0.4821972E+18
 -0.6809963E+19 -0.3388365E+19  0.4251981E+19  0.3968059E+18  0.3974619E+18 -0.5304865E+18
  0.4913477E+19 -0.9616747E+18 -0.1693388E+19  0.4705518E+17  0.1657165E+18  0.1459029E+18
  0.1952460E+20 -0.1834746E+20  0.3688886E+19  0.4310323E+19 -0.1733242E+19  0.1742402E+18
  0.1476986E+20  0.2206173E+19 -0.5373048E+19 -0.4297229E+19  0.4044118E+19 -0.6393875E+18
 -0.2156226E+20  0.1209867E+20  0.1720504E+19 -0.9244582E+18 -0.1579583E+19  0.3549565E+18
  0.2793254E+19  0.3459305E+19 -0.2560030E+19  0.1071044E+19 -0.1585235E+19  0.5865700E+18
 -0.8155647E+19 -0.4305983E+19  0.5158548E+19  0.4608250E+18  0.5390146E+18 -0.6512697E+18
  0.5953145E+19 -0.1086440E+19 -0.2074790E+19  0.4956839E+17  0.1893230E+18  0.1807765E+18
  0.2469237E+20 -0.2271447E+20  0.4449600E+19  0.5223753E+19 -0.2046590E+19  0.2004561E+18
  0.1816638E+20  0.3271992E+19 -0.6775649E+19 -0.5348108E+19  0.4916957E+19 -0.7579680E+18
 -0.2675390E+20  0.1456161E+20  0.2308042E+19 -0.1037728E+19 -0.1967027E+19  0.4251481E+18
  0.3341288E+19  0.4277262E+19 -0.3094555E+19  0.1368856E+19 -0.1980707E+19  0.7165104E+18
 -0.9841531E+19 -0.5469243E+19  0.6293149E+19  0.5312159E+18  0.7266591E+18 -0.8037887E+18
  0.7246884E+19 -0.1222272E+19 -0.2556267E+19  0.5153762E+17  0.2155722E+18  0.2254246E+18
  0.3114521E+20 -0.2802878E+20  0.5348149E+19  0.6306044E+19 -0.2406503E+19  0.2295914E+18
  0.2242920E+20  0.4663429E+19 -0.8537468E+19 -0.6639694E+19  0.5975034E+19 -0.8983525E+18
 -0.3321018E+20  0.1749819E+20  0.3084227E+19 -0.1149503E+19 -0.2451500E+19  0.5096201E+18
  0.4038094E+19  0.5313220E+19 -0.3767534E+19  0.1747749E+19 -0.2478612E+19  0.8787753E+18
 -0.1195814E+20 -0.6947252E+19  0.7715720E+19  0.6051616E+18  0.9769621E+18 -0.9970286E+18
  0.8853013E+19 -0.1362001E+19 -0.3164567E+19  0.5238459E+17  0.2434280E+18  0.2827987E+18
  0.3914193E+20 -0.3443992E+20  0.6400981E+19  0.7575686E+19 -0.2816024E+19  0.2616923E+18
  0.2776661E+20  0.6477126E+19 -0.1074474E+20 -0.8223584E+19  0.7254252E+19 -0.1064198E+19
 -0.4118985E+20  0.2095634E+20  0.4105157E+19 -0.1247408E+19 -0.3055846E+19  0.6110476E+18
  0.4924288E+19  0.6630128E+19 -0.4616349E+19  0.2231723E+19 -0.3107757E+19  0.1081916E+19
 -0.1460969E+20 -0.8829637E+19  0.9498679E+19  0.6770455E+18  0.1313026E+19 -0.1242443E+19
  0.1083623E+20 -0.1491890E+19 -0.3932048E+19  0.5134940E+17  0.2706745E+18  0.3566969E+18
  0.4897463E+20 -0.4210825E+20  0.7625294E+19  0.9051138E+19 -0.3278103E+19  0.2968124E+18
  0.3441095E+20  0.8850839E+19 -0.1350312E+20 -0.1016455E+20  0.8797292E+19 -0.1259759E+19
 -0.5097570E+20  0.2496790E+20  0.5440955E+19 -0.1312702E+19 -0.3807366E+19  0.7325152E+18
  0.6044527E+19  0.8306492E+19 -0.5684961E+19  0.2853731E+19 -0.3906186E+19  0.1336696E+19
 -0.1790848E+20 -0.1123233E+20  0.1172724E+20  0.7370911E+18  0.1766875E+19 -0.1554505E+19
  0.1326463E+20 -0.1589140E+19 -0.4896922E+19  0.4759588E+17  0.2933326E+18  0.4519509E+18
  0.6098174E+20 -0.5121396E+20  0.9040362E+19  0.1075269E+20 -0.3796159E+19  0.3350517E+18
  0.4261230E+20  0.1198302E+20 -0.1694292E+20 -0.1254549E+20  0.1065541E+20 -0.1489994E+19
 -0.6287475E+20  0.2954369E+20  0.7178649E+19 -0.1319285E+19 -0.4738521E+19  0.8775592E+18
  0.7444065E+19  0.1043840E+20 -0.7023176E+19  0.3659301E+19 -0.4924108E+19  0.1656521E+19
 -0.2196754E+20 -0.1430424E+20  0.1449918E+20  0.7696251E+18  0.2382324E+19 -0.1951277E+19
  0.1620663E+20 -0.1619670E+19 -0.6103331E+19  0.4046694E+17  0.3049795E+18  0.5746204E+18
  0.7555913E+20 -0.6196666E+20  0.1066837E+20  0.1270484E+20 -0.4374608E+19  0.3765728E+18
  0.5261535E+20  0.1616013E+20 -0.2122431E+20 -0.1547350E+20  0.1289020E+20 -0.1760580E+19
 -0.7720862E+20  0.3466623E+20  0.9425049E+19 -0.1232834E+19 -0.5887585E+19  0.1050166E+19
  0.9159632E+19  0.1313841E+20 -0.8683010E+19  0.4711378E+19 -0.6227378E+19  0.2057797E+19
 -0.2688199E+20 -0.1823273E+20  0.1792091E+20  0.7507478E+18  0.3218400E+19 -0.2454905E+19
  0.1972353E+20 -0.1536075E+19 -0.7600212E+19  0.2990751E+17  0.2959535E+18  0.7321613E+18
  0.9318965E+20 -0.7462796E+20  0.1253616E+20  0.1494085E+20 -0.5019591E+19  0.4216006E+18
  0.6463719E+20  0.2178975E+20 -0.2654528E+20 -0.1908792E+20  0.1557621E+20 -0.2077902E+19
 -0.9431535E+20  0.4028896E+20  0.1231129E+20 -0.1010731E+19 -0.7299878E+19  0.1254769E+19
  0.1120824E+20  0.1653254E+20 -0.1071379E+20  0.6096520E+19 -0.7901607E+19  0.2560288E+19
 -0.3270899E+20 -0.2324803E+20  0.2210269E+20  0.6456378E+18  0.4353092E+19 -0.3092130E+19
  0.2386366E+20 -0.1277369E+19 -0.9440213E+19  0.1709369E+17  0.2526569E+18  0.9336123E+18
  0.1144894E+21 -0.8954333E+20  0.1467650E+20  0.1750819E+20 -0.5739321E+19  0.4703483E+18
  0.7884441E+20  0.2943889E+20 -0.3315203E+20 -0.2356945E+20  0.1880362E+20 -0.2448805E+19
 -0.1145620E+21  0.4634095E+20  0.1599959E+20 -0.6025740E+18 -0.9029441E+19  0.1496148E+19
  0.1357428E+20  0.2075330E+20 -0.1315536E+20  0.7932272E+19 -0.1005642E+20  0.3187344E+19
 -0.3944721E+20 -0.2962424E+20  0.2715245E+20  0.4055912E+18  0.5887073E+19 -0.3894746E+19
  0.2865866E+20 -0.7709348E+18 -0.1167865E+20  0.5184650E+16  0.1570813E+18  0.1189787E+19
  0.1402585E+21 -0.1071734E+21  0.1712670E+20  0.2047317E+20 -0.6543372E+19  0.5228272E+18
  0.9532198E+20  0.3987715E+20 -0.4135000E+20 -0.2914924E+20  0.2267970E+20 -0.2879908E+19
 -0.1383578E+21  0.5273148E+20  0.2069237E+20  0.4930641E+17 -0.1114089E+20  0.1779095E+19
  0.1619560E+20  0.2592587E+20 -0.1602869E+20  0.1037551E+20 -0.1282934E+20  0.3965874E+19
 -0.4701512E+20 -0.3767468E+20  0.3316719E+20 -0.3510069E+17  0.7947168E+19 -0.4899927E+19
  0.3412071E+20  0.6365315E+17 -0.1437240E+20  0.2968669E+14 -0.1340605E+17  0.1513492E+19
  0.1715531E+21 -0.1281318E+21  0.1992505E+20  0.2392518E+20 -0.7440939E+19  0.5785492E+18
  0.1140551E+21  0.5412343E+20 -0.5151867E+20 -0.3611858E+20  0.2732957E+20 -0.3376462E+19
 -0.1661903E+21  0.5936074E+20  0.2664623E+20  0.1009214E+19 -0.1371204E+20  0.2107878E+19
  0.1895705E+20  0.3215055E+20 -0.1932756E+20  0.1363158E+20 -0.1638947E+20  0.4926331E+19
 -0.5524484E+20 -0.4774510E+20  0.4022823E+20 -0.7617785E+18  0.1068966E+20 -0.6150878E+19
  0.4024879E+20  0.1308977E+19 -0.1758133E+20  0.1064269E+17 -0.2858913E+18  0.1919953E+19
  0.2097556E+21 -0.1532106E+21  0.2310188E+20  0.2797718E+20 -0.8437088E+19  0.6360939E+18
  0.1349189E+21  0.7349221E+20 -0.6412615E+20 -0.4483572E+20  0.3289366E+20 -0.3940484E+19
 -0.1986696E+21  0.6612732E+20  0.3419029E+20  0.2348025E+19 -0.1683634E+20  0.2485285E+19
  0.2169563E+20  0.3948283E+20 -0.2301309E+20  0.1796323E+20 -0.2094021E+20  0.6102642E+19
 -0.6389408E+20 -0.6020658E+20  0.4840152E+20 -0.1881451E+19  0.1430374E+20 -0.7697942E+19
  0.4704236E+20  0.3044705E+19 -0.2137274E+20  0.4926532E+17 -0.6916499E+18  0.2427568E+19
  0.2566177E+21 -0.1833757E+21  0.2666347E+20  0.3275946E+20 -0.9526682E+19  0.6926066E+18
  0.1576784E+21  0.9962627E+20 -0.7973739E+20 -0.5572481E+20  0.3951906E+20 -0.4568066E+19
 -0.2365685E+21  0.7292805E+20  0.4374628E+20  0.4143295E+19 -0.2062389E+20  0.2911189E+19
  0.2422131E+20  0.4791584E+20 -0.2701394E+20  0.2369739E+20 -0.2672018E+20  0.7532136E+19
 -0.7267960E+20 -0.7545192E+20  0.5774539E+20 -0.3523934E+19  0.1901526E+20 -0.9600329E+19
  0.5452144E+20  0.5345166E+19 -0.2582918E+20  0.1310072E+18 -0.1266119E+19  0.3059103E+19
  0.3142753E+21 -0.2197291E+21  0.3057090E+20  0.3840652E+20 -0.1068700E+20  0.7434407E+18
  0.1820324E+21  0.1345045E+21 -0.9901803E+20 -0.6926573E+20  0.4734675E+20 -0.5246565E+19
 -0.2808788E+21  0.7965445E+20  0.5585185E+20  0.6479591E+19 -0.2520190E+20  0.3380913E+19
  0.2635888E+20  0.5738249E+20 -0.3124031E+20  0.3122999E+20 -0.3400461E+20  0.9256436E+19
 -0.8134433E+20 -0.9391003E+20  0.6833571E+20 -0.5842935E+19  0.2509377E+20 -0.1192979E+20
  0.6275778E+20  0.8282833E+19 -0.3106309E+20  0.2732941E+18 -0.2049868E+19  0.3843808E+19
  0.3851754E+21 -0.2634109E+21  0.3471577E+20  0.4503489E+20 -0.1187059E+20  0.7822313E+18
  0.2076998E+21  0.1803965E+21 -0.1227250E+21 -0.8596850E+20  0.5649471E+20 -0.5952394E+19
 -0.3328475E+21  0.8618045E+20  0.7118068E+20  0.9448467E+19 -0.3071346E+20  0.3883711E+19
  0.2799972E+20  0.6778625E+20 -0.3561237E+20  0.4102698E+20 -0.4310810E+20  0.1132370E+20
 -0.8974142E+20 -0.1160804E+21  0.8030603E+20 -0.9018236E+19  0.3286424E+20 -0.1477656E+20
  0.7190717E+20  0.1193914E+20 -0.3723621E+20  0.4955798E+18 -0.3091264E+19  0.4820573E+19
  0.4719159E+21 -0.3154469E+21  0.3890169E+20  0.5271423E+20 -0.1300170E+20  0.8017010E+18
  0.2345880E+21  0.2397524E+21 -0.1516902E+21 -0.1063340E+21  0.6704272E+20 -0.6650701E+19
 -0.3940095E+21  0.9234317E+20  0.9055858E+20  0.1314901E+20 -0.3731566E+20  0.4401883E+19
  0.2915325E+20  0.7907728E+20 -0.4010557E+20  0.5362365E+20 -0.5439255E+20  0.1379312E+20
 -0.9793049E+20 -0.1425952E+21  0.9390513E+20 -0.1326195E+20  0.4272672E+20 -0.1825843E+20
  0.8224109E+20  0.1642380E+20 -0.4458377E+20  0.8199707E+18 -0.4451758E+19  0.6042333E+19
  0.5770190E+21 -0.3765964E+21  0.4284802E+20  0.6144721E+20 -0.1398256E+20  0.7954472E+18
  0.2630130E+21  0.3150678E+21 -0.1868188E+21 -0.1308243E+21  0.7903597E+20 -0.7298930E+19
 -0.4662069E+21  0.9792439E+20  0.1149790E+21  0.1769115E+20 -0.4518251E+20  0.4911717E+19
  0.2997121E+20  0.9136704E+20 -0.4480285E+20  0.6963296E+20 -0.6829060E+20  0.1674353E+20
 -0.1062517E+21 -0.1743092E+21  0.1095653E+21 -0.1883269E+20  0.5519006E+20 -0.2253467E+20
  0.9416885E+20  0.2190073E+20 -0.5344182E+20  0.1273356E+19 -0.6214447E+19  0.7582200E+19
  0.7027497E+21 -0.4472819E+21  0.4622521E+20  0.7117083E+20 -0.1471057E+20  0.7601461E+18
  0.2939254E+21  0.4088194E+21 -0.2291287E+21 -0.1598687E+21  0.9251553E+20 -0.7853703E+19
 -0.5516145E+21  0.1026259E+21  0.1456266E+21  0.2320530E+20 -0.5451540E+20  0.5386152E+19
  0.3073360E+20  0.1050556E+21 -0.4993818E+20  0.8977694E+20 -0.8535095E+20  0.2028579E+20
 -0.1153565E+21 -0.2124086E+21  0.1279679E+21 -0.2606264E+20  0.7092346E+20 -0.2782441E+20
  0.1082457E+21  0.2861814E+20 -0.6427401E+20  0.1891525E+19 -0.8496424E+19  0.9541138E+19
  0.8510656E+21 -0.5276812E+21  0.4871652E+20  0.8179378E+20 -0.1510271E+20  0.6971554E+18
  0.3289420E+21  0.5235873E+21 -0.2798322E+21 -0.1939322E+21  0.1075742E+21 -0.8278504E+19
 -0.6527126E+21  0.1060361E+21  0.1839083E+21  0.2985808E+20 -0.6556174E+20  0.5798293E+19
  0.3178452E+20  0.1208920E+21 -0.5589782E+20  0.1149528E+21 -0.1063033E+21  0.2457617E+20
 -0.1261387E+21 -0.2584961E+21  0.1500679E+21 -0.3539660E+20  0.9082183E+20 -0.3442647E+20
  0.1251471E+21  0.3693280E+20 -0.7768655E+20  0.2724856E+19 -0.1146323E+20  0.1205621E+20
  0.1023924E+22 -0.6180667E+21  0.5007817E+20  0.9327022E+20 -0.1511423E+20  0.6123069E+18
  0.3700861E+21  0.6625005E+21 -0.3404673E+21 -0.2336626E+21  0.1244211E+21 -0.8547115E+19
 -0.7722763E+21  0.1075982E+21  0.2315141E+21  0.3787287E+20 -0.7864235E+20  0.6123278E+19
  0.3344088E+20  0.1399125E+21 -0.6316461E+20  0.1463442E+21 -0.1321365E+21  0.2982703E+20
 -0.1395654E+21 -0.3146397E+21  0.1770607E+21 -0.4743997E+20  0.1160816E+21 -0.4273703E+20
  0.1456189E+21  0.4732227E+20 -0.9442963E+20  0.3844620E+19 -0.1534356E+20  0.1530872E+20
  0.1223834E+22 -0.7192439E+21  0.5014370E+20  0.1056744E+21 -0.1473465E+20  0.5136296E+18
  0.4191494E+21  0.8298768E+21 -0.4129865E+21 -0.2800504E+21  0.1434030E+21 -0.8636480E+19
 -0.9133021E+21  0.1065848E+21  0.2904847E+21  0.4754106E+20 -0.9417091E+20  0.6334263E+19
  0.3588847E+20  0.1632032E+21 -0.7219203E+20  0.1855421E+21 -0.1641470E+21  0.3630476E+20
 -0.1563978E+21 -0.3833155E+21  0.2102501E+21 -0.6299489E+20  0.1482560E+21 -0.5325407E+20
  0.1703908E+21  0.6036805E+20 -0.1153703E+21  0.5346974E+19 -0.2043737E+20  0.1952909E+20
  0.1454467E+22 -0.8328633E+21  0.4873826E+20  0.1192294E+21 -0.1395435E+20  0.4082969E+18
  0.4768639E+21  0.1031796E+22 -0.4997173E+21 -0.3345064E+21  0.1649376E+21 -0.8506466E+19
 -0.1078879E+22  0.1020955E+21  0.3632612E+21  0.5920951E+20 -0.1126464E+21  0.6389185E+19
  0.3908634E+20  0.1915249E+21 -0.8322879E+20  0.2346202E+21 -0.2039125E+21  0.4430597E+20
 -0.1768614E+21 -0.4672157E+21  0.2508136E+21 -0.8305820E+20  0.1892518E+21 -0.6655621E+20
  0.2000697E+21  0.7669913E+20 -0.1414321E+21  0.7350883E+19 -0.2710986E+20  0.2499510E+20
  0.1721018E+22 -0.9613986E+21  0.4551707E+20  0.1342646E+21 -0.1271342E+20  0.3009561E+18
  0.5422274E+21  0.1276261E+22 -0.6031408E+21 -0.3987755E+21  0.1893465E+21 -0.8070680E+19
 -0.1272049E+22  0.9311334E+20  0.4526844E+21  0.7323089E+20 -0.1346052E+21  0.6208688E+19
  0.4270881E+20  0.2249088E+21 -0.9614291E+20  0.2960979E+21 -0.2531490E+21  0.5410745E+20
 -0.2003872E+21 -0.5689315E+21  0.2995101E+21 -0.1087505E+21  0.2412329E+21 -0.8324857E+20
  0.2350512E+21  0.9689354E+20 -0.1735120E+21  0.9985438E+19 -0.3576282E+20  0.3202112E+20
  0.2030063E+22 -0.1107706E+22  0.3980088E+20  0.1511052E+21 -0.1085869E+20  0.1950814E+18
  0.6124412E+21  0.1572716E+22 -0.7255279E+21 -0.4746634E+21  0.2166356E+21 -0.7171108E+19
 -0.1495777E+22  0.7863707E+20  0.5619352E+21  0.8988211E+20 -0.1605402E+21  0.5652316E+19
  0.4619121E+20  0.2624374E+21 -0.1103464E+21  0.3727624E+21 -0.3134689E+21  0.6590171E+20
 -0.2256274E+21 -0.6906512E+21  0.3564768E+21 -0.1411724E+21  0.3064366E+21 -0.1038883E+21
  0.2755272E+21  0.1213712E+21 -0.2124226E+21  0.1336618E+20 -0.4678666E+20  0.4094274E+20
  0.2388925E+22 -0.1274367E+22  0.3050960E+20  0.1699521E+21 -0.8137640E+19  0.9741154E+17
  0.6836878E+21  0.1931037E+22 -0.8686008E+21 -0.5636926E+21  0.2463364E+21 -0.5574444E+19
 -0.1753156E+22  0.5788487E+20  0.6944562E+21  0.1092831E+21 -0.1908304E+21  0.4506030E+19
  0.4891625E+20  0.3024166E+21 -0.1249174E+21  0.4674101E+21 -0.3861405E+21  0.7975037E+20
 -0.2508683E+21 -0.8341053E+21  0.4212965E+21 -0.1812337E+21  0.3869928E+21 -0.1289304E+21
  0.3216462E+21  0.1503416E+21 -0.2589274E+21  0.1756790E+20 -0.6051301E+20  0.5210960E+20
  0.2805056E+22 -0.1463347E+22  0.1625161E+20  0.1908503E+21 -0.4239083E+19  0.2353917E+17
  0.7524866E+21  0.2360702E+22 -0.1033535E+22 -0.6669652E+21  0.2775638E+21 -0.3000301E+19
 -0.2048013E+22  0.3051631E+20  0.8540192E+21  0.1313827E+21 -0.2257697E+21  0.2491145E+19
  0.5046565E+20  0.3429689E+21 -0.1389208E+21  0.5827114E+21 -0.4720587E+21  0.9560456E+20
 -0.2747007E+21 -0.1001005E+22  0.4934409E+21 -0.2295718E+21  0.4849384E+21 -0.1587606E+21
  0.3738210E+21  0.1838754E+21 -0.3139317E+21  0.2261119E+20 -0.7720850E+20  0.6590931E+20
  0.3285920E+22 -0.1676232E+22 -0.4487613E+19  0.2137724E+21  0.1144624E+19  0.1532194E+16
  0.8170999E+21  0.2870862E+22 -0.1221512E+22 -0.7854085E+21  0.3093175E+21  0.8337348E+18
 -0.2385872E+22 -0.3301503E+19  0.1045099E+22  0.1560600E+21 -0.2657327E+21 -0.7125388E+18
  0.5079644E+20  0.3828569E+21 -0.1518055E+21  0.7214058E+21 -0.5720853E+21  0.1134180E+21
 -0.2966439E+21 -0.1193988E+22  0.5729995E+21 -0.2866854E+21  0.6025969E+21 -0.1938620E+21
  0.4330893E+21  0.2221286E+21 -0.3788265E+21  0.2848207E+20 -0.9714878E+20  0.8284059E+20
  0.3839604E+22 -0.1914996E+22 -0.3319846E+20  0.2387753E+21  0.8278841E+19  0.7176119E+17
  0.8782788E+21  0.3471639E+22 -0.1434714E+22 -0.9203553E+21  0.3408786E+21  0.6186090E+19
 -0.2774964E+22 -0.4311152E+20  0.1273577E+22  0.1833190E+21 -0.3114275E+21 -0.5454017E+19
  0.5022483E+20  0.4221045E+21 -0.1636555E+21  0.8868732E+21 -0.6877050E+21  0.1333162E+21
 -0.3173755E+21 -0.1417735E+22  0.6613657E+21 -0.3532999E+21  0.7432998E+21 -0.2350786E+21
  0.5013816E+21  0.2656421E+21 -0.4558856E+21  0.3518564E+20 -0.1207687E+21  0.1036295E+21
  0.4475529E+22 -0.2182615E+22 -0.7136919E+20  0.2661030E+21  0.1740257E+20  0.2845228E+18
  0.9387341E+21  0.4175725E+22 -0.1677017E+22 -0.1074018E+22  0.3719774E+21  0.1331163E+20
 -0.3226459E+22 -0.8857613E+20  0.1547325E+22  0.2134350E+21 -0.3640458E+21 -0.1213212E+20
  0.4922445E+20  0.4619310E+21 -0.1750907E+21  0.1083711E+22 -0.8215412E+21  0.1556988E+21
 -0.3383720E+21 -0.1679469E+22  0.7613687E+21 -0.4307223E+21  0.9120079E+21 -0.2838055E+21
  0.5814976E+21  0.3155111E+21 -0.5484691E+21  0.4279778E+20 -0.1487952E+21  0.1293291E+21
  0.5205281E+22 -0.2483348E+22 -0.1206731E+21  0.2961904E+21  0.2878550E+20  0.6993853E+18
  0.1001806E+22  0.4999646E+22 -0.1954047E+22 -0.1249626E+22  0.4026277E+21  0.2251555E+20
 -0.3754155E+22 -0.1397810E+21  0.1876504E+22  0.2469621E+21 -0.4252426E+21 -0.2124691E+20
  0.4820178E+20  0.5041110E+21 -0.1869200E+21  0.1318042E+22 -0.9774373E+21  0.1812127E+21
 -0.3612615E+21 -0.1988726E+22  0.8768497E+21 -0.5209660E+21  0.1115533E+22 -0.3420045E+21
  0.6768932E+21  0.3733403E+21 -0.6609942E+21  0.5147894E+20 -0.1822856E+21  0.1613671E+21
  0.6042366E+22 -0.2822070E+22 -0.1831544E+21  0.3295099E+21  0.4277087E+20  0.1387930E+19
  0.1070034E+22  0.5963100E+22 -0.2272097E+22 -0.1450877E+22  0.4326382E+21  0.3418978E+20
 -0.4373232E+22 -0.1971572E+21  0.2273034E+22  0.2845275E+21 -0.4968631E+21 -0.3344524E+20
  0.4737267E+20  0.5501236E+21 -0.1997452E+21  0.1597102E+22 -0.1159788E+22  0.2105547E+21
 -0.3872246E+21 -0.2356240E+22  0.1011755E+22 -0.6264065E+21  0.1361975E+22 -0.4119390E+21
  0.7912942E+21  0.4409191E+21 -0.7985818E+21  0.6142142E+20 -0.2224899E+21  0.2014841E+21
  0.7001665E+22 -0.3203517E+22 -0.2612560E+21  0.3664314E+21  0.5976707E+20  0.2437088E+19
  0.1143961E+22  0.7087313E+22 -0.2636501E+22 -0.1681221E+22  0.4611567E+21  0.4879023E+20
 -0.5098818E+22 -0.2609205E+21  0.2749534E+22  0.3265365E+21 -0.5806139E+21 -0.4952248E+20
  0.4672629E+20  0.6003563E+21 -0.2136377E+21  0.1928399E+22 -0.1372448E+22  0.2441938E+21
 -0.4165331E+21 -0.2792489E+22  0.1169062E+22 -0.7490896E+21  0.1659610E+22 -0.4957174E+21
  0.9282773E+21  0.5197257E+21 -0.9665085E+21  0.7274626E+20 -0.2705653E+21  0.2515786E+21
  0.8099530E+22 -0.3632411E+22 -0.3577553E+21  0.4072584E+21  0.8022157E+20  0.3950502E+19
  0.1221339E+22  0.8394362E+22 -0.3050654E+22 -0.1943728E+22  0.4865804E+21  0.6677780E+20
 -0.5945463E+22 -0.3303352E+21  0.3318646E+22  0.3730212E+21 -0.6779775E+21 -0.7039224E+20
  0.4604187E+20  0.6535472E+21 -0.2279725E+21  0.2319215E+22 -0.1617993E+22  0.2821967E+21
 -0.4482623E+21 -0.3306881E+22  0.1350079E+22 -0.8901618E+21  0.2016078E+22 -0.5949420E+21
  0.1091067E+22  0.6105542E+21 -0.1169834E+22  0.8541554E+20 -0.3273159E+21  0.3135720E+21
  0.9355219E+22 -0.4114503E+22 -0.4758403E+21  0.4523981E+21  0.1046393E+21  0.6050741E+19
  0.1297677E+22  0.9908899E+22 -0.3516873E+22 -0.2241761E+22  0.5068590E+21  0.8860115E+20
 -0.6928905E+22 -0.4034787E+21  0.3993939E+22  0.4237935E+21 -0.7905218E+21 -0.9709165E+20
  0.4500072E+20  0.7070313E+21 -0.2416266E+21  0.2777140E+22 -0.1898165E+22  0.3243472E+21
 -0.4805597E+21 -0.3908831E+22  0.1554939E+22 -0.1050008E+22  0.2438901E+22 -0.7108577E+21
  0.1282966E+22  0.7136767E+21 -0.1413791E+22  0.9924937E+20 -0.3932253E+21  0.3894890E+21
  0.1079125E+23 -0.4656755E+22 -0.6192365E+21  0.5023832E+21  0.1336098E+21  0.8883444E+19
  0.1368568E+22  0.1165944E+23 -0.4038160E+22 -0.2579417E+22  0.5198222E+21  0.1147347E+21
 -0.8068594E+22 -0.4777807E+21  0.4791575E+22  0.4787194E+21 -0.9202478E+21 -0.1308358E+21
  0.4339116E+20  0.7580617E+21 -0.2535739E+21  0.3310914E+22 -0.2215021E+22  0.3704656E+21
 -0.5116378E+21 -0.4609954E+22  0.1784141E+22 -0.1228959E+22  0.2936955E+22 -0.8449091E+21
  0.1508218E+22  0.8294600E+21 -0.1704779E+22  0.1140425E+21 -0.4687805E+21  0.4817393E+21
  0.1243356E+23 -0.5266862E+22 -0.7921726E+21  0.5577612E+21  0.1677823E+21  0.1261781E+20
  0.1433088E+22  0.1367939E+23 -0.4620160E+22 -0.2961584E+22  0.5234389E+21  0.1457265E+21
 -0.9390331E+22 -0.5511068E+21  0.5732134E+22  0.5379685E+21 -0.1069795E+22 -0.1730746E+21
  0.4129432E+20  0.8058330E+21 -0.2636281E+21  0.3931333E+22 -0.2572269E+22  0.4207587E+21
 -0.5411632E+21 -0.5426611E+22  0.2040529E+22 -0.1428244E+22  0.3522251E+22 -0.9994429E+21
  0.1772990E+22  0.9591483E+21 -0.2051609E+22  0.1297195E+21 -0.5549375E+21  0.5935029E+21
  0.1431049E+23 -0.5952443E+22 -0.9990914E+21  0.6189789E+21  0.2077858E+21  0.1743797E+20
  0.1494923E+22  0.1600649E+23 -0.5271505E+22 -0.3393606E+22  0.5158851E+21  0.1821942E+21
 -0.1092604E+23 -0.6224552E+21  0.6840757E+22  0.6020445E+21 -0.1242332E+22 -0.2254809E+21
  0.3904118E+20  0.8522851E+21 -0.2726140E+21  0.4651434E+22 -0.2975638E+22  0.4758974E+21
 -0.5706857E+21 -0.6380353E+22  0.2329855E+22 -0.1650381E+22  0.4210501E+22 -0.1177927E+22
  0.2085504E+22  0.1105086E+22 -0.2465854E+22  0.1463933E+21 -0.6533148E+21  0.7288928E+21
  0.1645318E+23 -0.6721328E+22 -0.1244537E+22  0.6864366E+21  0.2542045E+21  0.2353456E+20
  0.1559095E+22  0.1868312E+23 -0.6002116E+22 -0.3881189E+22  0.4952752E+21  0.2247734E+21
 -0.1271117E+23 -0.6915114E+21  0.8145699E+22  0.6715635E+21 -0.1441267E+22 -0.2898930E+21
  0.3693477E+20  0.9002898E+21 -0.2815850E+21  0.5486169E+22 -0.3431835E+22  0.5366902E+21
 -0.6022523E+21 -0.7495766E+22  0.2658903E+22 -0.1898547E+22  0.5019892E+22 -0.1384352E+22
  0.2455057E+22  0.1270041E+22 -0.2960844E+22  0.1642531E+21 -0.7658462E+21  0.8927081E+21
  0.1889743E+23 -0.7582599E+22 -0.1533396E+22  0.7606301E+21  0.3076379E+21  0.3110614E+20
  0.1626842E+22  0.2175743E+23 -0.6820600E+22 -0.4430568E+22  0.4591672E+21  0.2740445E+21
 -0.1478210E+23 -0.7572709E+21  0.9676505E+22  0.7469138E+21 -0.1669984E+22 -0.3682588E+21
  0.3501291E+20  0.9505759E+21 -0.2907449E+21  0.6451867E+22 -0.3946760E+22  0.6035817E+21
 -0.6362809E+21 -0.8797539E+22  0.3032518E+22 -0.2175336E+22  0.5968977E+22 -0.1622177E+22
  0.2890743E+22  0.1456091E+22 -0.3550053E+22  0.1833612E+21 -0.8940953E+21  0.1089934E+22
  0.2168377E+23 -0.8546378E+22 -0.1870996E+22  0.8421112E+21  0.3687146E+21  0.4036000E+20
  0.1695056E+22  0.2528290E+23 -0.7733425E+22 -0.5048294E+22  0.4044173E+21  0.3304865E+21
 -0.1717585E+23 -0.8175251E+21  0.1146345E+23  0.8281503E+21 -0.1931754E+22 -0.4625957E+21
  0.3312634E+20  0.1001259E+22 -0.2994090E+21  0.7565886E+22 -0.4524890E+22  0.6765445E+21
 -0.6713324E+21 -0.1030992E+23  0.3452980E+22 -0.2482300E+22  0.7075965E+22 -0.1893975E+22
  0.3401276E+22  0.1664353E+22 -0.4246655E+22  0.2036052E+21 -0.1039012E+22  0.1325538E+22
  0.2485860E+23 -0.9623733E+22 -0.2263131E+22  0.9314306E+21  0.4380732E+21  0.5150896E+20
  0.1761759E+22  0.2932086E+23 -0.8748595E+22 -0.5741635E+22  0.3277266E+21  0.3945863E+21
 -0.1993545E+23 -0.8704135E+21  0.1354107E+23  0.9154500E+21 -0.2230203E+22 -0.5750829E+21
  0.3121451E+20  0.1051087E+22 -0.3071700E+21  0.8848317E+22 -0.5171672E+22  0.7556858E+21
 -0.7064249E+21 -0.1206132E+23  0.3923508E+22 -0.2821563E+22  0.8361937E+22 -0.2202722E+22
  0.3996828E+22  0.1896344E+22 -0.5065786E+22  0.2249359E+21 -0.1201762E+22  0.1605159E+22
  0.2847397E+23 -0.1082608E+23 -0.2715881E+22  0.1029044E+22  0.5163019E+21  0.6476097E+20
  0.1830106E+22  0.3394176E+23 -0.9878400E+22 -0.6518629E+22  0.2260446E+21  0.4669443E+21
 -0.2311279E+23 -0.9161389E+21  0.1595062E+23  0.1009455E+22 -0.2569508E+22 -0.7081270E+21
  0.2940659E+20  0.1101949E+22 -0.3146522E+21  0.1032330E+23 -0.5895460E+22  0.8416990E+21
 -0.7427638E+21 -0.1408739E+23  0.4450981E+22 -0.3197268E+22  0.9853493E+22 -0.2552895E+22
  0.4690258E+22  0.2155103E+22 -0.6026330E+22  0.2475594E+21 -0.1384504E+22  0.1935749E+22
  0.3258829E+23 -0.1216540E+23 -0.3235530E+22  0.1135354E+22  0.6039210E+21  0.8030992E+20
  0.1905542E+22  0.3922607E+23 -0.1113782E+23 -0.7388048E+22  0.9631242E+20  0.5482135E+21
 -0.2676652E+23 -0.9565292E+21  0.1873879E+23  0.1111066E+22 -0.2954133E+22 -0.8642781E+21
  0.2785580E+20  0.1157236E+22 -0.3228664E+21  0.1201900E+23 -0.6706551E+22  0.9355569E+21
 -0.7825624E+21 -0.1642935E+23  0.5044208E+22 -0.3615002E+22  0.1158170E+23 -0.2949878E+22
  0.5496197E+22  0.2444587E+22 -0.7149901E+22  0.2718246E+21 -0.1590059E+22  0.2325294E+22
  0.3726719E+23 -0.1365446E+23 -0.3828499E+22  0.1250726E+22  0.7013687E+21  0.9832648E+20
  0.1991016E+22  0.4526423E+23 -0.1254091E+23 -0.8359081E+22 -0.6503757E+20  0.6389178E+21
 -0.3095830E+23 -0.9934516E+21  0.2195461E+23  0.1220991E+22 -0.3388350E+22 -0.1046030E+22
  0.2659272E+20  0.1218874E+22 -0.3322700E+21  0.1396673E+23 -0.7614776E+22  0.1037910E+22
 -0.8269803E+21 -0.1913031E+23  0.5710455E+22 -0.4080173E+22  0.1357911E+23 -0.3398510E+22
  0.6429359E+22  0.2768312E+22 -0.8458486E+22  0.2979905E+21 -0.1821000E+22  0.2782003E+22
  0.4258572E+23 -0.1530720E+23 -0.4501511E+22  0.1375521E+22  0.8090213E+21  0.1189577E+21
  0.2087238E+22  0.5215911E+23 -0.1410110E+23 -0.9441566E+22 -0.2621036E+21  0.7394460E+21
 -0.3575479E+23 -0.1028616E+22  0.2565053E+23  0.1339747E+22 -0.3876352E+22 -0.1255814E+22
  0.2557526E+20  0.1287421E+22 -0.3428626E+21  0.1620171E+23 -0.8629598E+22  0.1149106E+22
 -0.8762181E+21 -0.2223644E+23  0.6455592E+22 -0.4598005E+22  0.1588033E+23 -0.3903096E+22
  0.7504892E+22  0.3129401E+22 -0.9974733E+22  0.3262256E+21 -0.2079640E+22  0.3314348E+22
  0.4862729E+23 -0.1713760E+23 -0.5261448E+22  0.1509942E+22  0.9271400E+21  0.1423215E+21
  0.2196921E+22  0.6002596E+23 -0.1583360E+23 -0.1064562E+23 -0.4991773E+21  0.8501635E+21
 -0.4123054E+23 -0.1065104E+22  0.2988474E+23  0.1467949E+22 -0.4422371E+22 -0.1496084E+22
  0.2481354E+20  0.1364694E+22 -0.3549863E+21  0.1876385E+23 -0.9761763E+22  0.1269622E+22
 -0.9313725E+21 -0.2579998E+23  0.7286869E+22 -0.5174780E+22  0.1852443E+23 -0.4468461E+22
  0.8739731E+22  0.3531668E+22 -0.1172384E+23  0.3567810E+21 -0.2368763E+22  0.3931710E+22
  0.5548717E+23 -0.1916040E+23 -0.6115615E+22  0.1654080E+22  0.1055898E+22  0.1685108E+21
  0.2327067E+22  0.6899794E+23 -0.1775805E+23 -0.1198229E+23 -0.7806104E+21  0.9715502E+21
 -0.4747276E+23 -0.1108644E+22  0.3472508E+23  0.1606584E+22 -0.5031016E+22 -0.1769471E+22
  0.2439861E+20  0.1455272E+22 -0.3696868E+21  0.2170016E+23 -0.1102511E+23  0.1400370E+22
 -0.9954760E+21 -0.2988304E+23  0.8215012E+22 -0.5819110E+22  0.2155813E+23 -0.5100950E+22
  0.1015398E+23  0.3980552E+22 -0.1373561E+23  0.3901128E+21 -0.2692308E+22  0.4645146E+22
  0.6327266E+23 -0.2139077E+23 -0.7071542E+22  0.1807910E+22  0.1195349E+22  0.1975842E+21
  0.2487121E+22  0.7922696E+23 -0.1989709E+23 -0.1346331E+23 -0.1110975E+22  0.1104112E+22
 -0.5457946E+23 -0.1167280E+22  0.4024790E+23  0.1756830E+22 -0.5707017E+22 -0.2078675E+22
  0.2444094E+20  0.1565389E+22 -0.3883257E+21  0.2506495E+23 -0.1243571E+23  0.1542462E+22
 -0.1072705E+22 -0.3455647E+23  0.9252830E+22 -0.6541459E+22  0.2503503E+23 -0.5807882E+22
  0.1177016E+23  0.4482625E+22 -0.1604360E+23  0.4267980E+21 -0.3055074E+22  0.5467152E+22
  0.7210499E+23 -0.2384446E+23 -0.8136880E+22  0.1971286E+22  0.1345396E+22  0.2295570E+21
  0.2687081E+22  0.9088623E+23 -0.2227477E+23 -0.1510108E+23 -0.1495257E+22  0.1248273E+22
 -0.6265879E+23 -0.1250848E+22  0.4653737E+23  0.1919857E+22 -0.6455023E+22 -0.2426334E+22
  0.2503434E+20  0.1701772E+22 -0.4122232E+21  0.2892055E+23 -0.1401095E+23  0.1696948E+22
 -0.1167528E+22 -0.3989918E+23  0.1041370E+23 -0.7353556E+22  0.2901508E+23 -0.6596895E+22
  0.1361252E+23  0.5045027E+22 -0.1868420E+23  0.4674426E+21 -0.3462337E+22  0.6411365E+22
  0.8212048E+23 -0.2653749E+23 -0.9319317E+22  0.2143918E+22  0.1505783E+22  0.2643971E+21
  0.2937566E+22  0.1041725E+24 -0.2491643E+23 -0.1690852E+23 -0.1938881E+22  0.1404344E+22
 -0.7182982E+23 -0.1371033E+22  0.5368620E+23  0.2096787E+22 -0.7279546E+22 -0.2814983E+22
  0.2627022E+20  0.1871688E+22 -0.4426667E+21  0.3333827E+23 -0.1576945E+23  0.1864790E+22
 -0.1284727E+22 -0.4599891E+23  0.1171147E+23 -0.8268405E+22  0.3356513E+23 -0.7475882E+22
  0.1570718E+23  0.5675436E+22 -0.2169684E+23  0.5126729E+21 -0.3919834E+22  0.7492641E+22
  0.9347526E+23 -0.2948683E+23 -0.1062690E+23  0.2325410E+22  0.1676131E+22  0.3020343E+21
  0.3251060E+22  0.1193130E+24 -0.2785026E+23 -0.1889956E+23 -0.2447755E+22  0.1572598E+22
 -0.8222747E+23 -0.1541952E+22  0.6179944E+23  0.2288801E+22 -0.8185243E+22 -0.3247197E+22
  0.2826789E+20  0.2083764E+22 -0.4811010E+21  0.3840110E+23 -0.1773215E+23  0.2047006E+22
 -0.1429931E+22 -0.5295597E+23  0.1316166E+23 -0.9301008E+22  0.3876186E+23 -0.8453569E+22
  0.1808328E+23  0.6382587E+22 -0.2512575E+23  0.5631918E+21 -0.4434133E+22  0.8727725E+22
  0.1063427E+24 -0.3270853E+23 -0.1206741E+23  0.2515095E+22  0.1855827E+22  0.3423425E+21
  0.3642411E+22  0.1365634E+24 -0.3110617E+23 -0.2108801E+23 -0.3028181E+22  0.1753186E+22
 -0.9400036E+23 -0.1780524E+22  0.7099316E+23  0.2497012E+22 -0.9176459E+22 -0.3725424E+22
  0.3118962E+20  0.2348353E+22 -0.5291791E+21  0.4420351E+23 -0.1992168E+23  0.2244581E+22
 -0.1609833E+22 -0.6088245E+23  0.1478110E+23 -0.1046819E+23  0.4469138E+23 -0.9539222E+22
  0.2077262E+23  0.7176110E+22 -0.2901957E+23  0.6197647E+21 -0.5012550E+22  0.1013516E+23
  0.1209208E+24 -0.3621918E+23 -0.1364896E+23  0.2712167E+22  0.2044124E+22  0.3851574E+21
  0.4128935E+22  0.1562186E+24 -0.3471715E+23 -0.2348855E+23 -0.3687023E+22  0.1946202E+22
 -0.1073170E+24 -0.2106620E+22  0.8139939E+23  0.2722541E+22 -0.1025766E+23 -0.4252161E+22
  0.3524644E+20  0.2677662E+22 -0.5887439E+21  0.5085530E+23 -0.2236335E+23  0.2458542E+22
 -0.1832212E+22 -0.6990669E+23  0.1658863E+23 -0.1178920E+23  0.5145271E+23 -0.1074309E+23
  0.2381093E+23  0.8066858E+22 -0.3343327E+23  0.6832386E+21 -0.5663394E+22  0.1173603E+23
  0.1374326E+24 -0.4003490E+23 -0.1537956E+23  0.2915598E+22  0.2240077E+22  0.4302672E+21
  0.4730535E+22  0.1786148E+24 -0.3871856E+23 -0.2611611E+23 -0.4431690E+22  0.2151614E+22
 -0.1223661E+24 -0.2543257E+22  0.9316651E+23  0.2966398E+22 -0.1143316E+23 -0.4829858E+22
  0.4070714E+20  0.3085886E+22 -0.6618057E+21  0.5848295E+23 -0.2508475E+23  0.2689864E+22
 -0.2105966E+22 -0.8017401E+23  0.1860471E+23 -0.1328557E+23  0.5915852E+23 -0.1207620E+23
  0.2723782E+23  0.9066751E+22 -0.3842832E+23  0.7545206E+21 -0.6395888E+22  0.1355410E+23
  0.1561306E+24 -0.4417097E+23 -0.1726710E+23  0.3124106E+22  0.2442521E+22  0.4774092E+21
  0.5470253E+22  0.2041365E+24 -0.4314828E+23 -0.2898561E+23 -0.5270157E+22  0.2369243E+22
 -0.1393594E+24 -0.3117084E+22  0.1064620E+24  0.3229449E+22 -0.1270708E+23 -0.5460899E+22
  0.4791447E+20  0.3589657E+22 -0.7505809E+21  0.6723251E+23 -0.2811602E+23  0.2939465E+22
 -0.2441325E+22 -0.9184958E+23  0.2085172E+23 -0.1498150E+23  0.6793755E+23 -0.1355043E+23
  0.3109744E+23  0.1018891E+23 -0.4407386E+23  0.8345861E+21 -0.7220285E+22  0.1561628E+23
  0.1772982E+24 -0.4864166E+23 -0.1931917E+23  0.3336202E+22  0.2650101E+22  0.5262747E+21
  0.6374109E+22  0.2332211E+24 -0.4804646E+23 -0.3211198E+23 -0.6210901E+22  0.2598753E+22
 -0.1585338E+24 -0.3858263E+22  0.1214742E+24  0.3512370E+22 -0.1408335E+23 -0.6147597E+22
  0.5728944E+20  0.4208024E+22 -0.8574248E+21  0.7727193E+23 -0.3148978E+23  0.3208171E+22
 -0.2849751E+22 -0.1051202E+24  0.2335378E+23 -0.1690382E+23  0.7793638E+23 -0.1517847E+23
  0.3543883E+23  0.1144758E+23 -0.5044740E+23  0.9244599E+21 -0.8147853E+22  0.1795305E+23
  0.2012606E+24 -0.5346058E+23 -0.2154331E+23  0.3550166E+22  0.2861261E+22  0.5765092E+21
  0.7472192E+22  0.2663757E+24 -0.5345679E+23 -0.3551032E+23 -0.7263078E+22  0.2839654E+22
 -0.1801593E+24 -0.4801467E+22  0.1384192E+24  0.3815651E+22 -0.1556580E+23 -0.6892259E+22
  0.6935492E+20  0.4963281E+22 -0.9849199E+21  0.8879743E+23 -0.3524216E+23  0.3496750E+22
 -0.3344383E+22 -0.1202012E+24  0.2613760E+23 -0.1908291E+23  0.8932476E+23 -0.1697426E+23
  0.4031761E+23  0.1285854E+23 -0.5763760E+23  0.1025247E+22 -0.9191212E+22  0.2059951E+23
  0.2283773E+24 -0.5863816E+23 -0.2394589E+23  0.3763984E+22  0.3074174E+22  0.6276956E+21
  0.8797624E+22  0.3041694E+24 -0.5942340E+23 -0.3919427E+23 -0.8436081E+22  0.3091161E+22
 -0.2045327E+24 -0.5985123E+22  0.1575362E+24  0.4139362E+22 -0.1715752E+23 -0.7696860E+22
  0.8472625E+20  0.5880411E+22 -0.1135680E+22  0.1020322E+24 -0.3941085E+23  0.3805697E+22
 -0.3939538E+22 -0.1373325E+24  0.2923080E+23 -0.2155154E+23  0.1022936E+24 -0.1895205E+23
  0.4579443E+23  0.1443829E+23 -0.6574237E+23  0.1138044E+22 -0.1036379E+23  0.2359490E+23
  0.2590589E+24 -0.6418317E+23 -0.2653277E+23  0.3975427E+22  0.3286815E+22  0.6793706E+21
  0.1038787E+23  0.3472593E+24 -0.6599337E+23 -0.4317705E+23 -0.9739822E+22  0.3352274E+22
 -0.2319911E+24 -0.7452475E+22  0.1790990E+24  0.4483248E+22 -0.1886132E+23 -0.8563260E+22
  0.1041344E+21  0.6988086E+22 -0.1312452E+22  0.1172363E+24 -0.4403695E+23  0.4135350E+22
 -0.4651245E+22 -0.1567897E+24  0.3266344E+23 -0.2434624E+23  0.1170633E+24 -0.2112720E+23
  0.5193786E+23  0.1620477E+23 -0.7487344E+23  0.1263985E+22 -0.1168037E+23  0.2698432E+23
  0.2937673E+24 -0.7010142E+23 -0.2930872E+23  0.4182059E+22  0.3496956E+22  0.7310215E+21
  0.1228420E+23  0.3963942E+24 -0.7321506E+23 -0.4747047E+23 -0.1118443E+23  0.3621709E+22
 -0.2629116E+24 -0.9251127E+22  0.2034165E+24  0.4846593E+22 -0.2067940E+23 -0.9493037E+22
  0.1284193E+21  0.8318471E+22 -0.1517971E+22  0.1347091E+24 -0.4916397E+23  0.4485770E+22
 -0.5496968E+22 -0.1788848E+24  0.3646710E+23 -0.2750679E+23  0.1338855E+24 -0.2351574E+23
  0.5882422E+23  0.1817689E+23 -0.8515658E+23  0.1404181E+22 -0.1315684E+23  0.3081912E+23
  0.3330232E+24 -0.7639508E+23 -0.3227710E+23  0.4381232E+22  0.3702161E+22  0.7820858E+21
  0.1453214E+23  0.4524288E+24 -0.8113790E+23 -0.5208446E+23 -0.1278012E+23  0.3897874E+22
 -0.2977178E+24 -0.1143336E+23  0.2308381E+24  0.5228155E+22 -0.2261322E+23 -0.1048741E+23
  0.1585348E+21  0.9907687E+22 -0.1754942E+22  0.1547961E+24 -0.5483787E+23  0.4856698E+22
 -0.6495757E+22 -0.2039719E+24  0.4067500E+23 -0.3107638E+23  0.1530484E+24 -0.2613434E+23
  0.6653881E+23  0.2037454E+23 -0.9673385E+23  0.1559698E+22 -0.1481021E+23  0.3515782E+23
  0.3774114E+24 -0.8306160E+23 -0.3543939E+23  0.4570099E+22  0.3899793E+22  0.8319506E+21
  0.1718136E+23  0.5163356E+24 -0.8981124E+23 -0.5702623E+23 -0.1453687E+23  0.4178819E+22
 -0.3368825E+24 -0.1405597E+23  0.2617578E+24  0.5626069E+22 -0.2466320E+23 -0.1154708E+23
  0.1955420E+21  0.1179592E+23 -0.2025932E+22  0.1778950E+24 -0.6110640E+23  0.5247465E+22
 -0.7668158E+22 -0.2324516E+24  0.4532148E+23 -0.3510137E+23  0.1748802E+24 -0.2900001E+23
  0.7517648E+23  0.2281830E+23 -0.1097651E+24  0.1731508E+22 -0.1665849E+23  0.4006699E+23
  0.4276002E+24 -0.9009593E+23 -0.3879606E+23  0.4745833E+22  0.4087191E+22  0.8799895E+21
  0.2028588E+23  0.5892369E+24 -0.9928652E+23 -0.6230164E+23 -0.1646466E+23  0.4462374E+22
 -0.3809455E+24 -0.1718026E+23  0.2966287E+24  0.6037976E+22 -0.2682941E+23 -0.1267255E+23
  0.2405968E+21  0.1402776E+23 -0.2333308E+22  0.2044686E+24 -0.6802060E+23  0.5657107E+22
 -0.9036263E+22 -0.2647847E+24  0.5044314E+23 -0.3963222E+23  0.1997618E+24 -0.3213088E+23
  0.8484532E+23  0.2552990E+23 -0.1244341E+24  0.1920482E+22 -0.1872106E+23  0.4562373E+23
  0.4843285E+24 -0.9748427E+23 -0.4234388E+23  0.4905340E+22  0.4261429E+22  0.9255106E+21
  0.2390329E+23  0.6723928E+24 -0.1096108E+24 -0.6791076E+23 -0.1857222E+23  0.4745853E+22
 -0.4304999E+24 -0.2087121E+23  0.3359541E+24  0.6460607E+22 -0.2910977E+23 -0.1386325E+23
  0.2949275E+21  0.1665182E+23 -0.2679053E+22  0.2350434E+24 -0.7563062E+23  0.6083972E+22
 -0.1062333E+23 -0.3014846E+24  0.5607579E+23 -0.4472114E+23  0.2281219E+24 -0.3554414E+23
  0.9566349E+23  0.2853067E+23 -0.1409443E+24  0.2127245E+22 -0.2101761E+23  0.5191453E+23
  0.5484379E+24 -0.1052094E+24 -0.4607800E+23  0.5045700E+22  0.4419678E+22  0.9678317E+21
  0.2809466E+23  0.7672521E+24 -0.1208315E+24 -0.7385123E+23 -0.2086761E+23  0.5026360E+22
 -0.4862205E+24 -0.2519716E+23  0.3803110E+24  0.6890135E+22 -0.3150163E+23 -0.1511822E+23
  0.3597992E+21  0.1972092E+23 -0.3064670E+22  0.2702303E+24 -0.8398867E+23  0.6526004E+22
 -0.1245374E+23 -0.3431401E+24  0.6225662E+23 -0.5042363E+23  0.2604560E+24 -0.3925767E+23
  0.1077654E+24  0.3184246E+23 -0.1595293E+24  0.2352199E+22 -0.2356882E+23  0.5903936E+23
  0.6208747E+24 -0.1132465E+24 -0.4999027E+23  0.5163993E+22  0.4559070E+22  0.1006252E+22
  0.3292437E+23  0.8754620E+24 -0.1329921E+24 -0.8011524E+23 -0.2335729E+23  0.5300625E+22
 -0.5488639E+24 -0.3022926E+23  0.4303525E+24  0.7321942E+22 -0.3400052E+23 -0.1643556E+23
  0.4364866E+21  0.2329205E+23 -0.3491074E+22  0.3107310E+24 -0.9314637E+23  0.6980511E+22
 -0.1455285E+23 -0.3904177E+24  0.6902248E+23 -0.5679705E+23  0.2973302E+24 -0.4328870E+23
  0.1213013E+24  0.3548675E+23 -0.1804528E+24  0.2595416E+22 -0.2639578E+23  0.6711227E+23
  0.7027040E+24 -0.1215646E+24 -0.5406948E+23  0.5257533E+22  0.4676888E+22  0.1040093E+22
  0.3845847E+23  0.9988963E+24 -0.1461317E+24 -0.8669001E+23 -0.2604588E+23  0.5565121E+22
 -0.6192808E+24 -0.3603976E+23  0.4868192E+24  0.7750730E+22 -0.3660057E+23 -0.1781251E+23
  0.5262010E+21  0.2742546E+23 -0.3958353E+22  0.3573520E+24 -0.1031542E+24  0.7444188E+22
 -0.1694639E+23 -0.4440728E+24  0.7640937E+23 -0.6389983E+23  0.3393924E+24 -0.4765383E+23
  0.1364403E+24  0.3948417E+23 -0.2040143E+24  0.2856560E+22 -0.2951962E+23  0.7626377E+23
  0.7951209E+24 -0.1301244E+24 -0.5830053E+23  0.5323833E+22  0.4770546E+22  0.1068690E+22
  0.4476415E+23  0.1139679E+25 -0.1602829E+24 -0.9355604E+23 -0.2893540E+23  0.5816034E+22
 -0.6984243E+24 -0.4270099E+23  0.5505485E+24  0.8170474E+22 -0.3929376E+23 -0.1924517E+23
  0.6300393E+21  0.3218425E+23 -0.4465651E+22  0.4110165E+24 -0.1140593E+24  0.7913014E+22
 -0.1966014E+23 -0.5049595E+24  0.8445125E+23 -0.7179013E+23  0.3873815E+24 -0.5236809E+23
  0.1533718E+24  0.4385386E+23 -0.2305518E+24  0.3134802E+22 -0.3296104E+23  0.8664262E+23
  0.8994918E+24 -0.1388826E+24 -0.6266613E+23  0.5360910E+22  0.4837863E+22  0.1091462E+22
  0.5190940E+23  0.1300254E+25 -0.1754745E+24 -0.1006898E+24 -0.3202576E+23  0.6049523E+22
 -0.7873859E+24 -0.5028471E+23  0.6225051E+24  0.8574776E+22 -0.4207123E+23 -0.2072903E+23
  0.7489190E+21  0.3763428E+23 -0.5011114E+22  0.4727944E+24 -0.1259079E+24  0.8382503E+22
 -0.2271990E+23 -0.5740591E+24  0.9318176E+23 -0.8052666E+23  0.4421529E+24 -0.5744623E+23
  0.1723130E+24  0.4861414E+23 -0.2604556E+24  0.3428839E+22 -0.3674077E+23  0.9842137E+23
  0.1017325E+25 -0.1477843E+24 -0.6714326E+23  0.5367065E+22  0.4876867E+22  0.1107860E+22
  0.5995868E+23  0.1483351E+25 -0.1917207E+24 -0.1080577E+24 -0.3531247E+23  0.6261470E+22
 -0.8873692E+24 -0.5885756E+23  0.7037636E+24  0.8956506E+22 -0.4492082E+23 -0.2225779E+23
  0.8834547E+21  0.4384090E+23 -0.5591470E+22  0.5438944E+24 -0.1387366E+24  0.8847237E+22
 -0.2614969E+23 -0.6524650E+24  0.1026281E+24 -0.9016282E+23  0.5046695E+24 -0.6289894E+23
  0.1935035E+24  0.5377924E+23 -0.2941602E+24  0.3736633E+22 -0.4087707E+23  0.1117941E+24
