  0.8125001E+17 -0.1287521E+18  0.3630326E+17  0.5100650E+17 -0.2876383E+17  0.4055160E+16
  0.1425077E+18 -0.9205468E+17 -0.3035794E+17 -0.1652555E+17  0.5393784E+17 -0.1389462E+17
 -0.1933480E+18  0.2123555E+18 -0.9689924E+16 -0.4687518E+17 -0.1332960E+17  0.7485154E+16
  0.6248754E+17  0.1829111E+17 -0.5454304E+17  0.1338525E+16 -0.7982812E+16  0.1190215E+17
 -0.1695605E+18  0.2706668E+17  0.1033843E+18  0.7593526E+16 -0.1834305E+17 -0.1282358E+17
  0.1150259E+18 -0.7039277E+17 -0.3986527E+17  0.1076962E+17  0.1219823E+17  0.3454090E+16
  0.8507126E+17 -0.1333658E+18  0.3759493E+17  0.5226920E+17 -0.2946869E+17  0.4153514E+16
  0.1488367E+18 -0.9490464E+17 -0.3087629E+17 -0.1705699E+17  0.5478907E+17 -0.1408926E+17
 -0.2004014E+18  0.2175177E+18 -0.1006553E+17 -0.4737066E+17 -0.1346622E+17  0.7560295E+16
  0.6509942E+17  0.1903566E+17 -0.5577877E+17  0.1391550E+16 -0.8155111E+16  0.1194815E+17
 -0.1753065E+18  0.2723523E+17  0.1050343E+18  0.7729226E+16 -0.1827234E+17 -0.1282275E+17
  0.1180209E+18 -0.7118131E+17 -0.4030049E+17  0.1073280E+17  0.1215311E+17  0.3440344E+16
  0.9430210E+17 -0.1461777E+18  0.4117359E+17  0.5664748E+17 -0.3191158E+17  0.4494238E+16
  0.1644132E+18 -0.1033306E+18 -0.3327770E+17 -0.1867699E+17  0.5887109E+17 -0.1510033E+17
 -0.2197398E+18  0.2355558E+18 -0.1098764E+17 -0.5056932E+17 -0.1441995E+17  0.8073656E+16
  0.7166253E+17  0.2100693E+17 -0.6029824E+17  0.1539477E+16 -0.8837819E+16  0.1268403E+17
 -0.1915553E+18  0.2880185E+17  0.1128287E+18  0.8336493E+16 -0.1920375E+17 -0.1356347E+17
  0.1280077E+18 -0.7601773E+17 -0.4308839E+17  0.1128583E+17  0.1279408E+17  0.3625972E+16
  0.1048577E+18 -0.1606500E+18  0.4519216E+17  0.6153199E+17 -0.3461891E+17  0.4869293E+16
  0.1819706E+18 -0.1125213E+18 -0.3603658E+17 -0.2058731E+17  0.6343569E+17 -0.1621582E+17
 -0.2414884E+18  0.2555153E+18 -0.1193568E+17 -0.5402560E+17 -0.1552283E+17  0.8641982E+16
  0.7894817E+17  0.2331955E+17 -0.6529456E+17  0.1722020E+16 -0.9643285E+16  0.1350056E+17
 -0.2095401E+18  0.3024884E+17  0.1214485E+18  0.9037914E+16 -0.2016685E+17 -0.1438985E+17
  0.1390376E+18 -0.8121108E+17 -0.4617921E+17  0.1185873E+17  0.1348651E+17  0.3834430E+16
  0.1169500E+18 -0.1770261E+18  0.4971264E+17  0.6699065E+17 -0.3762476E+17  0.5282912E+16
  0.2017717E+18 -0.1225201E+18 -0.3921790E+17 -0.2284901E+17  0.6855501E+17 -0.1744980E+17
 -0.2659691E+18  0.2776085E+18 -0.1289893E+17 -0.5775571E+17 -0.1680182E+17  0.9272945E+16
  0.8702825E+17  0.2604297E+17 -0.7082457E+17  0.1948322E+16 -0.1059703E+17  0.1440946E+17
 -0.2294358E+18  0.3150010E+17  0.1309954E+18  0.9849591E+16 -0.2115490E+17 -0.1531457E+17
  0.1512175E+18 -0.8677384E+17 -0.4961146E+17  0.1244846E+17  0.1423439E+17  0.4069134E+16
  0.1308798E+18 -0.1956484E+18  0.5482076E+17  0.7311729E+17 -0.4097498E+17  0.5740603E+16
  0.2242294E+18 -0.1334560E+18 -0.4289568E+17 -0.2551821E+17  0.7431209E+17 -0.1881878E+17
 -0.2936751E+18  0.3021892E+18 -0.1387525E+17 -0.6180248E+17 -0.1828300E+17  0.9975156E+16
  0.9604006E+17  0.2924600E+17 -0.7697310E+17  0.2226488E+16 -0.1171988E+17  0.1542288E+17
 -0.2515689E+18  0.3252706E+17  0.1416130E+18  0.1078465E+17 -0.2217205E+17 -0.1635022E+17
  0.1647410E+18 -0.9276768E+17 -0.5343696E+17  0.1305966E+17  0.1504551E+17  0.4333331E+16
  0.1469926E+18 -0.2169053E+18  0.6061326E+17  0.8001745E+17 -0.4472107E+17  0.6248558E+16
  0.2497901E+18 -0.1454402E+18 -0.4716031E+17 -0.2866946E+17  0.8080502E+17 -0.2034182E+17
 -0.3251452E+18  0.3296281E+18 -0.1485637E+17 -0.6620568E+17 -0.1999905E+17  0.1075865E+17
  0.1061194E+18  0.3301601E+17 -0.8382962E+17  0.2567995E+16 -0.1304059E+17  0.1655541E+17
 -0.2762657E+18  0.3326700E+17  0.1534557E+18  0.1186042E+17 -0.2321724E+17 -0.1751208E+17
  0.1798039E+18 -0.9924359E+17 -0.5771217E+17  0.1369449E+17  0.1592725E+17  0.4631010E+16
  0.1656979E+18 -0.2412506E+18  0.6720241E+17  0.8781320E+17 -0.4892222E+17  0.6813850E+16
  0.2789600E+18 -0.1585760E+18 -0.5212217E+17 -0.3239681E+17  0.8814985E+17 -0.2204106E+17
 -0.3609941E+18  0.3603349E+18 -0.1582808E+17 -0.7100545E+17 -0.2198991E+17  0.1163513E+17
  0.1174104E+18  0.3746068E+17 -0.9149336E+17  0.2988029E+16 -0.1459583E+17  0.1782430E+17
 -0.3038750E+18  0.3362734E+17  0.1666969E+18  0.1309798E+17 -0.2428537E+17 -0.1881834E+17
  0.1966180E+18 -0.1062486E+18 -0.6250095E+17  0.1435369E+17  0.1688717E+17  0.4966953E+16
  0.1875096E+18 -0.2692471E+18  0.7472594E+17  0.9665371E+17 -0.5364989E+17  0.7444906E+16
  0.3123716E+18 -0.1729971E+18 -0.5791489E+17 -0.3681087E+17  0.9648425E+17 -0.2394250E+17
 -0.4019886E+18  0.3948192E+18 -0.1677381E+17 -0.7625355E+17 -0.2430210E+17  0.1261827E+17
  0.1300947E+18  0.4270675E+17 -0.1000851E+18  0.3504883E+16 -0.1642770E+17  0.1924952E+17
 -0.3348356E+18  0.3350786E+17  0.1815461E+18  0.1452070E+17 -0.2537211E+17 -0.2028992E+17
  0.2154487E+18 -0.1138473E+18 -0.6788007E+17  0.1503978E+17  0.1793458E+17  0.5346637E+16
  0.2129914E+18 -0.3015040E+18  0.8333204E+17  0.1066999E+18 -0.5898110E+17  0.8150831E+16
  0.3506354E+18 -0.1887410E+18 -0.6470612E+17 -0.4206585E+17  0.1059730E+18 -0.2607624E+17
 -0.4488930E+18  0.4335479E+18 -0.1765710E+17 -0.8198162E+17 -0.2699706E+17  0.1372426E+17
  0.1443076E+18  0.4892067E+17 -0.1097207E+18  0.4146058E+16 -0.1859781E+17  0.2085586E+17
 -0.3694931E+18  0.3271132E+17  0.1982149E+18  0.1616040E+17 -0.2645678E+17 -0.2195341E+17
  0.2365176E+18 -0.1220580E+18 -0.7392982E+17  0.1574741E+17  0.1907623E+17  0.5777179E+16
  0.2427353E+18 -0.3386583E+18  0.9317464E+17  0.1181219E+18 -0.6499748E+17  0.8941338E+16
  0.3942608E+18 -0.2056852E+18 -0.7270724E+17 -0.4837509E+17  0.1168148E+18 -0.2847733E+17
 -0.5023994E+18  0.4768899E+18 -0.1841288E+17 -0.8819061E+17 -0.3015563E+17  0.1497234E+17
  0.1600937E+18  0.5631754E+17 -0.1204995E+18  0.4952827E+16 -0.2119457E+17  0.2267442E+17
 -0.4080090E+18  0.3090571E+17  0.2169045E+18  0.1805858E+17 -0.2749560E+17 -0.2384276E+17
  0.2599593E+18 -0.1308307E+18 -0.8073116E+17  0.1646092E+17  0.2031494E+17  0.6267827E+16
  0.2775918E+18 -0.3816203E+18  0.1044701E+18  0.1311585E+18 -0.7181031E+17  0.9829181E+16
  0.4441098E+18 -0.2238583E+18 -0.8216970E+17 -0.5596104E+17  0.1292446E+18 -0.3118743E+17
 -0.5636215E+18  0.5255328E+18 -0.1898520E+17 -0.9493529E+17 -0.3386282E+17  0.1638465E+17
  0.1776291E+18  0.6512454E+17 -0.1325800E+18  0.5969186E+16 -0.2430404E+17  0.2473898E+17
 -0.4508596E+18  0.2783094E+17  0.2379101E+18  0.2025289E+17 -0.2846228E+17 -0.2599378E+17
  0.2860938E+18 -0.1402115E+18 -0.8839604E+17  0.1717905E+17  0.2166098E+17  0.6828057E+16
  0.3187609E+18 -0.4316547E+18  0.1175140E+18  0.1461329E+18 -0.7956667E+17  0.1083065E+17
  0.5015174E+18 -0.2434840E+18 -0.9339493E+17 -0.6505713E+17  0.1435397E+18 -0.3425566E+17
 -0.6342275E+18  0.5805646E+18 -0.1932838E+17 -0.1023345E+18 -0.3820899E+17  0.1798657E+17
  0.1972636E+18  0.7558653E+17 -0.1461937E+18  0.7240721E+16 -0.2800890E+17  0.2708634E+17
 -0.4989259E+18  0.2330917E+17  0.2616408E+18  0.2277923E+17 -0.2935125E+17 -0.2844437E+17
  0.3154751E+18 -0.1503594E+18 -0.9707419E+17  0.1791580E+17  0.2313339E+17  0.7467624E+16
  0.3676951E+18 -0.4902642E+18  0.1326520E+18  0.1634228E+18 -0.8843540E+17  0.1196409E+17
  0.5680063E+18 -0.2647304E+18 -0.1067591E+18 -0.7596311E+17  0.1600333E+18 -0.3773937E+17
 -0.7161478E+18  0.6431951E+18 -0.1936930E+17 -0.1105071E+18 -0.4330822E+17  0.1980817E+17
  0.2193606E+18  0.8800872E+17 -0.1615973E+18  0.8827401E+16 -0.3241688E+17  0.2976115E+17
 -0.5531438E+18  0.1706820E+17  0.2885606E+18  0.2568327E+17 -0.3014379E+17 -0.3124132E+17
  0.3487045E+18 -0.1614220E+18 -0.1069383E+18  0.1868133E+17  0.2475190E+17  0.8198780E+16
  0.4258967E+18 -0.5589821E+18  0.1502300E+18  0.1834136E+18 -0.9858712E+17  0.1324796E+17
  0.6448080E+18 -0.2873580E+18 -0.1227382E+18 -0.8911212E+17  0.1791258E+18 -0.4170463E+17
 -0.8110907E+18  0.7143561E+18 -0.1896135E+17 -0.1194916E+18 -0.4931883E+17  0.2188562E+17
  0.2440600E+18  0.1027944E+18 -0.1790021E+18  0.1082386E+17 -0.3769649E+17  0.3282160E+17
 -0.6139961E+18  0.8535371E+16  0.3190992E+18  0.2902770E+17 -0.3076547E+17 -0.3444802E+17
  0.3861665E+18 -0.1733839E+18 -0.1181603E+18  0.1946181E+17  0.2652625E+17  0.9038758E+16
  0.4952081E+18 -0.6396678E+18  0.1706620E+18  0.2065671E+18 -0.1102233E+18  0.1470368E+17
  0.7333878E+18 -0.3110496E+18 -0.1419122E+18 -0.1050258E+18  0.2012944E+18 -0.4622906E+17
 -0.9211148E+18  0.7951605E+18 -0.1792174E+17 -0.1293340E+18 -0.5642987E+17  0.2426151E+17
  0.2715311E+18  0.1204135E+18 -0.1986607E+18  0.1334967E+17 -0.4404913E+17  0.3633659E+17
 -0.6820712E+18 -0.2952786E+16  0.3537716E+18  0.3287890E+17 -0.3112686E+17 -0.3813967E+17
  0.4283313E+18 -0.1862396E+18 -0.1309467E+18  0.2024437E+17  0.2846800E+17  0.1000805E+17
  0.5780418E+18 -0.7347296E+18  0.1944787E+18  0.2334725E+18 -0.1235977E+18  0.1635780E+17
  0.8357668E+18 -0.3355647E+18 -0.1649829E+18 -0.1243057E+18  0.2271075E+18 -0.5140481E+17
 -0.1048997E+19  0.8871735E+18 -0.1604686E+17 -0.1401357E+18 -0.6485756E+17  0.2698576E+17
  0.3021001E+18  0.1413998E+18 -0.2209107E+18  0.1654576E+17 -0.5169930E+17  0.4038524E+17
 -0.7583508E+18 -0.1806872E+17  0.3932425E+18  0.3730561E+17 -0.3114269E+17 -0.4240173E+17
  0.4759149E+18 -0.2000762E+18 -0.1455583E+18  0.2102818E+17  0.3059659E+17  0.1112973E+17
  0.6775863E+18 -0.8473087E+18  0.2223645E+18  0.2648859E+18 -0.1390313E+18  0.1824343E+17
  0.9547171E+18 -0.3607601E+18 -0.1928136E+18 -0.1476616E+18  0.2572540E+18 -0.5734291E+17
 -0.1198477E+19  0.9925484E+18 -0.1310353E+17 -0.1520659E+18 -0.7485499E+17  0.3011787E+17
  0.3362984E+18  0.1663798E+18 -0.2462005E+18  0.2057862E+17 -0.6090243E+17  0.4506019E+17
 -0.8443255E+18 -0.3751776E+17  0.4383712E+18  0.4238486E+17 -0.3073157E+17 -0.4733338E+17
  0.5299502E+18 -0.2150899E+18 -0.1623262E+18  0.2182454E+17  0.3294152E+17  0.1243031E+17
  0.7976237E+18 -0.9810952E+18  0.2551102E+18  0.3016923E+18 -0.1568957E+18  0.2039847E+17
  0.1093182E+19 -0.3861348E+18 -0.2264788E+18 -0.1760067E+18  0.2925699E+18 -0.6417534E+17
 -0.1373718E+19  0.1113584E+19 -0.8769161E+16 -0.1652733E+18 -0.8673931E+17  0.3372918E+17
  0.3745648E+18  0.1961149E+18 -0.2750001E+18  0.2567049E+17 -0.7199236E+17  0.5047527E+17
 -0.9413735E+18 -0.6228723E+17  0.4901055E+18  0.4821006E+17 -0.2976442E+17 -0.5305744E+17
  0.5914757E+18 -0.2314137E+18 -0.1816249E+18  0.2263504E+17  0.3553019E+17  0.1394293E+17
  0.9427161E+18 -0.1140499E+19  0.2936443E+18  0.3449439E+18 -0.1776255E+18  0.2286664E+17
  0.1254399E+19 -0.4108050E+18 -0.2673121E+18 -0.2104939E+18  0.3340693E+18 -0.7205904E+17
 -0.1579498E+19  0.1252836E+19 -0.2615382E+16 -0.1798955E+18 -0.1009038E+18  0.3790516E+17
  0.4172827E+18  0.2315157E+18 -0.3078240E+18  0.3211224E+17 -0.8539308E+17  0.5676945E+17
 -0.1050857E+19 -0.9365551E+17  0.5495263E+18  0.5488851E+17 -0.2806068E+17 -0.5972478E+17
  0.6616025E+18 -0.2491407E+18 -0.2038899E+18  0.2345483E+17  0.3838957E+17  0.1570849E+17
  0.1118564E+19 -0.1330981E+19  0.3390977E+18  0.3959343E+18 -0.2017464E+18  0.2569974E+17
  0.1442236E+19 -0.4335797E+18 -0.3169692E+18 -0.2525445E+18  0.3829848E+18 -0.8118160E+17
 -0.1821670E+19  0.1413419E+19  0.5898675E+16 -0.1961046E+18 -0.1178273E+18  0.4274815E+17
  0.4648915E+18  0.2736543E+18 -0.3452781E+18  0.4027104E+17 -0.1016225E+18  0.6411011E+17
 -0.1174397E+19 -0.1331526E+18  0.6179311E+18  0.6254214E+17 -0.2539959E+17 -0.6751749E+17
  0.7416833E+18 -0.2684019E+18 -0.2296478E+18  0.2428246E+17  0.4155271E+17  0.1777649E+17
  0.1332554E+19 -0.1559524E+19  0.3928873E+18  0.4562880E+18 -0.2299033E+18  0.2895951E+17
  0.1661731E+19 -0.4530712E+18 -0.3775127E+18 -0.3038826E+18  0.4408108E+18 -0.9176577E+17
 -0.2107835E+19  0.1599402E+19  0.1744485E+17 -0.2141547E+18 -0.1380871E+18  0.4837987E+17
  0.5180556E+18  0.3237983E+18 -0.3881265E+18  0.5059560E+17 -0.1212946E+18  0.7269596E+17
 -0.1314263E+19 -0.1825346E+18  0.6969465E+18  0.7131231E+17 -0.2153198E+17 -0.7665213E+17
  0.8335439E+18 -0.2894492E+18 -0.2595574E+18  0.2512791E+17  0.4506582E+17  0.2020590E+17
  0.1593871E+19 -0.1834698E+19  0.4567090E+18  0.5279782E+18 -0.2628579E+18  0.3271643E+17
  0.1918729E+19 -0.4672751E+18 -0.4515153E+18 -0.3666500E+18  0.5093547E+18 -0.1040734E+18
 -0.2447154E+19  0.1815598E+19  0.3289897E+17 -0.2343311E+18 -0.1623929E+18  0.5494469E+17
  0.5774498E+18  0.3834430E+18 -0.4372338E+18  0.6365426E+17 -0.1451678E+18  0.8276623E+17
 -0.1472963E+19 -0.2439808E+18  0.7884834E+18  0.8136462E+17 -0.1613856E+17 -0.8739153E+17
  0.9393106E+18 -0.3125550E+18 -0.2944065E+18  0.2600062E+17  0.4898179E+17  0.2306883E+17
  0.1914270E+19 -0.2167300E+19  0.5326440E+18  0.6134440E+18 -0.3015247E+18  0.3705193E+17
  0.2220569E+19 -0.4736393E+18 -0.5421989E+18 -0.4434775E+18  0.5908100E+18 -0.1184137E+18
 -0.2851238E+19  0.2068047E+19  0.5338679E+17 -0.2569984E+18 -0.1916160E+18  0.6261496E+17
  0.6439697E+18  0.4543775E+18 -0.4936616E+18  0.8015085E+17 -0.1741609E+18  0.9460919E+17
 -0.1653730E+19 -0.3201111E+18  0.8949065E+18  0.9289602E+17 -0.8834511E+16 -0.1000551E+18
  0.1061705E+19 -0.3380998E+18 -0.3351772E+18  0.2691696E+17  0.5336859E+17  0.2645364E+17
  0.2308095E+19 -0.2570336E+19  0.6231230E+18  0.7155931E+18 -0.3469605E+18  0.4205657E+17
  0.2575442E+19 -0.4684646E+18 -0.6535586E+18 -0.5376352E+18  0.6878200E+18 -0.1351495E+18
 -0.3333745E+19  0.2363660E+19  0.8038273E+17 -0.2825253E+18 -0.2268354E+18  0.7159585E+17
  0.7184391E+18  0.5387032E+18 -0.5585893E+18  0.1009832E+18 -0.2094220E+18  0.1085764E+18
 -0.1859947E+19 -0.4142301E+18  0.1018972E+19  0.1061326E+18  0.8914097E+15 -0.1150373E+18
  0.1203791E+19 -0.3664373E+18 -0.3830420E+18  0.2788615E+17  0.5829955E+17  0.3047066E+17
  0.2793815E+19 -0.3060236E+19  0.7311392E+18  0.8380162E+18 -0.4004308E+18  0.4783464E+17
  0.2994106E+19 -0.4473783E+18 -0.7905601E+18 -0.6530740E+18  0.8035733E+18 -0.1547084E+18
 -0.3912374E+19  0.2711348E+19  0.1157508E+18 -0.3114202E+18 -0.2693669E+18  0.8213215E+17
  0.8021893E+18  0.6389614E+18 -0.6335504E+18  0.1272367E+18 -0.2523184E+18  0.1250908E+18
 -0.2096428E+19 -0.5302351E+18  0.1164197E+19  0.1213464E+18  0.1363293E+17 -0.1328173E+18
  0.1369693E+19 -0.3981366E+18 -0.4394946E+18  0.2893218E+17  0.6387523E+17  0.3525526E+17
  0.3394294E+19 -0.3657011E+19  0.8602257E+18  0.9850155E+18 -0.4634034E+18  0.5450238E+17
  0.3489362E+19 -0.4046052E+18 -0.9593549E+18 -0.7946432E+18  0.9419167E+18 -0.1775949E+18
 -0.4608682E+19  0.3121719E+19  0.1619032E+18 -0.3442412E+18 -0.3208411E+18  0.9451769E+17
  0.8967731E+18  0.7582142E+18 -0.7203841E+18  0.1602660E+18 -0.3045394E+18  0.1446724E+18
 -0.2368882E+19 -0.6729748E+18  0.1334865E+19  0.1388552E+18  0.3015157E+17 -0.1539920E+18
  0.1564387E+19 -0.4338239E+18 -0.5063811E+18  0.3007619E+17  0.7021288E+17  0.4097800E+17
  0.4138392E+19 -0.4385366E+19  0.1014608E+19  0.1161770E+19 -0.5375793E+18  0.6218778E+17
  0.4077525E+19 -0.3331282E+18 -0.1167544E+19 -0.9681781E+18  0.1107447E+19 -0.2043964E+18
 -0.5449915E+19  0.3607928E+19  0.2219272E+18 -0.3816694E+18 -0.3832552E+18  0.1091010E+18
  0.1004388E+19  0.9002147E+18 -0.8214318E+18  0.2017114E+18 -0.3681170E+18  0.1679505E+18
 -0.2684879E+19 -0.8483264E+18  0.1536361E+19  0.1590349E+18  0.5137355E+17 -0.1792944E+18
  0.1794270E+19 -0.4743197E+18 -0.5860303E+18  0.3134690E+17  0.7745928E+17  0.4785114E+17
  0.5061435E+19 -0.5274915E+19  0.1199162E+19  0.1374350E+19 -0.6248701E+18  0.7102680E+17
  0.4778108E+19 -0.2239043E+18 -0.1424472E+19 -0.1180743E+19  0.1305644E+19 -0.2357948E+18
 -0.6469073E+19  0.4185417E+19  0.2998147E+18 -0.4244033E+18 -0.4590758E+18  0.1262964E+18
  0.1127660E+19  0.1069537E+19 -0.9395334E+18  0.2536025E+18 -0.4455535E+18  0.1956979E+18
 -0.3053475E+19 -0.1063613E+19  0.1775266E+19  0.1823085E+18  0.7849863E+17 -0.2096393E+18
  0.2067048E+19 -0.5204816E+18 -0.6813260E+18  0.3276425E+17  0.8577877E+17  0.5614349E+17
  0.6207801E+19 -0.6361884E+19  0.1419647E+19  0.1629948E+19 -0.7274421E+18  0.8116395E+17
  0.5616533E+19 -0.6623981E+17 -0.1741664E+19 -0.1440760E+19  0.1543029E+19 -0.2725819E+18
 -0.7708046E+19  0.4873270E+19  0.4006965E+18 -0.4732558E+18 -0.5513364E+18  0.1465961E+18
  0.1270395E+19  0.1271962E+19 -0.1078412E+19  0.3183827E+18 -0.5398712E+18  0.2288605E+18
 -0.3486942E+19 -0.1327812E+19  0.2059973E+19  0.2091625E+18  0.1130107E+18 -0.2461650E+18
  0.2392714E+19 -0.5733958E+18 -0.7959507E+18  0.3435249E+17  0.9537178E+17  0.6619444E+17
  0.7631055E+19 -0.7688787E+19  0.1682527E+19  0.1936739E+19 -0.8476278E+18  0.9274261E+17
  0.6623657E+19  0.1531574E+18 -0.2133140E+19 -0.1758222E+19  0.1827253E+19 -0.3156611E+18
 -0.9217324E+19  0.5693506E+19  0.5311679E+18 -0.5289604E+18 -0.6637537E+18  0.1705781E+18
  0.1437312E+19  0.1514655E+19 -0.1242673E+19  0.3990401E+18 -0.6547714E+18  0.2685981E+18
 -0.4000259E+19 -0.1652075E+19  0.2400795E+19  0.2401020E+18  0.1568400E+18 -0.2902920E+18
  0.2783333E+19 -0.6341181E+18 -0.9344716E+18  0.3611729E+17  0.1064489E+18  0.7843450E+17
  0.9396437E+19 -0.9305760E+19  0.1995106E+19  0.2303990E+19 -0.9879265E+18  0.1059031E+18
  0.7838693E+19  0.4500568E+18 -0.2615986E+19 -0.2144891E+19  0.2167298E+19 -0.3660672E+18
 -0.1105910E+20  0.6672032E+19  0.6996852E+18 -0.5921522E+18 -0.8008802E+18  0.1989228E+18
  0.1634798E+19  0.1806745E+19 -0.1438264E+19  0.4991945E+18 -0.7947697E+18  0.3163391E+18
 -0.4612859E+19 -0.2050220E+19  0.2810712E+19  0.2756310E+18  0.2124654E+18 -0.3438007E+18
  0.3253990E+19 -0.7037221E+18 -0.1102652E+19  0.3804751E+17  0.1192322E+18  0.9341155E+17
  0.1158260E+20 -0.1127109E+20  0.2365511E+19  0.2741990E+19 -0.1150946E+19  0.1207770E+18
  0.9311364E+19  0.8431197E+18 -0.3210974E+19 -0.2614535E+19  0.2573660E+19 -0.4249821E+18
 -0.1330934E+20  0.7838762E+19  0.9170715E+18 -0.6632031E+18 -0.9682796E+18  0.2324292E+18
  0.1871374E+19  0.2159941E+19 -0.1672857E+19  0.6232512E+18 -0.9654062E+18  0.3738498E+18
 -0.5349756E+19 -0.2539454E+19  0.3306036E+19  0.3161879E+18  0.2831104E+18 -0.4089283E+18
  0.3823378E+19 -0.7831362E+18 -0.1307743E+19  0.4010212E+17  0.1339314E+18  0.1118246E+18
  0.1428081E+20 -0.1364973E+20  0.2802317E+19  0.3261634E+19 -0.1339240E+19  0.1374743E+18
  0.1110168E+20  0.1355187E+19 -0.3942993E+19 -0.3183193E+19  0.3058442E+19 -0.4937362E+18
 -0.1605698E+20  0.9225935E+19  0.1197065E+19 -0.7418188E+18 -0.1172689E+19  0.2720223E+18
  0.2157569E+19  0.2588974E+19 -0.1955990E+19  0.7766598E+18 -0.1173545E+19  0.4433109E+18
 -0.6241223E+19 -0.3141237E+19  0.3906702E+19  0.3619892E+18  0.3730749E+18 -0.4884813E+18
  0.4513514E+19 -0.8726450E+18 -0.1558659E+19  0.4217941E+17  0.1506760E+18  0.1345636E+18
  0.1759975E+20 -0.1651554E+20  0.3314866E+19  0.3874532E+19 -0.1555329E+19  0.1560866E+18
  0.1328651E+20  0.2013048E+19 -0.4842203E+19 -0.3869503E+19  0.3635688E+19 -0.5738419E+18
 -0.1940993E+20  0.1086953E+20  0.1557084E+19 -0.8269260E+18 -0.1422257E+19  0.3187768E+18
  0.2507583E+19  0.3112958E+19 -0.2300049E+19  0.9661203E+18 -0.1427661E+19  0.5274228E+18
 -0.7326533E+19 -0.3882394E+19  0.4637793E+19  0.4129264E+18  0.4879886E+18 -0.5859808E+18
  0.5351575E+19 -0.9718469E+18 -0.1866572E+19  0.4412189E+17  0.1694849E+18  0.1627601E+18
  0.2166147E+20 -0.1994753E+20  0.3912608E+19  0.4592300E+19 -0.1801513E+19  0.1766789E+18
  0.1595592E+20  0.2850915E+19 -0.5944588E+19 -0.4695374E+19  0.4321589E+19 -0.6670137E+18
 -0.2349022E+20  0.1280496E+20  0.2018962E+19 -0.9158863E+18 -0.1726763E+19  0.3739327E+18
  0.2938297E+19  0.3755804E+19 -0.2720133E+19  0.1200191E+19 -0.1738471E+19  0.6295420E+18
 -0.8651493E+19 -0.4796665E+19  0.5529494E+19  0.4682218E+18  0.6354910E+18 -0.7058517E+18
  0.6368343E+19 -0.1078549E+19 -0.2244990E+19  0.4566599E+17  0.1901068E+18  0.1978528E+18
  0.2660645E+20 -0.2403187E+20  0.4605441E+19  0.5426603E+19 -0.2079897E+19  0.1992946E+18
  0.1921974E+20  0.3911564E+19 -0.7293399E+19 -0.5686554E+19  0.5134820E+19 -0.7751899E+18
 -0.2843959E+20  0.1506739E+20  0.2609909E+19 -0.1004204E+19 -0.2097835E+19  0.4389067E+18
  0.3470949E+19  0.4547883E+19 -0.3235076E+19  0.1489739E+19 -0.2119412E+19  0.7538079E+18
 -0.1027198E+20 -0.5926412E+19  0.6618641E+19  0.5261544E+18  0.8257225E+18 -0.8536007E+18
  0.7599759E+19 -0.1188387E+19 -0.2710344E+19  0.4645753E+17  0.2119105E+18  0.2416512E+18
  0.3259069E+20 -0.2885927E+20  0.5403364E+19  0.6388771E+19 -0.2392358E+19  0.2239623E+18
  0.2320320E+20  0.5252174E+19 -0.8940304E+19 -0.6873954E+19  0.6097000E+19 -0.9005794E+18
 -0.3441428E+20  0.1768681E+20  0.3363454E+19 -0.1084644E+19 -0.2549212E+19  0.5153155E+18
  0.4129925E+19  0.5526740E+19 -0.3867280E+19  0.1848996E+19 -0.2587632E+19  0.9053346E+18
 -0.1225076E+20 -0.7325028E+19  0.7948708E+19  0.5835074E+18  0.1072351E+19 -0.1036073E+19
  0.9084980E+19 -0.1293422E+19 -0.3282069E+19  0.4603591E+17  0.2336330E+18  0.2964227E+18
  0.3978935E+20 -0.3452703E+20  0.6316887E+19  0.7490169E+19 -0.2740725E+19  0.2507144E+18
  0.2804702E+20  0.6950349E+19 -0.1094734E+20 -0.8295294E+19  0.7233370E+19 -0.1045716E+19
 -0.4158585E+20  0.2068590E+20  0.4320600E+19 -0.1146695E+19 -0.3097032E+19  0.6049997E+18
  0.4942498E+19  0.6738438E+19 -0.4642986E+19  0.2296741E+19 -0.3165046E+19  0.1090406E+19
 -0.1465667E+20 -0.9059728E+19  0.9570447E+19  0.6349774E+18  0.1393621E+19 -0.1261710E+19
  0.1086587E+20 -0.1381130E+19 -0.3982884E+19  0.4388788E+17  0.2531266E+18  0.3649816E+18
  0.4839947E+20 -0.4114064E+20  0.7357265E+19  0.8742616E+19 -0.3126920E+19  0.2795968E+18
  0.3390245E+20  0.9113014E+19 -0.1338884E+20 -0.9997087E+19  0.8573364E+19 -0.1213477E+19
 -0.5013817E+20  0.2407618E+20  0.5530966E+19 -0.1175961E+19 -0.3760049E+19  0.7100257E+18
  0.5936925E+19  0.8238223E+19 -0.5591728E+19  0.2857890E+19 -0.3879610E+19  0.1316651E+19
 -0.1756018E+20 -0.1121440E+20  0.1154139E+20  0.6723495E+18  0.1813665E+19 -0.1540789E+19
  0.1298483E+20 -0.1433146E+19 -0.4838671E+19  0.3954437E+17  0.2670240E+18  0.4507709E+18
  0.5864437E+20 -0.4881801E+20  0.8537030E+19  0.1015953E+20 -0.3553289E+19  0.3106900E+18
  0.4092148E+20  0.1188894E+20 -0.1635393E+20 -0.1203765E+20  0.1015165E+20 -0.1407141E+19
 -0.6026299E+20  0.2785442E+20  0.7054159E+19 -0.1153646E+19 -0.4560025E+19  0.8327124E+18
  0.7138655E+19  0.1009051E+20 -0.6745003E+19  0.3565739E+19 -0.4767039E+19  0.1593265E+19
 -0.2102547E+20 -0.1389274E+20  0.1392456E+20  0.6834560E+18  0.2364164E+19 -0.1885712E+19
  0.1548157E+20 -0.1424109E+19 -0.5878126E+19  0.3275002E+17  0.2703567E+18  0.5579596E+18
  0.7078901E+20 -0.5770062E+20  0.9871115E+19  0.1175804E+20 -0.4023008E+19  0.3441174E+18
  0.4925141E+20  0.1548247E+20 -0.1995049E+20 -0.1449059E+20  0.1200937E+20 -0.1630409E+19
 -0.7216412E+20  0.3200317E+20  0.8961837E+19 -0.1056553E+19 -0.5522257E+19  0.9756400E+18
  0.8566659E+19  0.1236870E+20 -0.8134841E+19  0.4464541E+19 -0.5872618E+19  0.1931197E+19
 -0.2510407E+20 -0.1722102E+20  0.1678723E+20  0.6510467E+18  0.3085995E+19 -0.2311264E+19
  0.1839148E+20 -0.1321393E+19 -0.7132547E+19  0.2373491E+17  0.2562300E+18  0.6915325E+18
  0.8514994E+20 -0.6796152E+20  0.1137695E+20  0.1356069E+20 -0.4540195E+19  0.3800207E+18
  0.5901665E+20  0.2017114E+20 -0.2430816E+20 -0.1744848E+20  0.1419496E+20 -0.1887305E+19
 -0.8605201E+20  0.3648809E+20  0.1133972E+20 -0.8569366E+18 -0.6676033E+19  0.1141601E+19
  0.1022598E+20  0.1515197E+20 -0.9790182E+19  0.5612722E+19 -0.7253125E+19  0.2343240E+19
 -0.2982093E+20 -0.2134890E+20  0.2019696E+20  0.5513083E+18  0.4031084E+19 -0.2834779E+19
  0.2174091E+20 -0.1085042E+19 -0.8634747E+19  0.1353803E+17  0.2154708E+18  0.8573567E+18
  0.1021232E+21 -0.7982406E+20  0.1307524E+20  0.1559851E+20 -0.5110096E+19  0.4185187E+18
  0.7031085E+20  0.2632453E+20 -0.2958426E+20 -0.2102764E+20  0.1676566E+20 -0.2182041E+19
 -0.1021551E+21  0.4126255E+20  0.1429149E+20 -0.5229411E+18 -0.8055620E+19  0.1333547E+19
  0.1210209E+20  0.1852163E+20 -0.1173372E+20  0.7086601E+19 -0.8978929E+19  0.2844141E+19
 -0.3516640E+20 -0.2644957E+20  0.2421902E+20  0.3524765E+18  0.5264144E+19 -0.3476375E+19
  0.2554675E+20 -0.6692356E+18 -0.1041883E+20  0.4382909E+16  0.1364684E+18  0.1062287E+19
  0.1222117E+21 -0.9357854E+20  0.1498933E+20  0.1791347E+20 -0.5738730E+19  0.4596125E+18
  0.8318301E+20  0.3442609E+20 -0.3596987E+20 -0.2537292E+20  0.1978845E+20 -0.2518696E+19
 -0.1207287E+21  0.4627069E+20  0.1794373E+20 -0.1883241E+17 -0.9701361E+19  0.1554439E+19
  0.1415456E+20  0.2255427E+20 -0.1397745E+20  0.8984650E+19 -0.1113603E+20  0.3450640E+19
 -0.4108681E+20 -0.3271769E+20  0.2891269E+20  0.1333726E+17  0.6864451E+19 -0.4259197E+19
  0.2981594E+20 -0.2429630E+17 -0.1251993E+20  0.4949621E+13  0.5101100E+16  0.1314304E+19
  0.1460561E+21 -0.1095972E+21  0.1714283E+20  0.2055981E+20 -0.6431793E+19  0.5030198E+18
  0.9762617E+20  0.4509475E+20 -0.4369585E+20 -0.3066153E+20  0.2333971E+20 -0.2900550E+19
 -0.1420690E+21  0.5145093E+20  0.2245231E+20  0.6947443E+18 -0.1166063E+20  0.1806919E+19
  0.1631371E+20  0.2731245E+20 -0.1651825E+20  0.1143164E+20 -0.1382745E+20  0.4181340E+19
 -0.4748054E+20 -0.4036488E+20  0.3432810E+20 -0.5180477E+18  0.8927220E+19 -0.5209593E+19
  0.3454766E+20  0.9005852E+18 -0.1497460E+20  0.5869093E+16 -0.1951783E+18  0.1622677E+19
  0.1744703E+21 -0.1283485E+21  0.1955567E+20  0.2360477E+20 -0.7193030E+19  0.5479790E+18
  0.1135728E+21  0.5910752E+20 -0.5304029E+20 -0.3710682E+20  0.2750437E+20 -0.3329247E+19
 -0.1665351E+21  0.5674070E+20  0.2801124E+20  0.1660632E+19 -0.1398914E+20  0.2092889E+19
  0.1848277E+20  0.3283503E+20 -0.1933515E+20  0.1458303E+20 -0.1717465E+20  0.5056710E+19
 -0.5420363E+20 -0.4961640E+20  0.4050648E+20 -0.1305261E+19  0.1156524E+20 -0.6357674E+19
  0.3974017E+20  0.2154708E+19 -0.1782293E+20  0.2920700E+17 -0.4831787E+18  0.1998336E+19
  0.2084695E+21 -0.1504001E+21  0.2223733E+20  0.2712651E+20 -0.8021552E+19  0.5930113E+18
  0.1308963E+21  0.7741858E+20 -0.6433445E+20 -0.4495931E+20  0.3237279E+20 -0.3803609E+19
 -0.1945733E+21  0.6207762E+20  0.3486299E+20  0.2925381E+19 -0.1675189E+20  0.2412891E+19
  0.2054720E+20  0.3912902E+20 -0.2238931E+20  0.1862882E+20 -0.2131852E+20  0.6099142E+19
 -0.6108552E+20 -0.6071007E+20  0.4748408E+20 -0.2424254E+19  0.1491094E+20 -0.7738213E+19
  0.4540084E+20  0.3784578E+19 -0.2111243E+20  0.7886986E+17 -0.8799577E+18  0.2454441E+19
  0.2492768E+21 -0.1764025E+21  0.2517653E+20  0.3120814E+20 -0.8908178E+19  0.6356966E+18
  0.1494216E+21  0.1011653E+21 -0.7796349E+20 -0.5450199E+20  0.3803422E+20 -0.4318140E+19
 -0.2267367E+21  0.6739706E+20  0.4330845E+20  0.4539225E+19 -0.2002296E+20  0.2765256E+19
  0.2239159E+20  0.4616586E+20 -0.2562797E+20  0.2379561E+20 -0.2641923E+20  0.7333030E+19
 -0.6795531E+20 -0.7389836E+20  0.5530030E+20 -0.3963658E+19  0.1911872E+20 -0.9391869E+19
  0.5155868E+20  0.5834434E+19 -0.2490355E+20  0.1650576E+18 -0.1409056E+19  0.3007188E+19
  0.2983078E+21 -0.2070545E+21  0.2832992E+20  0.3592897E+20 -0.9831855E+19  0.6726144E+18
  0.1689565E+21  0.1316587E+21 -0.9436491E+20 -0.6604152E+20  0.4456953E+20 -0.4861817E+19
 -0.2637075E+21  0.7262807E+20  0.5371759E+20  0.6556167E+19 -0.2388538E+20  0.3145345E+19
  0.2392353E+20  0.5388989E+20 -0.2899534E+20  0.3034794E+20 -0.3265729E+20  0.8785593E+19
 -0.7467975E+20 -0.8946123E+20  0.6401445E+20 -0.6025488E+19  0.2436959E+20 -0.1136765E+20
  0.5828012E+20  0.8350026E+19 -0.2927827E+20  0.2990854E+18 -0.2097408E+19  0.3677143E+19
  0.3571202E+21 -0.2430441E+21  0.3161112E+20  0.4135192E+20 -0.1075674E+20  0.6995284E+18
  0.1893575E+21  0.1703471E+21 -0.1140229E+21 -0.7989250E+20  0.5204296E+20 -0.5417382E+19
 -0.3063192E+21  0.7768643E+20  0.6653910E+20  0.9034142E+19 -0.2843044E+20  0.3544932E+19
  0.2510097E+20  0.6224485E+20 -0.3245130E+20  0.3858836E+20 -0.4023601E+20  0.1048850E+20
 -0.8121052E+20 -0.1077306E+21  0.7373062E+20 -0.8727045E+19  0.3087878E+20 -0.1372657E+20
  0.6568619E+20  0.1138613E+20 -0.3435123E+20  0.4934216E+18 -0.2977243E+19  0.4491076E+19
  0.4273154E+21 -0.2849685E+21  0.3488456E+20  0.4751002E+20 -0.1163192E+20  0.7119637E+18
  0.2106178E+21  0.2187529E+21 -0.1374602E+21 -0.9635809E+20  0.6049712E+20 -0.5961805E+19
 -0.3555650E+21  0.8246520E+20  0.8230695E+20  0.1203538E+20 -0.3375719E+20  0.3952046E+19
  0.2595263E+20  0.7121743E+20 -0.3599478E+20  0.4885750E+20 -0.4938721E+20  0.1248067E+20
 -0.8762649E+20 -0.1291245E+21  0.8462714E+20 -0.1220487E+20  0.3890709E+20 -0.1654672E+20
  0.7396554E+20  0.1501696E+20 -0.4028170E+20  0.7622103E+18 -0.4089126E+19  0.5484362E+19
  0.5104236E+21 -0.3332615E+21  0.3797039E+20  0.5439758E+20 -0.1239565E+20  0.7061539E+18
  0.2329803E+21  0.2784066E+21 -0.1652396E+21 -0.1157170E+21  0.6995668E+20 -0.6468403E+19
 -0.4126048E+21  0.8682350E+20  0.1016475E+21  0.1562866E+20 -0.3997413E+20  0.4351601E+19
  0.2658567E+20  0.8089674E+20 -0.3968909E+20  0.6153958E+20 -0.6038438E+20  0.1481272E+20
 -0.9416568E+20 -0.1541929E+21  0.9698955E+20 -0.1662299E+20  0.4877891E+20 -0.1993043E+20
  0.8338305E+20  0.1934955E+20 -0.4728661E+20  0.1122545E+19 -0.5486574E+19  0.6704072E+19
  0.6078250E+21 -0.3881708E+21  0.4066462E+20  0.6197368E+20 -0.1298468E+20  0.6801347E+18
  0.2570448E+21  0.3508244E+21 -0.1979871E+21 -0.1382305E+21  0.8044605E+20 -0.6910476E+19
 -0.4787802E+21  0.9057608E+20  0.1252919E+21  0.1989434E+20 -0.4720522E+20  0.4726868E+19
  0.2717560E+20  0.9153552E+20 -0.4368175E+20  0.7707973E+20 -0.7356658E+20  0.1755339E+20
 -0.1012364E+21 -0.1836710E+21  0.1112421E+21 -0.2218687E+20  0.6090845E+20 -0.2401356E+20
  0.9428311E+20  0.2453821E+20 -0.5565357E+20  0.1596584E+19 -0.7242224E+19  0.8212816E+19
  0.7207293E+21 -0.4498075E+21  0.4276994E+20  0.7018126E+20 -0.1334637E+20  0.6345196E+18
  0.2837813E+21  0.4375725E+21 -0.2364339E+21 -0.1641779E+21  0.9201763E+20 -0.7265137E+19
 -0.5556023E+21  0.9347738E+20  0.1540920E+21  0.2493233E+20 -0.5559942E+20  0.5061253E+19
  0.2793414E+20  0.1035790E+21 -0.4820466E+20  0.9601702E+20 -0.8937075E+20  0.2079613E+20
 -0.1093819E+21 -0.2185223E+21  0.1279594E+21 -0.2916261E+20  0.7583207E+20 -0.2897523E+20
  0.1070769E+21  0.3079641E+20 -0.6574814E+20  0.2214341E+19 -0.9454918E+19  0.1009279E+20
  0.8503068E+21 -0.5183004E+21  0.4412628E+20  0.7898189E+20 -0.1344848E+20  0.5724784E+18
  0.3144172E+21  0.5404688E+21 -0.2814789E+21 -0.1939252E+21  0.1047836E+21 -0.7515296E+19
 -0.6447435E+21  0.9520482E+20  0.1890480E+21  0.3087204E+20 -0.6534362E+20  0.5339360E+19
  0.2906544E+20  0.1176411E+21 -0.5354945E+20  0.1190367E+21 -0.1083695E+21  0.2466454E+20
 -0.1192031E+21 -0.2599625E+21  0.1478535E+21 -0.3790025E+20  0.9424474E+20 -0.3504662E+20
  0.1222189E+21  0.3840349E+20 -0.7801512E+20  0.3016777E+19 -0.1225692E+20  0.1244971E+20
  0.9979349E+21 -0.5940056E+21  0.4462039E+20  0.8839320E+20 -0.1327981E+20  0.4987749E+18
  0.3501595E+21  0.6618811E+21 -0.3342377E+21 -0.2280031E+21  0.1189319E+21 -0.7647351E+19
 -0.7480047E+21  0.9534414E+20  0.2313394E+21  0.3787927E+20 -0.7667299E+20  0.5545765E+19
  0.3071636E+20  0.1344052E+21 -0.6001276E+20  0.1470289E+21 -0.1312986E+21  0.2931281E+20
 -0.1312315E+21 -0.3094435E+21  0.1717187E+21 -0.4885326E+20  0.1170294E+21 -0.4251459E+20
  0.1401672E+21  0.4769967E+20 -0.9296777E+20  0.4058116E+19 -0.1581872E+20  0.1541553E+20
  0.1165531E+22 -0.6777109E+21  0.4416019E+20  0.9851565E+20 -0.1283872E+20  0.4182908E+18
  0.3918114E+21  0.8050569E+21 -0.3960586E+21 -0.2671723E+21  0.1347135E+21 -0.7643647E+19
 -0.8672814E+21  0.9338672E+20  0.2823616E+21  0.4615596E+20 -0.8987542E+20  0.5660381E+19
  0.3292839E+20  0.1544628E+21 -0.6781827E+20  0.1811413E+21 -0.1590634E+21  0.3491909E+20
 -0.1457751E+21 -0.3685908E+21  0.2003387E+21 -0.6258698E+20  0.1452712E+21 -0.5171756E+20
  0.1613379E+21  0.5906679E+20 -0.1111667E+21  0.5406179E+19 -0.2034941E+20  0.1914931E+20
  0.1355750E+22 -0.7706757E+21  0.4260638E+20  0.1095226E+21 -0.1210979E+20  0.3347414E+18
  0.4393674E+21  0.9742747E+21 -0.4684374E+21 -0.3124067E+21  0.1523750E+21 -0.7469136E+19
 -0.1004456E+22  0.8873749E+20  0.3437255E+21  0.5592231E+20 -0.1052729E+21  0.5649036E+19
  0.3559720E+20  0.1781052E+21 -0.7702355E+20  0.2227805E+21 -0.1926878E+21  0.4166499E+20
 -0.1627605E+21 -0.4390553E+21  0.2343410E+21 -0.7975757E+20  0.1802251E+21 -0.6302389E+20
  0.1860468E+21  0.7288604E+20 -0.1331774E+21  0.7138494E+19 -0.2608692E+20  0.2383303E+20
  0.1572121E+22 -0.8745579E+21  0.3968857E+20  0.1216273E+21 -0.1103921E+20  0.2504868E+18
  0.4918058E+21  0.1174828E+22 -0.5528894E+21 -0.3648221E+21  0.1720667E+21 -0.7057271E+19
 -0.1161382E+22  0.8076177E+20  0.4172567E+21  0.6738685E+20 -0.1231938E+21  0.5451915E+19
  0.3846282E+20  0.2051570E+21 -0.8745103E+20  0.2735718E+21 -0.2332277E+21  0.4970828E+20
 -0.1816572E+21 -0.5223658E+21  0.2740706E+21 -0.1010637E+21  0.2232539E+21 -0.7680173E+20
  0.2144885E+21  0.8948736E+20 -0.1595360E+21  0.9333818E+19 -0.3328023E+20  0.2966561E+20
  0.1818836E+22 -0.9911151E+21  0.3493360E+20  0.1350189E+21 -0.9517960E+19  0.1677386E+18
  0.5471868E+21  0.1412651E+22 -0.6507489E+21 -0.4255088E+21  0.1937317E+21 -0.6299790E+19
 -0.1339870E+22  0.6885987E+20  0.5049481E+21  0.8070205E+20 -0.1439277E+21  0.4972728E+19
  0.4115453E+20  0.2349200E+21 -0.9867755E+20  0.3352451E+21 -0.2816376E+21  0.5915058E+20
 -0.2015463E+21 -0.6197924E+21  0.3195179E+21 -0.1271652E+21  0.2757256E+21 -0.9338081E+20
  0.2467584E+21  0.1090996E+21 -0.1907278E+21  0.1205909E+20 -0.4216338E+20  0.3685498E+20
  0.2100423E+22 -0.1121898E+22  0.2764990E+20  0.1498096E+21 -0.7384310E+19  0.9099559E+17
  0.6031209E+21  0.1693808E+22 -0.7630269E+21 -0.4953730E+21  0.2170465E+21 -0.5048359E+19
 -0.1541836E+22  0.5257351E+20  0.6089296E+21  0.9592865E+20 -0.1676980E+21  0.4074761E+19
  0.4329542E+20  0.2663076E+21 -0.1101187E+21  0.4095105E+21 -0.3386667E+21  0.7001967E+20
 -0.2213634E+21 -0.7323669E+21  0.3703925E+21 -0.1586029E+21  0.3389360E+21 -0.1130321E+21
  0.2829500E+21  0.1318358E+21 -0.2272201E+21  0.1535667E+20 -0.5293471E+20  0.4561670E+20
  0.2421443E+22 -0.1268098E+22  0.1697994E+20  0.1660241E+21 -0.4446155E+19  0.2976721E+17
  0.6574437E+21  0.2024101E+22 -0.8904291E+21 -0.5750829E+21  0.2414606E+21 -0.3130070E+19
 -0.1769602E+22  0.3169247E+20  0.7315046E+21  0.1130326E+21 -0.1946808E+21  0.2586527E+19
  0.4462547E+20  0.2981510E+21 -0.1211927E+21  0.4980004E+21 -0.4048553E+21  0.8228298E+20
 -0.2402314E+21 -0.8611168E+21  0.4263545E+21 -0.1957641E+21  0.4141257E+21 -0.1359887E+21
  0.3233083E+21  0.1577345E+21 -0.2695606E+21  0.1923872E+20 -0.6575611E+20  0.5618702E+20
  0.2786514E+22 -0.1430715E+22  0.1994136E+19  0.1836476E+21 -0.5119374E+18  0.3567701E+15
  0.7089302E+21  0.2409173E+22 -0.1033657E+22 -0.6652087E+21  0.2663542E+21 -0.3699532E+18
 -0.2026429E+22  0.6290279E+19  0.8753578E+21  0.1319387E+21 -0.2250931E+21  0.3134792E+18
  0.4509057E+20  0.3296159E+21 -0.1315211E+21  0.6023801E+21 -0.4807152E+21  0.9590585E+20
 -0.2577766E+21 -0.1007561E+22  0.4873882E+21 -0.2389542E+21  0.5026791E+21 -0.1625313E+21
  0.3684184E+21  0.1868745E+21 -0.3185556E+21  0.2369730E+20 -0.8079119E+20  0.6886033E+20
  0.3200381E+22 -0.1610812E+22 -0.1822943E+20  0.2026880E+21  0.4587607E+19  0.2595880E+17
  0.7576730E+21  0.2854912E+22 -0.1193814E+22 -0.7664507E+21  0.2912177E+21  0.3393849E+19
 -0.2316886E+22 -0.2336651E+20  0.1043824E+22  0.1526144E+21 -0.2593005E+21 -0.2954030E+19
  0.4484376E+20  0.3605133E+21 -0.1410591E+21  0.7245703E+21 -0.5670097E+21  0.1109278E+21
 -0.2742551E+21 -0.1174197E+22  0.5541231E+21 -0.2885506E+21  0.6064312E+21 -0.1931047E+21
  0.4193219E+21  0.2195106E+21 -0.3754450E+21  0.2872786E+20 -0.9827074E+20  0.8403982E+20
  0.3668487E+22 -0.1809968E+22 -0.4459253E+20  0.2232517E+21  0.1100059E+20  0.1355118E+18
  0.8050250E+21  0.3368438E+22 -0.1372891E+22 -0.8799558E+21  0.3157938E+21  0.8314398E+19
 -0.2647228E+22 -0.5700931E+20  0.1241278E+22  0.1751651E+21 -0.2979279E+21 -0.7446430E+19
  0.4416435E+20  0.3913806E+21 -0.1500991E+21  0.8670954E+21 -0.6650827E+21  0.1275335E+21
 -0.2904583E+21 -0.1364917E+22  0.6280126E+21 -0.3452101E+21  0.7280447E+21 -0.2284398E+21
  0.4775686E+21  0.2561934E+21 -0.4420561E+21  0.3435898E+20 -0.1185713E+21  0.1022961E+21
  0.4197316E+22 -0.2030464E+22 -0.7804834E+20  0.2455608E+21  0.1887806E+20  0.3628237E+18
  0.8530041E+21  0.3958788E+22 -0.1573902E+22 -0.1007442E+22  0.3400468E+21  0.1455947E+20
 -0.3025269E+22 -0.9455736E+20  0.1473319E+22  0.1998623E+21 -0.3418756E+21 -0.1343655E+20
  0.4333817E+20  0.4232295E+21 -0.1591231E+21  0.1033288E+22 -0.7769775E+21  0.1460615E+21
 -0.3074068E+21 -0.1584990E+22  0.7111971E+21 -0.4099793E+21  0.8711929E+21 -0.2695924E+21
  0.5451252E+21  0.2977827E+21 -0.5208203E+21  0.4066704E+20 -0.1422529E+21  0.1243998E+21
  0.4794482E+22 -0.2275139E+22 -0.1197070E+21  0.2699070E+21  0.2840245E+20  0.7472010E+18
  0.9035606E+21  0.4637014E+22 -0.1800592E+22 -0.1151074E+22  0.3639796E+21  0.2233747E+20
 -0.3459936E+22 -0.1361794E+21  0.1746704E+22  0.2270890E+21 -0.3922375E+21 -0.2126634E+20
  0.4257090E+20  0.4571435E+21 -0.1686055E+21  0.1227248E+22 -0.9052767E+21  0.1669439E+21
 -0.3260270E+21 -0.1840692E+22  0.8061486E+21 -0.4842339E+21  0.1040464E+22 -0.3178771E+21
  0.6242152E+21  0.3453475E+21 -0.6146688E+21  0.4776593E+20 -0.1700330E+21  0.1513171E+21
  0.5468667E+22 -0.2547045E+22 -0.1709045E+21  0.2965730E+21  0.3979959E+20  0.1335259E+19
  0.9579881E+21  0.5415720E+22 -0.2056814E+22 -0.1313145E+22  0.3873861E+21  0.3190544E+20
 -0.3960714E+22 -0.1821633E+21  0.2069007E+22  0.2572162E+21 -0.4501508E+21 -0.3136280E+20
  0.4195453E+20  0.4938970E+21 -0.1788428E+21  0.1453563E+22 -0.1052686E+22  0.1905917E+21
 -0.3469143E+21 -0.2138715E+22  0.9152100E+21 -0.5694420E+21  0.1240980E+22 -0.3747003E+21
  0.7171426E+21  0.3999773E+21 -0.7268332E+21  0.5577058E+20 -0.2026911E+21  0.1841637E+21
  0.6229055E+22 -0.2849012E+22 -0.2331806E+21  0.3257665E+21  0.5332545E+20  0.2182240E+19
  0.1016313E+22  0.6307945E+22 -0.2345612E+22 -0.1495698E+22  0.4096446E+21  0.4354718E+20
 -0.4536753E+22 -0.2325716E+21  0.2447963E+22  0.2904488E+21 -0.5166270E+21 -0.4422957E+20
  0.4145457E+20  0.5335523E+21 -0.1897995E+21  0.1716808E+22 -0.1221433E+22  0.2172489E+21
 -0.3701010E+21 -0.2485353E+22  0.1040026E+22 -0.6667718E+21  0.1477762E+22 -0.4413063E+21
  0.8260533E+21  0.4625093E+21 -0.8605288E+21  0.6474002E+20 -0.2409061E+21  0.2241108E+21
  0.7085814E+22 -0.3183969E+22 -0.3082563E+21  0.3576745E+21  0.6925658E+20  0.3352541E+19
  0.1077024E+22  0.7327335E+22 -0.2668995E+22 -0.1700613E+22  0.4297402E+21  0.5754547E+20
 -0.5196992E+22 -0.2869029E+21  0.2891348E+22  0.3267904E+21 -0.5925693E+21 -0.6043272E+20
  0.4092614E+20  0.5752571E+21 -0.2010594E+21  0.2021451E+22 -0.1413044E+22  0.2469381E+21
 -0.3949640E+21 -0.2886345E+22  0.1181325E+22 -0.7768854E+21  0.1755472E+22 -0.5186557E+21
  0.9529154E+21  0.5333994E+21 -0.1018855E+22  0.7464329E+20 -0.2851547E+21  0.2723392E+21
  0.8050570E+22 -0.3555362E+22 -0.3980684E+21  0.3925373E+21  0.8789918E+20  0.4920721E+19
  0.1137348E+22  0.8488802E+22 -0.3028320E+22 -0.1929905E+22  0.4464098E+21  0.7417396E+20
 -0.5950912E+22 -0.3439905E+21  0.3407374E+22  0.3661182E+21 -0.6789181E+21 -0.8060314E+20
  0.4016981E+20  0.6173696E+21 -0.2119274E+21  0.2372088E+22 -0.1628555E+22  0.2795209E+21
 -0.4203588E+21 -0.3347366E+22  0.1339158E+22 -0.9000077E+21  0.2078663E+22 -0.6074978E+21
  0.1099716E+22  0.6128032E+21 -0.1204974E+22  0.8536930E+20 -0.3357287E+21  0.3300769E+21
  0.9136887E+22 -0.3967401E+22 -0.5048512E+21  0.4306792E+21  0.1096077E+21  0.6973786E+19
  0.1194382E+22  0.9809482E+22 -0.3425270E+22 -0.2186026E+22  0.4583214E+21  0.9371862E+20
 -0.6809973E+22 -0.4022623E+21  0.4005625E+22  0.4083318E+21 -0.7768503E+21 -0.1054660E+21
  0.3903266E+20  0.6581007E+21 -0.2217204E+21  0.2773937E+22 -0.1869132E+22  0.3148641E+21
 -0.4451028E+21 -0.3875202E+22  0.1513689E+22 -0.1036298E+22  0.2452561E+22 -0.7086632E+21
  0.1268915E+22  0.7008943E+21 -0.1422638E+22  0.9678599E+20 -0.3929023E+21  0.3987462E+21
  0.1036012E+23 -0.4424736E+22 -0.6311313E+21  0.4724433E+21  0.1347759E+21  0.9612016E+19
  0.1246764E+22  0.1130901E+23 -0.3862755E+22 -0.2471853E+22  0.4641900E+21  0.1165014E+21
 -0.7788820E+22 -0.4602531E+21  0.4697894E+22  0.4534718E+21 -0.8878739E+21 -0.1358698E+21
  0.3750969E+20  0.6964975E+21 -0.2301418E+21  0.3233223E+22 -0.2136691E+22  0.3530105E+21
 -0.4686633E+21 -0.4478955E+22  0.1706152E+22 -0.1186297E+22  0.2883901E+22 -0.8233972E+21
  0.1463923E+22  0.7982422E+21 -0.1676775E+22  0.1088156E+21 -0.4571525E+21  0.4801436E+21
  0.1173731E+23 -0.4932153E+22 -0.7796196E+21  0.5181370E+21  0.1638026E+21  0.1294604E+20
  0.1295786E+22  0.1300971E+23 -0.4345489E+22 -0.2790618E+22  0.4628609E+21  0.1428896E+21
 -0.8905867E+22 -0.5170711E+21  0.5498669E+22  0.5017842E+21 -0.1013842E+22 -0.1727943E+21
  0.3576336E+20  0.7331575E+21 -0.2374932E+21  0.3757476E+22 -0.2434334E+22  0.3942794E+21
 -0.4915991E+21 -0.5170780E+22  0.1919474E+22 -0.1351272E+22  0.3381524E+22 -0.9535924E+21
  0.1689367E+22  0.9060593E+21 -0.1973889E+22  0.1214869E+21 -0.5293288E+21  0.5765827E+21
  0.1328642E+23 -0.5494253E+22 -0.9530570E+21  0.5680014E+21  0.1970560E+21  0.1709110E+20
  0.1344602E+22  0.1493596E+23 -0.4879360E+22 -0.3145671E+22  0.4532333E+21  0.1732727E+21
 -0.1018199E+23 -0.5724109E+21  0.6424462E+22  0.5536384E+21 -0.1156792E+22 -0.2173210E+21
  0.3401883E+20  0.7698361E+21 -0.2444583E+21  0.4355291E+22 -0.2766010E+22  0.4391677E+21
 -0.5152150E+21 -0.5965073E+22  0.2157763E+22 -0.1533063E+22  0.3955987E+22 -0.1101620E+22
  0.1950732E+22  0.1026007E+22 -0.2321751E+22  0.1349096E+21 -0.6105740E+21  0.6908339E+21
  0.1502755E+23 -0.6116080E+22 -0.1154289E+22  0.6222975E+21  0.2348927E+21  0.2216567E+20
  0.1395798E+22  0.1711507E+23 -0.5470385E+22 -0.3540642E+22  0.4340642E+21  0.2080355E+21
 -0.1163938E+23 -0.6260482E+21  0.7493083E+22  0.6093898E+21 -0.1318832E+22 -0.2706094E+21
  0.3241132E+20  0.8080371E+21 -0.2515622E+21  0.5036234E+22 -0.3135811E+22  0.4881282E+21
 -0.5405477E+21 -0.6877192E+22  0.2424973E+22 -0.1733601E+22  0.4618729E+22 -0.1269900E+22
  0.2253779E+22  0.1159716E+22 -0.2728715E+22  0.1491875E+21 -0.7020509E+21  0.8259332E+21
  0.1698331E+23 -0.6803354E+22 -0.1386372E+22  0.6813398E+21  0.2776837E+21  0.2829286E+20
  0.1449231E+22  0.1957731E+23 -0.6123374E+22 -0.3979382E+22  0.4037258E+21  0.2475155E+21
 -0.1330019E+23 -0.6771422E+21  0.8722636E+22  0.6692078E+21 -0.1502001E+22 -0.3338634E+21
  0.3091669E+20  0.8476767E+21 -0.2587381E+21  0.5810420E+22 -0.3547053E+22  0.5413372E+21
 -0.5674702E+21 -0.7922028E+22  0.2723547E+22 -0.1954262E+22  0.5380977E+22 -0.1460375E+22
  0.2603953E+22  0.1308265E+22 -0.3202926E+22  0.1643230E+21 -0.8045990E+21  0.9849195E+21
  0.1917926E+23 -0.7562468E+22 -0.1652635E+22  0.7454789E+21  0.3258208E+21  0.3560100E+20
  0.1502743E+22  0.2235627E+23 -0.6842253E+22 -0.4465999E+22  0.3602411E+21  0.2920017E+21
 -0.1518751E+23 -0.7242599E+21  0.1013195E+23  0.7331132E+21 -0.1708325E+22 -0.4083327E+21
  0.2943591E+20  0.8874415E+21 -0.2655174E+21  0.6688704E+22 -0.4002443E+22  0.5987540E+21
 -0.5949897E+21 -0.9114630E+22  0.3054756E+22 -0.2195960E+22  0.6254002E+22 -0.1674585E+22
  0.3006640E+22  0.1472292E+22 -0.3752527E+22  0.1802381E+21 -0.9187692E+21  0.1170863E+22
  0.2164377E+23 -0.8400155E+22 -0.1956628E+22  0.8150452E+21  0.3796930E+21  0.4422048E+20
  0.1555113E+22  0.2548950E+23 -0.7631878E+22 -0.5004922E+22  0.3015778E+21  0.3417891E+21
 -0.1732769E+23 -0.7662484E+21  0.1174219E+23  0.8012078E+21 -0.1940016E+22 -0.4953530E+21
  0.2793386E+20  0.9265565E+21 -0.2716514E+21  0.7683390E+22 -0.4505291E+22  0.6604392E+21
 -0.6225007E+21 -0.1047239E+23  0.3420552E+22 -0.2459975E+22  0.7250718E+22 -0.1914342E+22
  0.3468077E+22  0.1652718E+22 -0.4386795E+22  0.1969013E+21 -0.1045267E+22  0.1387222E+22
  0.2440889E+23 -0.9323548E+22 -0.2302107E+22  0.8903370E+21  0.4396719E+21  0.5428039E+20
  0.1608110E+22  0.2902021E+23 -0.8499740E+22 -0.5601133E+22  0.2258608E+21  0.3972473E+21
 -0.1975251E+23 -0.8031380E+21  0.1357856E+23  0.8738799E+21 -0.2199654E+22 -0.5964007E+21
  0.2648644E+20  0.9660742E+21 -0.2774925E+21  0.8809218E+22 -0.5060672E+22  0.7268069E+21
 -0.6506689E+21 -0.1201707E+23  0.3825065E+22 -0.2748801E+22  0.8387314E+22 -0.2182359E+22
  0.3996102E+22  0.1851368E+22 -0.5117230E+22  0.2144318E+21 -0.1185390E+22  0.1638224E+22
  0.2750923E+23 -0.1033976E+23 -0.2692873E+22  0.9715890E+21  0.5060785E+21  0.6590118E+20
  0.1665151E+22  0.3299611E+23 -0.9454834E+22 -0.6259854E+22  0.1312472E+21  0.4587768E+21
 -0.2249711E+23 -0.8359539E+21  0.1566908E+23  0.9516705E+21 -0.2489943E+22 -0.7130273E+21
  0.2519816E+20  0.1008109E+22 -0.2836869E+21  0.1008291E+23 -0.5674764E+22  0.7984536E+21
 -0.6808821E+21 -0.1377336E+23  0.4273670E+22 -0.3065761E+22  0.9682394E+22 -0.2481901E+22
  0.4599546E+22  0.2070631E+22 -0.5956855E+22  0.2330401E+21 -0.1340834E+22  0.1928675E+22
  0.3098381E+23 -0.1145656E+23 -0.3132862E+22  0.1059042E+22  0.5792026E+21  0.7919317E+20
  0.1728738E+22  0.3747099E+23 -0.1050622E+23 -0.6986714E+22  0.1567027E+20  0.5267384E+21
 -0.2559905E+23 -0.8659310E+21  0.1804364E+23  0.1035081E+22 -0.2813583E+22 -0.8467921E+21
  0.2411368E+20  0.1054261E+22 -0.2906584E+21  0.1152319E+23 -0.6353857E+22  0.8758751E+21
 -0.7141480E+21 -0.1576762E+23  0.4771319E+22 -0.3414320E+22  0.1115587E+23 -0.2816139E+22
  0.5287531E+22  0.2312834E+22 -0.6919256E+22  0.2529157E+21 -0.1513285E+22  0.2263632E+22
  0.3487596E+23 -0.1268212E+23 -0.3626093E+22  0.1152916E+22  0.6592873E+21  0.9425227E+20
  0.1799573E+22  0.4250433E+23 -0.1166202E+23 -0.7787523E+22 -0.1232718E+21  0.6013933E+21
 -0.2909742E+23 -0.8940697E+21  0.2073316E+23  0.1124449E+22 -0.3173122E+22 -0.9991894E+21
  0.2321416E+20  0.1105038E+22 -0.2984621E+21  0.1315046E+23 -0.7103676E+22  0.9593241E+21
 -0.7507027E+21 -0.1802698E+23  0.5321736E+22 -0.3797619E+22  0.1282816E+23 -0.3187752E+22
  0.6069081E+22  0.2579897E+22 -0.8017951E+22  0.2741712E+21 -0.1704170E+22  0.2648158E+22
  0.3923386E+23 -0.1402505E+23 -0.4176723E+22  0.1253395E+22  0.7465331E+21  0.1111605E+21
  0.1878222E+22  0.4816236E+23 -0.1293062E+23 -0.8668376E+22 -0.2881759E+21  0.6829568E+21
 -0.3303481E+23 -0.9216146E+21  0.2377102E+23  0.1220081E+22 -0.3571115E+22 -0.1171700E+22
  0.2247879E+20  0.1160861E+22 -0.3071174E+21  0.1498745E+23 -0.7930159E+22  0.1049001E+22
 -0.7907292E+21 -0.2058102E+23  0.5928586E+22 -0.4218993E+22  0.1472139E+23 -0.3599394E+22
  0.6953808E+22  0.2873798E+22 -0.9267289E+22  0.2969134E+21 -0.1914945E+22  0.3087612E+22
  0.4411104E+23 -0.1549405E+23 -0.4789056E+22  0.1360576E+22  0.8410807E+21  0.1299848E+21
  0.1967247E+22  0.5451924E+23 -0.1432225E+23 -0.9635651E+22 -0.4816849E+21  0.7716733E+21
 -0.3745950E+23 -0.9509747E+21  0.2719482E+23  0.1322429E+22 -0.4010230E+22 -0.1365862E+22
  0.2193362E+20  0.1223418E+22 -0.3169877E+21  0.1706001E+23 -0.8840500E+22  0.1145287E+22
 -0.8353020E+21 -0.2346373E+23  0.6597017E+22 -0.4682747E+22  0.1686099E+23 -0.4054318E+22
  0.7952739E+22  0.3197197E+22 -0.1068363E+23  0.3213380E+21 -0.2147542E+22  0.3588073E+22
  0.4956823E+23 -0.1709847E+23 -0.5467696E+22  0.1474521E+22  0.9430358E+21  0.1507805E+21
  0.2071491E+22  0.6166002E+23 -0.1584973E+23 -0.1069638E+23 -0.7064923E+21  0.8678625E+21
 -0.4242721E+23 -0.9860409E+21  0.3104790E+23  0.1432162E+22 -0.4493396E+22 -0.1583333E+22
  0.2164226E+20  0.1295873E+22 -0.3287983E+21  0.1939824E+23 -0.9843724E+22  0.1248810E+22
 -0.8865314E+21 -0.2671491E+23  0.7334140E+22 -0.5194547E+22  0.1927694E+23 -0.4556674E+22
  0.9078740E+22  0.3553688E+22 -0.1228606E+23  0.3477548E+21 -0.2404564E+22  0.4156611E+22
  0.5567133E+23 -0.1884738E+23 -0.6217190E+22  0.1595182E+22  0.1052407E+22  0.1735788E+21
  0.2196824E+22  0.6967825E+23 -0.1752684E+23 -0.1185764E+23 -0.9654145E+21  0.9718203E+21
 -0.4799811E+23 -0.1031874E+22  0.3537714E+23  0.1549986E+22 -0.5023447E+22 -0.1825747E+22
  0.2167199E+20  0.1382110E+22 -0.3433895E+21  0.2203566E+23 -0.1094966E+23  0.1360239E+22
 -0.9470170E+21 -0.3037820E+23  0.8147794E+22 -0.5760840E+22  0.2200229E+23 -0.5110928E+22
  0.1034563E+23  0.3947309E+22 -0.1409518E+23  0.3765177E+21 -0.2688963E+22  0.4800918E+22
  0.6249489E+23 -0.2075053E+23 -0.7042260E+22  0.1722478E+22  0.1169140E+22  0.1983899E+21
  0.2349386E+22  0.7868040E+23 -0.1936843E+23 -0.1312710E+23 -0.1261513E+22  0.1083811E+22
 -0.5423872E+23 -0.1094507E+22  0.4023432E+23  0.1676630E+22 -0.5603259E+22 -0.2094729E+22
  0.2208027E+20  0.1486258E+22 -0.3615731E+21  0.2501058E+23 -0.1216903E+23  0.1480225E+22
 -0.1019505E+22 -0.3450207E+23  0.9046225E+22 -0.6388844E+22  0.2507386E+23 -0.5721790E+22
  0.1176832E+23  0.4382456E+22 -0.1613337E+23  0.4080006E+21 -0.3003989E+22  0.5529375E+22
  0.7012163E+23 -0.2281783E+23 -0.7947653E+22  0.1856251E+22  0.1293097E+22  0.2251987E+21
  0.2535598E+22  0.8878560E+23 -0.2139000E+23 -0.1451270E+23 -0.1598090E+22  0.1204039E+22
 -0.6122141E+23 -0.1180949E+22  0.4567576E+23  0.1812788E+22 -0.6235633E+22 -0.2391853E+22
  0.2292180E+20  0.1612702E+22 -0.3841332E+21  0.2836610E+23 -0.1351317E+23  0.1609366E+22
 -0.1106883E+22 -0.3913976E+23  0.1003790E+23 -0.7086446E+22  0.2853219E+23 -0.6394093E+22
  0.1336271E+23  0.4863803E+22 -0.1842463E+23  0.4425856E+21 -0.3353128E+22  0.6351012E+22
  0.7864364E+23 -0.2505937E+23 -0.8938180E+22  0.1996258E+22  0.1424051E+22  0.2539654E+21
  0.2762759E+22  0.1001278E+24 -0.2360819E+23 -0.1602271E+23 -0.1978686E+22  0.1332663E+22
 -0.6902590E+23 -0.1299460E+22  0.5176356E+23  0.1959158E+22 -0.6923348E+22 -0.2718666E+22
  0.2426400E+20  0.1766480E+22 -0.4119213E+21  0.3215106E+23 -0.1499446E+23  0.1748260E+22
 -0.1212443E+22 -0.4435046E+23  0.1113194E+23 -0.7862467E+22  0.3242250E+23 -0.7132990E+22
  0.1514609E+23  0.5396491E+22 -0.2099514E+23  0.4806869E+21 -0.3740242E+22  0.7275740E+22
  0.8816303E+23 -0.2748514E+23 -0.1001865E+23  0.2142148E+22  0.1561675E+22  0.2846242E+21
  0.3039427E+22  0.1128568E+24 -0.2604088E+23 -0.1766560E+23 -0.2407065E+22  0.1469801E+22
 -0.7773996E+23 -0.1459776E+22  0.5856617E+23  0.2116438E+22 -0.7669118E+22 -0.3076690E+22
  0.2619612E+20  0.1953539E+22 -0.4459038E+21  0.3642063E+23 -0.1662633E+23  0.1897516E+22
 -0.1340045E+22 -0.5020007E+23  0.1233836E+23 -0.8726789E+22  0.3679531E+23 -0.7944023E+22
  0.1713729E+23  0.5986209E+22 -0.2387365E+23  0.5227590E+21 -0.4169640E+22  0.8314489E+22
  0.9879587E+23 -0.3010572E+23 -0.1119415E+23  0.2293503E+22  0.1705577E+22  0.3170907E+21
  0.3375623E+22  0.1271443E+24 -0.2870801E+23 -0.1945049E+23 -0.2887327E+22  0.1615559E+22
 -0.8746281E+23 -0.1673295E+22  0.6616113E+23  0.2285360E+22 -0.8475802E+22 -0.3467505E+22
  0.2883427E+20  0.2180898E+22 -0.4871755E+21  0.4123838E+23 -0.1842391E+23  0.2057794E+22
 -0.1494199E+22 -0.5676358E+23  0.1366841E+23 -0.9690712E+22  0.4170834E+23 -0.8833368E+22
  0.1935744E+23  0.6639401E+22 -0.2709252E+23  0.5693113E+21 -0.4646225E+22  0.9479616E+22
  0.1106680E+24 -0.3293072E+23 -0.1246946E+23  0.2449743E+22  0.1855227E+22  0.3512476E+21
  0.3782489E+22  0.1431790E+24 -0.3162991E+23 -0.2138614E+23 -0.3423772E+22  0.1769937E+22
 -0.9830114E+23 -0.1952910E+22  0.7463225E+23  0.2466549E+22 -0.9345975E+22 -0.3892579E+22
  0.3232015E+20  0.2456455E+22 -0.5368932E+21  0.4667498E+23 -0.2040296E+23  0.2229679E+22
 -0.1679903E+22 -0.6412284E+23  0.1513381E+23 -0.1076642E+23  0.4722489E+23 -0.9807357E+22
  0.2182907E+23  0.7362868E+22 -0.3068657E+23  0.6208674E+21 -0.5175237E+22  0.1078454E+23
  0.1239219E+24 -0.3597003E+23 -0.1384953E+23  0.2610198E+22  0.2010008E+22  0.3869564E+21
  0.4272833E+22  0.1611762E+24 -0.3482888E+23 -0.2348180E+23 -0.4021066E+22  0.1932898E+22
 -0.1103752E+24 -0.2313421E+22  0.8407421E+23  0.2660613E+22 -0.1028229E+23 -0.4353417E+22
  0.3683187E+20  0.2789373E+22 -0.5963344E+21  0.5281161E+23 -0.2258097E+23  0.2413770E+22
 -0.1902872E+22 -0.7237075E+23  0.1674754E+23 -0.1196767E+23  0.5341709E+23 -0.1087295E+23
  0.2457736E+23  0.8164179E+22 -0.3469500E+23  0.6780002E+21 -0.5762543E+22  0.1224443E+23
  0.1387159E+24 -0.3923295E+23 -0.1533919E+23  0.2774059E+22  0.2169187E+22  0.4240513E+21
  0.4861127E+22  0.1813776E+24 -0.3832845E+23 -0.2574668E+23 -0.4684164E+22  0.2104317E+22
 -0.1238179E+24 -0.2771570E+22  0.9459205E+23  0.2868066E+22 -0.1128725E+23 -0.4851480E+22
  0.4258804E+20  0.3190122E+22 -0.6668772E+21  0.5974023E+23 -0.2497672E+23  0.2610622E+22
 -0.2169522E+22 -0.8161102E+23  0.1852352E+23 -0.1330959E+23  0.6036586E+23 -0.1203752E+23
  0.2762997E+23  0.9051521E+22 -0.3916113E+23  0.7413149E+21 -0.6414554E+22  0.1387619E+23
  0.1552260E+24 -0.4272841E+23 -0.1694316E+23  0.2940417E+22  0.2331936E+22  0.4623431E+21
  0.5563482E+22  0.2040549E+24 -0.4215357E+23 -0.2819005E+23 -0.5418315E+22  0.2283993E+22
 -0.1387760E+24 -0.3346023E+22  0.1063028E+24  0.3089331E+22 -0.1236334E+23 -0.5388210E+22
  0.4985044E+20  0.3670506E+22 -0.7499755E+21  0.6756516E+23 -0.2761048E+23  0.2820754E+22
 -0.2486947E+22 -0.9195965E+23  0.2047673E+23 -0.1480885E+23  0.6816221E+23 -0.1330898E+23
  0.3101731E+23  0.1003372E+23 -0.4413310E+23  0.8114463E+21 -0.7138258E+22  0.1569874E+23
  0.1736473E+24 -0.4646396E+23 -0.1866575E+23  0.3108166E+22  0.2497259E+22  0.5016063E+21
  0.6398162E+22  0.2295128E+24 -0.4633014E+23 -0.3082064E+23 -0.6229013E+22  0.2471585E+22
 -0.1554116E+24 -0.4057878E+22  0.1193359E+24  0.3324656E+22 -0.1351265E+23 -0.5964918E+22
  0.5893623E+20  0.4244052E+22 -0.8471985E+21  0.7640453E+23 -0.3050377E+23  0.3044584E+22
 -0.2863127E+22 -0.1035460E+24  0.2262311E+23 -0.1648368E+23  0.7690823E+23 -0.1469559E+23
  0.3477273E+23  0.1112024E+23 -0.4966408E+23  0.8890562E+21 -0.7941227E+22  0.1773316E+23
  0.1942013E+24 -0.5044755E+23 -0.2051149E+23  0.3276181E+22  0.2664128E+22  0.5416045E+21
  0.7385332E+22  0.2580998E+24 -0.5088641E+23 -0.3364779E+23 -0.7122165E+22  0.2666707E+22
 -0.1739080E+24 -0.4930424E+22  0.1338390E+24  0.3574217E+22 -0.1473752E+23 -0.6583008E+22
  0.7021466E+20  0.4925910E+22 -0.9601699E+21  0.8639433E+23 -0.3368037E+23  0.3282528E+22
 -0.3306795E+22 -0.1165174E+24  0.2498011E+23 -0.1835438E+23  0.8672072E+23 -0.1620643E+23
  0.3893379E+23  0.1232141E+23 -0.5581445E+23  0.9748416E+21 -0.8831822E+22  0.2000353E+23
  0.2171277E+24 -0.5468415E+23 -0.2248377E+23  0.3443084E+22  0.2831296E+22  0.5820537E+21
  0.8547055E+22  0.2901992E+24 -0.5585000E+23 -0.3667922E+23 -0.8103663E+22  0.2868747E+22
 -0.1944619E+24 -0.5989240E+22  0.1499715E+24  0.3837865E+22 -0.1603951E+23 -0.7243550E+22
  0.8411195E+20  0.5732910E+22 -0.1090535E+22  0.9768603E+23 -0.3716438E+23  0.3534772E+22
 -0.3827416E+22 -0.1310345E+24  0.2756534E+23 -0.2044241E+23  0.9772824E+23 -0.1785051E+23
  0.4354053E+23  0.1364780E+23 -0.6264938E+23  0.1069478E+22 -0.9818741E+22  0.2253616E+23
