  0.9576827E+17 -0.1517502E+18  0.4278685E+17  0.6011416E+17 -0.3389908E+17  0.4779023E+16
  0.1679687E+18 -0.1084930E+18 -0.3578067E+17 -0.1947807E+17  0.6356812E+17 -0.1637492E+17
 -0.2278870E+18  0.2502749E+18 -0.1141788E+17 -0.5524157E+17 -0.1571075E+17  0.8821394E+16
  0.7365042E+17  0.2155982E+17 -0.6428315E+17  0.1577811E+16 -0.9408862E+16  0.1402682E+17
 -0.1998464E+18  0.3189491E+17  0.1218447E+18  0.8949632E+16 -0.2161570E+17 -0.1511288E+17
  0.1355681E+18 -0.8295765E+17 -0.4698362E+17  0.1269099E+17  0.1437525E+17  0.4070759E+16
  0.1011117E+18 -0.1581998E+18  0.4458988E+17  0.6188002E+17 -0.3488275E+17  0.4915991E+16
  0.1768024E+18 -0.1124582E+18 -0.3651523E+17 -0.2022618E+17  0.6476456E+17 -0.1664756E+17
 -0.2377417E+18  0.2574871E+18 -0.1193427E+17 -0.5593567E+17 -0.1590738E+17  0.8927370E+16
  0.7728846E+17  0.2260456E+17 -0.6600889E+17  0.1652789E+16 -0.9652811E+16  0.1409387E+17
 -0.2078556E+18  0.3211731E+17  0.1241582E+18  0.9141603E+16 -0.2151854E+17 -0.1511587E+17
  0.1397491E+18 -0.8405975E+17 -0.4759841E+17  0.1264059E+17  0.1431534E+17  0.4052994E+16
  0.1142112E+18 -0.1763210E+18  0.4964325E+17  0.6805178E+17 -0.3832001E+17  0.5394508E+16
  0.1988252E+18 -0.1242721E+18 -0.3992573E+17 -0.2254180E+17  0.7052046E+17 -0.1806816E+17
 -0.2650656E+18  0.2828650E+18 -0.1320795E+17 -0.6040854E+17 -0.1726390E+17  0.9649282E+16
  0.8653154E+17  0.2541886E+17 -0.7236445E+17  0.1866713E+16 -0.1062862E+17  0.1512920E+17
 -0.2307206E+18  0.3423124E+17  0.1351195E+18  0.1000501E+17 -0.2280686E+17 -0.1615947E+17
  0.1537936E+18 -0.9081294E+17 -0.5152147E+17  0.1340594E+17  0.1521135E+17  0.4314974E+16
  0.1295444E+18 -0.1972310E+18  0.5543444E+17  0.7507091E+17 -0.4219939E+17  0.5930356E+16
  0.2241528E+18 -0.1373226E+18 -0.4394608E+17 -0.2535976E+17  0.7709076E+17 -0.1966407E+17
 -0.2964140E+18  0.3114244E+18 -0.1451553E+17 -0.6529959E+17 -0.1887553E+17  0.1046368E+17
  0.9696381E+17  0.2882134E+17 -0.7951293E+17  0.2141700E+16 -0.1181714E+17  0.1630069E+17
 -0.2564450E+18  0.3610029E+17  0.1474565E+18  0.1102945E+17 -0.2414014E+17 -0.1734790E+17
  0.1695583E+18 -0.9813731E+17 -0.5595044E+17  0.1420003E+17  0.1619156E+17  0.4615599E+16
  0.1475911E+18 -0.2214787E+18  0.6210190E+17  0.8308909E+17 -0.4659581E+17  0.6532654E+16
  0.2534225E+18 -0.1517790E+18 -0.4870509E+17 -0.2878724E+17  0.8461974E+17 -0.2146377E+17
 -0.3325551E+18  0.3437026E+18 -0.1584617E+17 -0.7066622E+17 -0.2079115E+17  0.1138571E+17
  0.1087853E+18  0.3293921E+17 -0.8758837E+17  0.2493423E+16 -0.1326048E+17  0.1763041E+17
 -0.2855083E+18  0.3763373E+17  0.1614006E+18  0.1224159E+17 -0.2551733E+17 -0.1870452E+17
  0.1873299E+18 -0.1061069E+18 -0.6097037E+17  0.1502518E+17  0.1726733E+17  0.4961014E+16
  0.1689689E+18 -0.2497619E+18  0.6981972E+17  0.9229653E+17 -0.5160210E+17  0.7212559E+16
  0.2874521E+18 -0.1678660E+18 -0.5436043E+17 -0.3295022E+17  0.9328064E+17 -0.2350124E+17
 -0.3744714E+18  0.3803872E+18 -0.1718929E+17 -0.7658625E+17 -0.2306715E+17  0.1243318E+17
  0.1222543E+18  0.3792256E+17 -0.9675606E+17  0.2940838E+16 -0.1500658E+17  0.1914398E+17
 -0.3185277E+18  0.3874076E+17  0.1772348E+18  0.1367079E+17 -0.2694069E+17 -0.2025600E+17
  0.2074772E+18 -0.1148268E+18 -0.6668418E+17  0.1588753E+17  0.1845295E+17  0.5358154E+16
  0.1944235E+18 -0.2829092E+18  0.7879319E+17  0.1029166E+18 -0.5732672E+17  0.7983047E+16
  0.3271719E+18 -0.1857836E+18 -0.6111158E+17 -0.3801743E+17  0.1032847E+18 -0.2581693E+17
 -0.4232916E+18  0.4222363E+18 -0.1852082E+17 -0.8313569E+17 -0.2577564E+17  0.1362746E+17
  0.1376396E+18  0.4396547E+17 -0.1071993E+18  0.3510913E+16 -0.1712104E+17  0.2087279E+17
 -0.3561533E+18  0.3926067E+17  0.1952784E+18  0.1535518E+17 -0.2840258E+17 -0.2203540E+17
  0.2303937E+18 -0.1243885E+18 -0.7320926E+17  0.1678918E+17  0.1976267E+17  0.5815693E+16
  0.2249083E+18 -0.3219647E+18  0.8927790E+17  0.1152262E+18 -0.6390233E+17  0.8859769E+16
  0.3737495E+18 -0.2057697E+18 -0.6920881E+17 -0.4419767E+17  0.1148891E+18 -0.2845934E+17
 -0.4804324E+18  0.4701875E+18 -0.1980825E+17 -0.9040803E+17 -0.2900425E+17  0.1499411E+17
  0.1552729E+18  0.5130641E+17 -0.1191410E+18  0.4238261E+16 -0.1968373E+17  0.2285426E+17
 -0.3991879E+18  0.3899794E+17  0.2159194E+18  0.1733905E+17 -0.2989324E+17 -0.2408203E+17
  0.2565660E+18 -0.1349059E+18 -0.8068803E+17  0.1773385E+17  0.2121344E+17  0.6343940E+16
  0.2614841E+18 -0.3680743E+18  0.1015524E+18  0.1295286E+18 -0.7147438E+17  0.9859957E+16
  0.4282924E+18 -0.2278435E+18 -0.7897925E+17 -0.5179837E+17  0.1284132E+18 -0.3148646E+17
 -0.5472978E+18  0.5250810E+18 -0.2097426E+17 -0.9845218E+17 -0.3287431E+17  0.1656444E+17
  0.1753781E+18  0.6027273E+17 -0.1327927E+18  0.5178529E+16 -0.2281863E+17  0.2513696E+17
 -0.4482174E+18  0.3753911E+17  0.2395502E+18  0.1968546E+17 -0.3136648E+17 -0.2644818E+17
  0.2863796E+18 -0.1463907E+18 -0.8927100E+17  0.1870789E+17  0.2281665E+17  0.6956948E+16
  0.3053903E+18 -0.4225695E+18  0.1159366E+18  0.1461777E+18 -0.8021093E+17  0.1100337E+17
  0.4919200E+18 -0.2518342E+18 -0.9084347E+17 -0.6122989E+17  0.1442508E+18 -0.3496779E+17
 -0.6253862E+18  0.5877558E+18 -0.2189834E+17 -0.1072933E+18 -0.3754153E+17  0.1837632E+17
  0.1980951E+18  0.7127870E+17 -0.1483686E+18  0.6411886E+16 -0.2669304E+17  0.2778116E+17
 -0.5036833E+18  0.3428404E+17  0.2665944E+18  0.2247113E+17 -0.3274652E+17 -0.2919919E+17
  0.3201706E+18 -0.1587898E+18 -0.9912571E+17  0.1968811E+17  0.2458089E+17  0.7672400E+16
  0.3585351E+18 -0.4874775E+18  0.1329083E+18  0.1656981E+18 -0.9035348E+17  0.1231721E+17
  0.5666800E+18 -0.2779795E+18 -0.1053169E+18 -0.7291731E+17  0.1628807E+18 -0.3898826E+17
 -0.7172908E+18  0.6598709E+18 -0.2248630E+17 -0.1170942E+18 -0.4316953E+17  0.2047418E+17
  0.2239155E+18  0.8476449E+17 -0.1662340E+18  0.8022021E+16 -0.3146441E+17  0.3085286E+17
 -0.5668544E+18  0.2882602E+17  0.2977108E+18  0.2576432E+17 -0.3400398E+17 -0.3240396E+17
  0.3587558E+18 -0.1722964E+18 -0.1104968E+18  0.2068681E+17  0.2653366E+17  0.8508260E+16
  0.4235251E+18 -0.5655113E+18  0.1530949E+18  0.1887745E+18 -0.1022098E+18  0.1383509E+17
  0.6554076E+18 -0.3067013E+18 -0.1230542E+18 -0.8736847E+17  0.1848915E+18 -0.4365055E+17
 -0.8265676E+18  0.7437037E+18 -0.2262762E+17 -0.1280952E+18 -0.4995368E+17  0.2291139E+17
  0.2535618E+18  0.1012570E+18 -0.1868705E+18  0.1010895E+17 -0.3731228E+17  0.3443004E+17
 -0.6395590E+18  0.2075752E+17  0.3337567E+18  0.2964245E+17 -0.3512081E+17 -0.3614342E+17
  0.4032901E+18 -0.1872276E+18 -0.1236999E+18  0.2173012E+17  0.2871386E+17  0.9485516E+16
  0.5031779E+18 -0.6595516E+18  0.1771487E+18  0.2161305E+18 -0.1161008E+18  0.1559174E+17
  0.7605363E+18 -0.3376981E+18 -0.1449161E+18 -0.1053512E+18  0.2110135E+18 -0.4907597E+17
 -0.9565220E+18  0.8411120E+18 -0.2207257E+17 -0.1403973E+18 -0.5817631E+17  0.2575388E+17
  0.2873812E+18  0.1214817E+18 -0.2106933E+18  0.1283817E+17 -0.4453210E+17  0.3861741E+17
 -0.7228753E+18  0.9106922E+16  0.3755545E+18  0.3421782E+17 -0.3597676E+17 -0.4053096E+17
  0.4545780E+18 -0.2036127E+18 -0.1390591E+18  0.2280035E+17  0.3114340E+17  0.1063483E+17
  0.6009653E+18 -0.7731018E+18  0.2058501E+18  0.2486360E+18 -0.1324062E+18  0.1762759E+17
  0.8848274E+18 -0.3703721E+18 -0.1719947E+18 -0.1278480E+18  0.2421451E+18 -0.5541075E+17
 -0.1111032E+19  0.9541922E+18 -0.2047731E+17 -0.1540875E+18 -0.6819327E+17  0.2908187E+17
  0.3256925E+18  0.1463241E+18 -0.2381779E+18  0.1643479E+17 -0.5350319E+17  0.4354468E+17
 -0.8179107E+18 -0.7376082E+16  0.4240734E+18  0.3961572E+17 -0.3640346E+17 -0.4570813E+17
  0.5135043E+18 -0.2214407E+18 -0.1569632E+18  0.2387322E+17  0.3384397E+17  0.1199476E+17
  0.7217035E+18 -0.9109574E+18  0.2402540E+18  0.2874599E+18 -0.1516282E+18  0.1999505E+17
  0.1032391E+19 -0.4043475E+18 -0.2056601E+18 -0.1560188E+18  0.2793949E+18 -0.6283472E+17
 -0.1295698E+19  0.1086131E+19 -0.1745483E+17 -0.1693881E+18 -0.8042145E+17  0.3299243E+17
  0.3692066E+18  0.1768166E+18 -0.2700059E+18  0.2116980E+17 -0.6465422E+17  0.4936475E+17
 -0.9267429E+18 -0.2994497E+17  0.4806411E+18  0.4596770E+17 -0.3624667E+17 -0.5183960E+17
  0.5815526E+18 -0.2409289E+18 -0.1779294E+18  0.2495334E+17  0.3685679E+17  0.1360963E+17
  0.8717638E+18 -0.1079372E+19  0.2817152E+18  0.3341052E+18 -0.1744024E+18  0.2275945E+17
  0.1208561E+19 -0.4391384E+18 -0.2476671E+18 -0.1913243E+18  0.3241501E+18 -0.7156981E+17
 -0.1517827E+19  0.1241073E+19 -0.1251166E+17 -0.1866050E+18 -0.9537648E+17  0.3760484E+17
  0.4188688E+18  0.2142236E+18 -0.3070350E+18  0.2739030E+17 -0.7851405E+17  0.5626495E+17
 -0.1052111E+19 -0.6010311E+17  0.5469292E+18  0.5342938E+17 -0.3532387E+17 -0.5912645E+17
  0.6606715E+18 -0.2624064E+18 -0.2026075E+18  0.2605574E+17  0.4023598E+17  0.1553337E+17
  0.1058989E+19 -0.1285958E+19  0.3318501E+18  0.3903929E+18 -0.2014870E+18  0.2599755E+17
  0.1419140E+19 -0.4734330E+18 -0.3002816E+18 -0.2357104E+18  0.3781518E+18 -0.8188789E+17
 -0.1785815E+19  0.1423571E+19 -0.4940145E+16 -0.2060045E+18 -0.1137274E+18  0.4306665E+17
  0.4754436E+18  0.2601221E+18 -0.3501894E+18  0.3557915E+17 -0.9579687E+17  0.6448327E+17
 -0.1196576E+19 -0.9999241E+17  0.6248432E+18  0.6219042E+17 -0.3334217E+17 -0.6782635E+17
  0.7528727E+18 -0.2860793E+18 -0.2317585E+18  0.2717637E+17  0.4403223E+17  0.1783569E+17
  0.1293412E+19 -0.1540352E+19  0.3926637E+18  0.4586095E+18 -0.2338158E+18  0.2980194E+17
  0.1671023E+19 -0.5051720E+18 -0.3664243E+18 -0.2916904E+18  0.4435876E+18 -0.9412352E+17
 -0.2110020E+19  0.1639141E+19  0.6210173E+16 -0.2278873E+18 -0.1363240E+18  0.4956033E+17
  0.5397196E+18  0.3164351E+18 -0.4005530E+18  0.4638112E+17 -0.1174212E+18  0.7431762E+17
 -0.1363020E+19 -0.1523466E+18  0.7166921E+18  0.7247184E+17 -0.2990938E+17 -0.7826324E+17
  0.8605499E+18 -0.3121668E+18 -0.2663177E+18  0.2830983E+17  0.4830372E+17  0.2060458E+17
  0.1588448E+19 -0.1855253E+19  0.4667390E+18  0.5417180E+18 -0.2725676E+18  0.3428586E+17
  0.1973309E+19 -0.5317540E+18 -0.4498698E+18 -0.3624342E+18  0.5231999E+18 -0.1086862E+18
 -0.2504208E+19  0.1895135E+19  0.2217324E+17 -0.2527015E+18 -0.1642279E+18  0.5730968E+17
  0.6128541E+18  0.3854970E+18 -0.4595106E+18  0.6062126E+17 -0.1445205E+18  0.8613388E+17
 -0.1555472E+19 -0.2204294E+18  0.8254348E+18  0.8453443E+17 -0.2455973E+17 -0.9083589E+17
  0.9869782E+18 -0.3410947E+18 -0.3074852E+18  0.2947015E+17  0.5313267E+17  0.2394864E+17
  0.1961659E+19 -0.2247027E+19  0.5573094E+18  0.6434774E+18 -0.3191915E+18  0.3958306E+17
  0.2337239E+19 -0.5494235E+18 -0.5555126E+18 -0.4520030E+18  0.6204205E+18 -0.1260725E+18
 -0.2985933E+19  0.2200781E+19  0.4461347E+17 -0.2810008E+18 -0.1987859E+18  0.6658860E+17
  0.6961819E+18  0.4701495E+18 -0.5287217E+18  0.7937601E+17 -0.1785297E+18  0.1003856E+18
 -0.1778811E+19 -0.3083561E+18  0.9547256E+18  0.9869281E+17 -0.1669290E+17 -0.1060428E+18
  0.1136257E+19 -0.3734042E+18 -0.3567661E+18  0.3067763E+17  0.5862139E+17  0.2800467E+17
  0.2436080E+19 -0.2736774E+19  0.6684137E+18  0.7686460E+18 -0.3754592E+18  0.4584998E+17
  0.2776842E+19 -0.5528952E+18 -0.6897054E+18 -0.5655947E+18  0.7395462E+18 -0.1468845E+18
 -0.3577715E+19  0.2567708E+19  0.7578356E+17 -0.3134633E+18 -0.2417170E+18  0.7773373E+17
  0.7913175E+18  0.5738753E+18 -0.6102136E+18  0.1040457E+18 -0.2212680E+18  0.1176394E+18
 -0.2039085E+19 -0.4213350E+18  0.1109141E+19  0.1153282E+18 -0.5532214E+16 -0.1245135E+18
  0.1313591E+19 -0.4097826E+18 -0.4160734E+18  0.3195854E+17  0.6489831E+17  0.3294730E+17
  0.3041640E+19 -0.3351411E+19  0.8050341E+18  0.9231828E+18 -0.4435109E+18  0.5326731E+17
  0.3309448E+19 -0.5348036E+18 -0.8606426E+18 -0.7098318E+18  0.8859341E+18 -0.1718510E+18
 -0.4308185E+19  0.3010388E+19  0.1187221E+18 -0.3508904E+18 -0.2952149E+18  0.9115908E+17
  0.9002092E+18  0.7009440E+18 -0.7064693E+18  0.1364467E+18 -0.2750446E+18  0.1386064E+18
 -0.2343755E+19 -0.5659803E+18  0.1294420E+19  0.1348991E+18  0.9936088E+16 -0.1470487E+18
  0.1525530E+19 -0.4510638E+18 -0.4878429E+18  0.3334227E+17  0.7212190E+17  0.3900130E+17
  0.3817462E+19 -0.4125420E+19  0.9733395E+18  0.1114555E+19 -0.5259298E+18  0.6204317E+17
  0.3957241E+19 -0.4854477E+18 -0.1078860E+19 -0.8930610E+18  0.1066246E+19 -0.2018536E+18
 -0.5214415E+19  0.3547227E+19  0.1774892E+18 -0.3942797E+18 -0.3620722E+18  0.1073744E+18
  0.1025535E+19  0.8566541E+18 -0.8206625E+18  0.1788960E+18 -0.3427597E+18  0.1641795E+18
 -0.2702672E+19 -0.7505977E+18  0.1517923E+19  0.1579625E+18  0.3100241E+17 -0.1746678E+18
  0.1780641E+19 -0.4983585E+18 -0.5752304E+18  0.3486962E+17  0.8049653E+17  0.4645657E+17
  0.4814756E+19 -0.5102884E+19  0.1180936E+19  0.1352064E+19 -0.6258033E+18  0.7241334E+17
  0.4749162E+19 -0.3923163E+18 -0.1357903E+19 -0.1125747E+19  0.1288747E+19 -0.2379561E+18
 -0.6344769E+19  0.4201708E+19  0.2575313E+18 -0.4448579E+18 -0.4458543E+18  0.1270075E+18
  0.1171115E+19  0.1047712E+19 -0.9569461E+18  0.2343282E+18 -0.4280553E+18  0.1954858E+18
 -0.3129165E+19 -0.9856982E+18  0.1789221E+19  0.1851974E+18  0.5931837E+17 -0.2086785E+18
  0.2090246E+19 -0.5531226E+18 -0.6823681E+18  0.3659194E+17  0.9028440E+17  0.5569035E+17
  0.6099063E+19 -0.6338817E+19  0.1436916E+19  0.1646999E+19 -0.7467008E+18  0.8463304E+17
  0.5721664E+19 -0.2388731E+18 -0.1715053E+19 -0.1420954E+19  0.1563593E+19 -0.2814262E+18
 -0.7760626E+19  0.5002640E+19  0.3661939E+18 -0.5039573E+18 -0.5511167E+18  0.1508265E+18
  0.1341904E+19  0.1282609E+19 -0.1120612E+19  0.3064833E+18 -0.5355474E+18  0.2339532E+18
 -0.3640206E+19 -0.1284785E+19  0.2120528E+19  0.2173955E+18  0.9708139E+17 -0.2507681E+18
  0.2468712E+19 -0.6169960E+18 -0.8145972E+18  0.3855087E+17  0.1017946E+18  0.6719786E+17
  0.7754792E+19 -0.7901931E+19  0.1752146E+19  0.2012966E+19 -0.8926958E+18  0.9897161E+17
  0.6922812E+19 -0.4434138E+16 -0.2172310E+19 -0.1794744E+19  0.1903185E+19 -0.3337632E+18
 -0.9541439E+19  0.5986003E+19  0.5133390E+18 -0.5730527E+18 -0.6836561E+18  0.1797668E+18
  0.1545023E+19  0.1572359E+19 -0.1318714E+19  0.4000448E+18 -0.6710230E+18  0.2813885E+18
 -0.4258889E+19 -0.1665074E+19  0.2527799E+19  0.2554645E+18  0.1471627E+18 -0.3031149E+18
  0.2934929E+19 -0.6919507E+18 -0.9789331E+18  0.4078427E+17  0.1153986E+18  0.8162974E+17
  0.9888999E+19 -0.9876462E+19  0.2139322E+19  0.2465985E+19 -0.1068305E+19  0.1157017E+18
  0.8415505E+19  0.3368194E+18 -0.2757536E+19 -0.2266741E+19  0.2322577E+19 -0.3967355E+18
 -0.1178871E+20  0.7195670E+19  0.7122153E+18 -0.6535650E+18 -0.8508534E+18  0.2149664E+18
  0.1790392E+19  0.1931438E+19 -0.1560649E+19  0.5208989E+18 -0.8417980E+18  0.3400966E+18
 -0.5016075E+19 -0.2148732E+19  0.3031825E+19  0.3003795E+18  0.2134043E+18 -0.3685546E+18
  0.3513339E+19 -0.7801060E+18 -0.1184570E+19  0.4330391E+17  0.1315117E+18  0.9984845E+17
  0.1263381E+20 -0.1236239E+20  0.2612699E+19  0.3024198E+19 -0.1278284E+19  0.1350779E+18
  0.1028016E+20  0.8172615E+18 -0.3505614E+19 -0.2860649E+19  0.2839799E+19 -0.4723975E+18
 -0.1462866E+20  0.8682806E+19  0.9805237E+18 -0.7464201E+18 -0.1062040E+19  0.2577937E+18
  0.2091247E+19  0.2378823E+19 -0.1858738E+19  0.6764860E+18 -0.1057170E+19  0.4130198E+18
 -0.5951686E+19 -0.2764365E+19  0.3659320E+19  0.3530267E+18  0.3010678E+18 -0.4507808E+18
  0.4234623E+19 -0.8832539E+18 -0.1443402E+19  0.4605708E+17  0.1505318E+18  0.1229986E+18
  0.1615264E+20 -0.1547786E+20  0.3188258E+19  0.3707818E+19 -0.1527534E+19  0.1573271E+18
  0.1262316E+20  0.1476082E+19 -0.4460254E+19 -0.3604841E+19  0.3476397E+19 -0.5631393E+18
 -0.1822026E+20  0.1050725E+20  0.1341813E+19 -0.8517186E+18 -0.1328968E+19  0.3098913E+18
  0.2466227E+19  0.2939974E+19 -0.2229619E+19  0.8761811E+18 -0.1328957E+19  0.5039277E+18
 -0.7119497E+19 -0.3548925E+19  0.4445171E+19  0.4140320E+18  0.4173215E+18 -0.5546153E+18
  0.5138137E+19 -0.1002628E+19 -0.1770967E+19  0.4891182E+17  0.1727884E+18  0.1526003E+18
  0.2064205E+20 -0.1935789E+20  0.3883229E+19  0.4538405E+19 -0.1820825E+19  0.1826304E+18
  0.1558100E+20  0.2362223E+19 -0.5675865E+19 -0.4533307E+19  0.4257969E+19 -0.6717311E+18
 -0.2275768E+20  0.1273491E+20  0.1827213E+19 -0.9677781E+18 -0.1666355E+19  0.3732183E+18
  0.2940208E+19  0.3648821E+19 -0.2695243E+19  0.1132053E+19 -0.1672409E+19  0.6176718E+18
 -0.8588963E+19 -0.4550527E+19  0.5434179E+19  0.4833455E+18  0.5721726E+18 -0.6863651E+18
  0.6272538E+19 -0.1137747E+19 -0.2187248E+19  0.5159271E+17  0.1983675E+18  0.1906745E+18
  0.2633154E+20 -0.2415121E+20  0.4715453E+19  0.5537853E+19 -0.2162499E+19  0.2111109E+18
  0.1932313E+20  0.3538888E+19 -0.7219593E+19 -0.5686823E+19  0.5214693E+19 -0.8013639E+18
 -0.2847041E+20  0.1543299E+20  0.2477360E+19 -0.1089862E+19 -0.2092399E+19  0.4500819E+18
  0.3545018E+19  0.4549967E+19 -0.3283853E+19  0.1459950E+19 -0.2107383E+19  0.7604821E+18
 -0.1044635E+20 -0.5831868E+19  0.6682740E+19  0.5595898E+18  0.7797275E+18 -0.8542416E+18
  0.7695753E+19 -0.1284773E+19 -0.2717452E+19  0.5362182E+17  0.2268334E+18  0.2398902E+18
  0.3348836E+20 -0.3002067E+20  0.5703514E+19  0.6728012E+19 -0.2556460E+19  0.2428461E+18
  0.2405878E+20  0.5089947E+19 -0.9174616E+19 -0.7114996E+19  0.6382356E+19 -0.9557457E+18
 -0.3562762E+20  0.1866626E+20  0.3344816E+19 -0.1208888E+19 -0.2629443E+19  0.5431926E+18
  0.4321090E+19  0.5702010E+19 -0.4031563E+19  0.1881060E+19 -0.2659978E+19  0.9403587E+18
 -0.1279783E+20 -0.7475050E+19  0.8261484E+19  0.6392108E+18  0.1059834E+19 -0.1068895E+19
  0.9475882E+19 -0.1434672E+19 -0.3393111E+19  0.5430322E+17  0.2568627E+18  0.3037502E+18
  0.4241924E+20 -0.3714217E+20  0.6866713E+19  0.8130394E+19 -0.3006237E+19  0.2778913E+18
  0.3003543E+20  0.7132638E+19 -0.1164392E+20 -0.8879479E+19  0.7803597E+19 -0.1139207E+19
 -0.4453522E+20  0.2248894E+20  0.4496751E+19 -0.1309668E+19 -0.3304643E+19  0.6557143E+18
  0.5316733E+19  0.7180490E+19 -0.4982963E+19  0.2424395E+19 -0.3364859E+19  0.1167537E+19
 -0.1576684E+20 -0.9587838E+19  0.1025665E+20  0.7151664E+18  0.1440478E+19 -0.1344041E+19
  0.1168919E+20 -0.1570354E+19 -0.4252745E+19  0.5274130E+17  0.2856621E+18  0.3868070E+18
  0.5347118E+20 -0.4570442E+20  0.8225193E+19  0.9766449E+19 -0.3515237E+19  0.3163097E+18
  0.3752713E+20  0.9837085E+19 -0.1475440E+20 -0.1105841E+20  0.9529310E+19 -0.1356789E+19
 -0.5552601E+20  0.2693378E+20  0.6017610E+19 -0.1369047E+19 -0.4150554E+19  0.7912940E+18
  0.6584322E+19  0.9079871E+19 -0.6190298E+19  0.3130317E+19 -0.4268253E+19  0.1454963E+19
 -0.1948463E+20 -0.1231069E+20  0.1276956E+20  0.7750756E+18  0.1960876E+19 -0.1697101E+19
  0.1441495E+20 -0.1663246E+19 -0.5341808E+19  0.4797774E+17  0.3081779E+18  0.4948838E+18
  0.6704791E+20 -0.5592110E+20  0.9801682E+19  0.1166020E+20 -0.4087531E+19  0.3582251E+18
  0.4682371E+20  0.1345217E+20 -0.1866358E+20 -0.1375291E+20  0.1162101E+20 -0.1614378E+19
 -0.6895878E+20  0.3200615E+20  0.8012686E+19 -0.1354794E+19 -0.5206026E+19  0.9541187E+18
  0.8174975E+19  0.1151555E+20 -0.7712060E+19  0.4055301E+19 -0.5431738E+19  0.1818840E+19
 -0.2407909E+20 -0.1582493E+20  0.1591573E+20  0.7989726E+18  0.2675150E+19 -0.2149917E+19
  0.1773103E+20 -0.1670657E+19 -0.6712609E+19  0.3935326E+17  0.3162385E+18  0.6353146E+18
  0.8363283E+20 -0.6804891E+20  0.1162324E+20  0.1384222E+20 -0.4728698E+19  0.4038477E+18
  0.5820630E+20  0.1834116E+20 -0.2356753E+20 -0.1709558E+20  0.1415358E+20 -0.1918768E+19
 -0.8521364E+20  0.3767816E+20  0.1061249E+20 -0.1224797E+19 -0.6517330E+19  0.1148940E+19
  0.1012752E+20  0.1462287E+20 -0.9608713E+19  0.5278400E+19 -0.6936890E+19  0.2279121E+19
 -0.2965325E+20 -0.2036015E+20  0.1982070E+20  0.7563319E+18  0.3656757E+19 -0.2729432E+19
  0.2170608E+20 -0.1533741E+19 -0.8423243E+19  0.2709334E+17  0.2975910E+18  0.8171789E+18
  0.1038236E+21 -0.8241387E+20  0.1372261E+20  0.1635477E+20 -0.5446417E+19  0.4534374E+18
  0.7191266E+20  0.2502463E+20 -0.2971017E+20 -0.2126013E+20  0.1721798E+20 -0.2277502E+19
 -0.1046897E+21  0.4388632E+20  0.1397838E+20 -0.9270015E+18 -0.8139501E+19  0.1380997E+19
  0.1245244E+20  0.1855115E+20 -0.1193514E+20  0.6909192E+19 -0.8890244E+19  0.2859829E+19
 -0.3625628E+20 -0.2619770E+20  0.2461209E+20  0.6025205E+18  0.5003093E+19 -0.3468201E+19
  0.2639076E+20 -0.1177563E+19 -0.1053562E+20  0.1313580E+17  0.2350511E+18  0.1051498E+19
  0.1283959E+21 -0.9945400E+20  0.1613944E+20  0.1925898E+20 -0.6250712E+19  0.5071842E+18
  0.8810919E+20  0.3423000E+20 -0.3739725E+20 -0.2647318E+20  0.2092453E+20 -0.2698473E+19
 -0.1278252E+21  0.5053929E+20  0.1831202E+20 -0.4002032E+18 -0.1013866E+20  0.1655845E+19
  0.1511580E+20  0.2345336E+20 -0.1473163E+20  0.9097434E+19 -0.1142864E+20  0.3589305E+19
 -0.4385877E+20 -0.3367062E+20  0.3041171E+20  0.2750574E+18  0.6840109E+19 -0.4404961E+19
  0.3181425E+20 -0.5143689E+18 -0.1311438E+20  0.2079064E+16  0.1060159E+18  0.1351493E+19
  0.1583786E+21 -0.1197637E+21  0.1891817E+20  0.2264091E+20 -0.7152829E+19  0.5649392E+18
  0.1068584E+21  0.4694794E+20 -0.4701241E+20 -0.3302656E+20  0.2540504E+20 -0.3188959E+19
 -0.1551255E+21  0.5752717E+20  0.2386907E+20  0.4252355E+18 -0.1259485E+20  0.1978904E+19
  0.1802439E+20  0.2946773E+20 -0.1801268E+20  0.1204406E+20 -0.1472429E+20  0.4500245E+19
 -0.5233173E+20 -0.4315748E+20  0.3732661E+20 -0.3101480E+18  0.9326720E+19 -0.5585240E+19
  0.3798478E+20  0.5507917E+18 -0.1622664E+20  0.1996665E+16 -0.1176458E+18  0.1732956E+19
  0.1951388E+21 -0.1441322E+21  0.2210060E+20  0.2661451E+20 -0.8161904E+19  0.6257552E+18
  0.1280955E+21  0.6448958E+20 -0.5903426E+20 -0.4128709E+20  0.3081142E+20 -0.3753753E+19
 -0.1872064E+21  0.6473143E+20  0.3097776E+20  0.1626869E+19 -0.1560482E+20  0.2354524E+19
  0.2102154E+20  0.3669334E+20 -0.2175683E+20  0.1601217E+20 -0.1898840E+20  0.5629461E+19
 -0.6144424E+20 -0.5507169E+20  0.4544359E+20 -0.1261881E+19  0.1265860E+20 -0.7062106E+19
  0.4489913E+20  0.2113063E+19 -0.1994435E+20  0.2486148E+17 -0.4693148E+18  0.2214837E+19
  0.2404594E+21 -0.1735643E+21  0.2571173E+20  0.3131980E+20 -0.9279402E+19  0.6873232E+18
  0.1516184E+21  0.8854046E+20 -0.7405260E+20 -0.5170265E+20  0.3731040E+20 -0.4392514E+19
 -0.2248490E+21  0.7203183E+20  0.4006303E+20  0.3290149E+19 -0.1928470E+20  0.2784624E+19
  0.2390023E+20  0.4516524E+20 -0.2590202E+20  0.2133765E+20 -0.2447405E+20  0.7017869E+19
 -0.7088772E+20 -0.6985385E+20  0.5483303E+20 -0.2715685E+19  0.1707270E+20 -0.8897923E+19
  0.5256298E+20  0.4262320E+19 -0.2435152E+20  0.8640763E+17 -0.9873293E+18  0.2820408E+19
  0.2965918E+21 -0.2092636E+21  0.2973736E+20  0.3691206E+20 -0.1049076E+20  0.7453936E+18
  0.1771169E+21  0.1211926E+21 -0.9277904E+20 -0.6479731E+20  0.4507105E+20 -0.5096309E+19
 -0.2690678E+21  0.7930634E+20  0.5167504E+20  0.5508856E+19 -0.2377139E+20  0.3266783E+19
  0.2644240E+20  0.5484326E+20 -0.3035382E+20  0.2843712E+20 -0.3147790E+20  0.8710958E+19
 -0.8034014E+20 -0.8797794E+20  0.6556922E+20 -0.4835263E+19  0.2285378E+20 -0.1116761E+20
  0.6102452E+20  0.7083199E+19 -0.2955831E+20  0.2055392E+18 -0.1715437E+19  0.3579274E+19
  0.3662085E+21 -0.2525407E+21  0.3409356E+20  0.4353859E+20 -0.1175561E+20  0.7935170E+18
  0.2042358E+21  0.1649214E+21 -0.1160393E+21 -0.8114729E+20  0.5424403E+20 -0.5844107E+19
 -0.3211536E+21  0.8641700E+20  0.6651403E+20  0.8385034E+19 -0.2922100E+20  0.3792077E+19
  0.2847576E+20  0.6562578E+20 -0.3500884E+20  0.3781060E+20 -0.4034102E+20  0.1076019E+20
 -0.8955426E+20 -0.1099754E+21  0.7776642E+20 -0.7814018E+19  0.3034463E+20 -0.1396398E+20
  0.7041045E+20  0.1066317E+20 -0.3572051E+20  0.4037153E+18 -0.2704809E+19  0.4530417E+19
  0.4522712E+21 -0.3046619E+21  0.3859965E+20  0.5130707E+20 -0.1300087E+20  0.8235838E+18
  0.2327442E+21  0.2224910E+21 -0.1447596E+21 -0.1013411E+21  0.6494175E+20 -0.6601171E+19
 -0.3827298E+21  0.9319348E+20  0.8545504E+20  0.1202928E+20 -0.3580739E+20  0.4343583E+19
  0.2994324E+20  0.7741883E+20 -0.3980306E+20  0.5004197E+20 -0.5145580E+20  0.1322739E+20
 -0.9847869E+20 -0.1364990E+21  0.9164355E+20 -0.1188005E+20  0.3996586E+20 -0.1740730E+20
  0.8097029E+20  0.1511172E+20 -0.4306823E+20  0.7050860E+18 -0.4018975E+19  0.5727016E+19
  0.5577825E+21 -0.3666525E+21  0.4296843E+20  0.6025379E+20 -0.1412242E+20  0.8275116E+18
  0.2627871E+21  0.2967957E+21 -0.1799543E+21 -0.1259350E+21  0.7723075E+20 -0.7321199E+19
 -0.4557874E+21  0.9940913E+20  0.1095680E+21  0.1656312E+20 -0.4372276E+20  0.4896447E+19
  0.3095162E+20  0.9026015E+20 -0.4477513E+20  0.6580347E+20 -0.6528592E+20  0.1619311E+20
 -0.1073672E+21 -0.1684216E+21  0.1076054E+21 -0.1730910E+20  0.5224996E+20 -0.2166003E+20
  0.9311075E+20  0.2058970E+20 -0.5193904E+20  0.1138256E+19 -0.5742672E+19  0.7243158E+19
  0.6854926E+21 -0.4391383E+21  0.4683145E+20  0.7032989E+20 -0.1500052E+20  0.7998573E+18
  0.2951652E+21  0.3907135E+21 -0.2227427E+21 -0.1554321E+21  0.9115181E+20 -0.7953071E+19
 -0.5426922E+21  0.1047502E+21  0.1401370E+21  0.2212652E+20 -0.5318455E+20  0.5420168E+19
  0.3177368E+20  0.1044731E+21 -0.5012592E+20  0.8587796E+20 -0.8240802E+20  0.1976957E+20
 -0.1168385E+21 -0.2069571E+21  0.1263235E+21 -0.2445029E+20  0.6789380E+20 -0.2694667E+20
  0.1074099E+21  0.2734421E+20 -0.6280999E+20  0.1740309E+19 -0.7995021E+19  0.9182332E+19
  0.8377850E+21 -0.5223876E+21  0.4980752E+20  0.8143162E+20 -0.1552835E+20  0.7402822E+18
  0.3315090E+21  0.5071672E+21 -0.2744391E+21 -0.1903403E+21  0.1067815E+21 -0.8450827E+19
 -0.6462028E+21  0.1087817E+21  0.1786995E+21  0.2889552E+20 -0.6445636E+20  0.5882966E+19
  0.3279429E+20  0.1207906E+21 -0.5624704E+20  0.1112265E+21 -0.1035869E+21  0.2411799E+20
 -0.1278503E+21 -0.2537915E+21  0.1487969E+21 -0.3377055E+20  0.8783656E+20 -0.3357904E+20
  0.1246078E+21  0.3574427E+20 -0.7632561E+20  0.2563350E+19 -0.1094716E+20  0.1168787E+20
  0.1016890E+22 -0.6166316E+21  0.5158390E+20  0.9347981E+20 -0.1563998E+20  0.6541761E+18
  0.3740824E+21  0.6495394E+21 -0.3367004E+21 -0.2313254E+21  0.1243140E+21 -0.8780576E+19
 -0.7694434E+21  0.1109063E+21  0.2271093E+21  0.3710656E+20 -0.7787962E+20  0.6255294E+19
  0.3440335E+20  0.1403346E+21 -0.6367604E+20  0.1431097E+21 -0.1298704E+21  0.2946398E+20
 -0.1415273E+21 -0.3111627E+21  0.1763370E+21 -0.4591200E+20  0.1133522E+21 -0.4198036E+20
  0.1455525E+21  0.4630220E+20 -0.9330614E+20  0.3682337E+19 -0.1484097E+20  0.1495343E+20
  0.1225472E+22 -0.7225766E+21  0.5194670E+20  0.1065134E+21 -0.1531470E+20  0.5504939E+18
  0.4251202E+21  0.8224033E+21 -0.4116532E+21 -0.2794072E+21  0.1441050E+21 -0.8915779E+19
 -0.9158207E+21  0.1103228E+21  0.2876144E+21  0.4707481E+20 -0.9389996E+20  0.6507258E+19
  0.3686890E+20  0.1643863E+21 -0.7296476E+20  0.1832360E+21 -0.1626629E+21  0.3609991E+20
 -0.1588506E+21 -0.3818272E+21  0.2104392E+21 -0.6174357E+20  0.1461265E+21 -0.5269566E+20
  0.1711030E+21  0.5966438E+20 -0.1147230E+21  0.5201310E+19 -0.2000222E+20  0.1923019E+20
  0.1467422E+22 -0.8418755E+21  0.5070738E+20  0.1207482E+21 -0.1454568E+20  0.4380539E+18
  0.4858349E+21  0.1032305E+22 -0.5019031E+21 -0.3360997E+21  0.1666253E+21 -0.8816771E+19
 -0.1088895E+22  0.1060191E+21  0.3629324E+21  0.5918862E+20 -0.1130709E+21  0.6595699E+19
  0.4021263E+20  0.1939586E+21 -0.8447477E+20  0.2338813E+21 -0.2037246E+21  0.4436409E+20
 -0.1802560E+21 -0.4688735E+21  0.2525264E+21 -0.8237503E+20  0.1882802E+21 -0.6637627E+20
  0.2020025E+21  0.7655547E+20 -0.1416366E+21  0.7253300E+19 -0.2683891E+20  0.2482756E+20
  0.1748428E+22 -0.9772217E+21  0.4751913E+20  0.1365459E+21 -0.1327957E+20  0.3228712E+18
  0.5554970E+21  0.1288132E+22 -0.6103193E+21 -0.4033602E+21  0.1922818E+21 -0.8396273E+19
 -0.1292216E+22  0.9682172E+20  0.4562725E+21  0.7385987E+20 -0.1360075E+21  0.6438961E+19
  0.4412206E+20  0.2292881E+21 -0.9815214E+20  0.2978842E+21 -0.2550326E+21  0.5458632E+20
 -0.2052765E+21 -0.5753632E+21  0.3035961E+21 -0.1090920E+21  0.2422796E+21 -0.8372266E+20
  0.2387606E+21  0.9766761E+20 -0.1750985E+21  0.9987999E+19 -0.3581297E+20  0.3210275E+20
  0.2075895E+22 -0.1131874E+22  0.4166366E+20  0.1542875E+21 -0.1135848E+20  0.2090497E+18
  0.6311633E+21  0.1600643E+22 -0.7395930E+21 -0.4832825E+21  0.2211462E+21 -0.7485456E+19
 -0.1529218E+22  0.8153961E+20  0.5712647E+21  0.9142702E+20 -0.1632890E+21  0.5886701E+19
  0.4797534E+20  0.2694913E+21 -0.1133973E+21  0.3784526E+21 -0.3184925E+21  0.6700806E+20
 -0.2324747E+21 -0.7039208E+21  0.3639229E+21 -0.1431907E+21  0.3107206E+21 -0.1053927E+21
  0.2816263E+21  0.1235224E+21 -0.2160647E+21  0.1354436E+20 -0.4738342E+20  0.4144140E+20
  0.2458230E+22 -0.1308855E+22  0.3194490E+20  0.1742210E+21 -0.8504337E+19  0.1037816E+18
  0.7084864E+21  0.1981285E+22 -0.8917924E+21 -0.5776678E+21  0.2527366E+21 -0.5824368E+19
 -0.1803420E+22  0.5920974E+20  0.7118572E+21  0.1120502E+21 -0.1953642E+21  0.4701458E+19
  0.5104821E+20  0.3126930E+21 -0.1291751E+21  0.4788460E+21 -0.3956275E+21  0.8171789E+20
 -0.2598817E+21 -0.8565988E+21  0.4330801E+21 -0.1857634E+21  0.3960923E+21 -0.1319261E+21
  0.3307586E+21  0.1543895E+21 -0.2654164E+21  0.1801626E+20 -0.6194476E+20  0.5324570E+20
  0.2904071E+22 -0.1510470E+22  0.1677838E+20  0.1964070E+21 -0.4363400E+19  0.2423444E+17
  0.7833508E+21  0.2441117E+22 -0.1068311E+22 -0.6878181E+21  0.2860547E+21 -0.3092643E+19
 -0.2119144E+22  0.2937548E+20  0.8823784E+21  0.1356818E+21 -0.2325712E+21  0.2566672E+19
  0.5282572E+20  0.3567121E+21 -0.1443896E+21  0.6021854E+21 -0.4875042E+21  0.9866576E+20
 -0.2858115E+21 -0.1035355E+22  0.5104402E+21 -0.2375790E+21  0.5007606E+21 -0.1637711E+21
  0.3865929E+21  0.1903575E+21 -0.3241760E+21  0.2343289E+20 -0.7981176E+20  0.6795913E+20
  0.3422080E+22 -0.1738548E+22 -0.5581271E+19  0.2208123E+21  0.1417750E+19  0.2275705E+16
  0.8536395E+21  0.2990798E+22 -0.1270502E+22 -0.8148017E+21  0.3199392E+21  0.1035500E+19
 -0.2482686E+22 -0.7809545E+19  0.1087973E+22  0.1621809E+21 -0.2753309E+21 -0.8855680E+18
  0.5323520E+20  0.4000735E+21 -0.1583768E+21  0.7516586E+21 -0.5951171E+21  0.1177943E+21
 -0.3096536E+21 -0.1243187E+22  0.5960609E+21 -0.2992255E+21  0.6274031E+21 -0.2014773E+21
  0.4502912E+21  0.2315981E+21 -0.3939224E+21  0.2977944E+20 -0.1013030E+21  0.8615249E+20
  0.4021554E+22 -0.1995299E+22 -0.3685305E+20  0.2474926E+21  0.9142344E+19  0.8442924E+17
  0.9201820E+21  0.3642030E+22 -0.1500840E+22 -0.9601284E+21  0.3535424E+21  0.6857442E+19
 -0.2903488E+22 -0.5183833E+20  0.1335416E+22  0.1915449E+21 -0.3244460E+21 -0.6057839E+19
  0.5263729E+20  0.4427871E+21 -0.1712231E+21  0.9311859E+21 -0.7201681E+21  0.1392424E+21
 -0.3321772E+21 -0.1485480E+22  0.6915252E+21 -0.3715418E+21  0.7798669E+21 -0.2460124E+21
  0.5240661E+21  0.2787292E+21 -0.4772702E+21  0.3706116E+20 -0.1269202E+21  0.1086632E+21
  0.4713513E+22 -0.2284195E+22 -0.7875634E+20  0.2767334E+21  0.1908288E+20  0.3289776E+18
  0.9861630E+21  0.4409728E+22 -0.1763874E+22 -0.1126388E+22  0.3865588E+21  0.1466713E+20
 -0.3394594E+22 -0.1023570E+21  0.1633918E+22  0.2241002E+21 -0.3813046E+21 -0.1341334E+20
  0.5158136E+20  0.4862992E+21 -0.1836573E+21  0.1146184E+22 -0.8657431E+21  0.1634797E+21
 -0.3551091E+21 -0.1770702E+22  0.8001474E+21 -0.4560775E+21  0.9639807E+21 -0.2990100E+21
  0.6111825E+21  0.3330404E+21 -0.5781483E+21  0.4536939E+20 -0.1575198E+21  0.1367249E+21
  0.5511601E+22 -0.2610219E+22 -0.1332466E+21  0.3090411E+21  0.3155190E+20  0.8053315E+18
  0.1055436E+22  0.5313450E+22 -0.2066207E+22 -0.1317368E+22  0.4189937E+21  0.2482175E+20
 -0.3972159E+22 -0.1595308E+21  0.1995432E+22  0.2604988E+21 -0.4478371E+21 -0.2354005E+20
  0.5052731E+20  0.5326748E+21 -0.1966112E+21  0.1403906E+22 -0.1036368E+22  0.1912627E+21
 -0.3803215E+21 -0.2110066E+22  0.9264097E+21 -0.5552220E+21  0.1187788E+22 -0.3627731E+21
  0.7156745E+21  0.3964199E+21 -0.7017425E+21  0.5489532E+20 -0.1943514E+21  0.1720204E+21
  0.6431560E+22 -0.2978922E+22 -0.2027278E+21  0.3449388E+21  0.4694899E+20  0.1597535E+19
  0.1130731E+22  0.6376262E+22 -0.2415017E+22 -0.1537298E+22  0.4505384E+21  0.3778075E+20
 -0.4653732E+22 -0.2238944E+21  0.2433868E+22  0.3014408E+21 -0.5261505E+21 -0.3720277E+20
  0.4969834E+20  0.5835232E+21 -0.2107252E+21  0.1712830E+22 -0.1237094E+22  0.2233731E+21
 -0.4090856E+21 -0.2516018E+22  0.1074780E+22 -0.6717199E+21  0.1460743E+22 -0.4399117E+21
  0.8418340E+21  0.4709169E+21 -0.8540107E+21  0.6585702E+20 -0.2388642E+21  0.2165909E+21
  0.7490850E+22 -0.3395698E+22 -0.2900697E+21  0.3848284E+21  0.6574616E+20  0.2808108E+19
  0.1212239E+22  0.7622987E+22 -0.2816145E+22 -0.1790075E+22  0.4800643E+21  0.5407064E+20
 -0.5456712E+22 -0.2956056E+21  0.2963866E+22  0.3473292E+21 -0.6181629E+21 -0.5533963E+20
  0.4904397E+20  0.6390437E+21 -0.2259683E+21  0.2081687E+22 -0.1472185E+22  0.2602851E+21
 -0.4415280E+21 -0.3000552E+22  0.1248433E+22 -0.8078217E+21  0.1792385E+22 -0.5327875E+21
  0.9937358E+21  0.5581401E+21 -0.1041034E+22  0.7837104E+20 -0.2923527E+21  0.2726457E+21
  0.8708920E+22 -0.3866090E+22 -0.3985409E+21  0.4290616E+21  0.8846075E+20  0.4559545E+19
  0.1296782E+22  0.9079681E+22 -0.3273134E+22 -0.2079228E+22  0.5055839E+21  0.7421428E+20
 -0.6397989E+22 -0.3735756E+21  0.3600158E+22  0.3981286E+21 -0.7255612E+21 -0.7902624E+20
  0.4827363E+20  0.6974246E+21 -0.2414803E+21  0.2518979E+22 -0.1744372E+22  0.3019906E+21
 -0.4763392E+21 -0.3574455E+22  0.1448539E+22 -0.9646635E+21  0.2191485E+22 -0.6431426E+21
  0.1175067E+22  0.6588627E+21 -0.1268650E+22  0.9235642E+20 -0.3556674E+21  0.3424215E+21
  0.1010873E+23 -0.4396943E+22 -0.5319233E+21  0.4781288E+21  0.1156840E+21  0.6997474E+19
  0.1378865E+22  0.1077573E+23 -0.3788538E+22 -0.2408749E+22  0.5246504E+21  0.9872230E+20
 -0.7496336E+22 -0.4553402E+21  0.4358883E+22  0.4535946E+21 -0.8502125E+21 -0.1094935E+21
  0.4702043E+20  0.7553747E+21 -0.2559104E+21  0.3033739E+22 -0.2055577E+22  0.3482004E+21
 -0.5112625E+21 -0.4248915E+22  0.1675114E+22 -0.1142575E+22  0.2666941E+22 -0.7723821E+21
  0.1389765E+22  0.7733322E+21 -0.1543079E+22  0.1075798E+21 -0.4293219E+21  0.4283267E+21
  0.1171747E+23 -0.4996550E+22 -0.6946649E+21  0.5326558E+21  0.1481091E+21  0.1029573E+20
  0.1454082E+22  0.1274574E+23 -0.4366394E+22 -0.2783612E+22  0.5347641E+21  0.1281522E+21
 -0.8775967E+22 -0.5379512E+21  0.5259954E+22  0.5136366E+21 -0.9945973E+21 -0.1482059E+21
  0.4511119E+20  0.8100793E+21 -0.2682500E+21  0.3636728E+22 -0.2408536E+22  0.3987818E+21
 -0.5445280E+21 -0.5038629E+22  0.1929223E+22 -0.1342110E+22  0.3229858E+22 -0.9223689E+21
  0.1643222E+22  0.9021540E+21 -0.1872342E+22  0.1238241E+21 -0.5139721E+21  0.5333521E+21
  0.1356618E+23 -0.5673795E+22 -0.8917396E+21  0.5932388E+21  0.1864764E+21  0.1465407E+20
  0.1522975E+22  0.1503023E+23 -0.5014251E+22 -0.3209650E+22  0.5336352E+21  0.1631546E+21
 -0.1026905E+23 -0.6193081E+21  0.6328888E+22  0.5785648E+21 -0.1161958E+22 -0.1969144E+21
  0.4274330E+20  0.8615430E+21 -0.2786469E+21  0.4341361E+22 -0.2808233E+22  0.4541302E+21
 -0.5764155E+21 -0.5964476E+22  0.2215153E+22 -0.1565129E+22  0.3895515E+22 -0.1096196E+22
  0.1943315E+22  0.1047150E+22 -0.2267618E+22  0.1410634E+21 -0.6109496E+21  0.6615099E+21
  0.1568844E+23 -0.6437295E+22 -0.1128271E+22  0.6603393E+21  0.2314766E+21  0.2028556E+20
  0.1590863E+22  0.1767460E+23 -0.5742713E+22 -0.3693091E+22  0.5191501E+21  0.2044433E+21
 -0.1201414E+23 -0.6986509E+21  0.7596167E+22  0.6490204E+21 -0.1356047E+22 -0.2576135E+21
  0.4032976E+20  0.9126814E+21 -0.2882652E+21  0.5163602E+22 -0.3261789E+22  0.5151087E+21
 -0.6091377E+21 -0.7052930E+22  0.2540204E+22 -0.1814894E+22  0.4683315E+22 -0.1298149E+22
  0.2300093E+22  0.1211288E+22 -0.2743139E+22  0.1594739E+21 -0.7223038E+21  0.8178812E+21
  0.1812209E+23 -0.7296426E+22 -0.1409582E+22  0.7344330E+21  0.2837673E+21  0.2741021E+20
  0.1662432E+22  0.2073053E+23 -0.6562875E+22 -0.4240700E+22  0.4889245E+21  0.2527240E+21
 -0.1405287E+23 -0.7755133E+21  0.9095298E+22  0.7256410E+21 -0.1580793E+22 -0.3324723E+21
  0.3812586E+20  0.9662095E+21 -0.2980576E+21  0.6121572E+22 -0.3776781E+22  0.5825332E+21
 -0.6445710E+21 -0.8332893E+22  0.2911651E+22 -0.2094967E+22  0.5614820E+22 -0.1532709E+22
  0.2724343E+22  0.1397580E+22 -0.3314593E+22  0.1792386E+21 -0.8501880E+21  0.1008181E+22
  0.2091061E+23 -0.8262028E+22 -0.1741460E+22  0.8161059E+21  0.3440357E+21  0.3625771E+20
  0.1736642E+22  0.2425627E+23 -0.7483302E+22 -0.4859747E+22  0.4397522E+21  0.3085979E+21
 -0.1642718E+23 -0.8481006E+21  0.1086061E+23  0.8086725E+21 -0.1839990E+22 -0.4237584E+21
  0.3605734E+20  0.1021497E+22 -0.3077440E+21  0.7234705E+22 -0.4359163E+22  0.6566371E+21
 -0.6821448E+21 -0.9832493E+22  0.3333587E+22 -0.2407741E+22  0.6711261E+22 -0.1803353E+22
  0.3226261E+22  0.1607863E+22 -0.3997310E+22  0.2003267E+21 -0.9960647E+21  0.1238159E+22
  0.2410389E+23 -0.9346197E+22 -0.2130258E+22  0.9059885E+21  0.4129999E+21  0.4706707E+20
  0.1809556E+22  0.2831775E+23 -0.8511505E+22 -0.5558068E+22  0.3678121E+21  0.3725821E+21
 -0.1918224E+23 -0.9137347E+21  0.1292884E+23  0.8981481E+21 -0.2137507E+22 -0.5338570E+21
  0.3396227E+20  0.1076120E+22 -0.3164913E+21  0.8524425E+22 -0.5014135E+22  0.7373386E+21
 -0.7200359E+21 -0.1158134E+23  0.3808462E+22 -0.2754985E+22  0.7994791E+22 -0.2113002E+22
  0.3816380E+22  0.1843370E+22 -0.4807200E+22  0.2225939E+21 -0.1160975E+22  0.1513815E+22
  0.2775907E+23 -0.1056189E+23 -0.2582814E+22  0.1004659E+22  0.4913602E+21  0.6007883E+20
  0.1881572E+22  0.3299158E+23 -0.9658906E+22 -0.6344488E+22  0.2693918E+21  0.4452793E+21
 -0.2237292E+23 -0.9712904E+21  0.1534383E+23  0.9945031E+21 -0.2477836E+22 -0.6654038E+21
  0.3188430E+20  0.1130253E+22 -0.3243846E+21  0.1001647E+23 -0.5749487E+22  0.8250561E+21
 -0.7582436E+21 -0.1361650E+23  0.4341855E+22 -0.3140178E+22  0.9492992E+22 -0.2465848E+22
  0.4507965E+22  0.2106625E+22 -0.5763879E+22  0.2461126E+21 -0.1346764E+22  0.1842422E+22
  0.3193962E+23 -0.1192221E+23 -0.3106171E+22  0.1112561E+22  0.5797255E+21  0.7551984E+20
  0.1958336E+22  0.3836515E+23 -0.1094143E+23 -0.7228559E+22  0.1409953E+21  0.5274039E+21
 -0.2606350E+23 -0.1022166E+22  0.1815681E+23  0.1098650E+22 -0.2865954E+22 -0.8212614E+21
  0.3001821E+20  0.1187359E+22 -0.3325104E+21  0.1174139E+23 -0.6576164E+22  0.9208006E+21
 -0.7990247E+21 -0.1598303E+23  0.4943158E+22 -0.3569089E+22  0.1123975E+23 -0.2867700E+22
  0.5317110E+22  0.2401792E+22 -0.6891102E+22  0.2712283E+21 -0.1556390E+22  0.2232759E+22
  0.3671787E+23 -0.1344134E+23 -0.3707619E+22  0.1230121E+22  0.6786256E+21  0.9359501E+20
  0.2044868E+22  0.4453867E+23 -0.1237595E+23 -0.8220662E+22 -0.2122069E+20  0.6196239E+21
 -0.3032419E+23 -0.1068671E+22  0.2142383E+23  0.1211525E+22 -0.3306908E+22 -0.1004347E+22
  0.2847036E+20  0.1250632E+22 -0.3417420E+21  0.1373427E+23 -0.7505933E+22  0.1025519E+22
 -0.8443975E+21 -0.1873044E+23  0.5621762E+22 -0.4048193E+22  0.1327255E+23 -0.3324524E+22
  0.6260959E+22  0.2733246E+22 -0.8214442E+22  0.2983023E+21 -0.1793023E+22  0.2694358E+22
  0.4217573E+23 -0.1513444E+23 -0.4394625E+22  0.1357720E+22  0.7884892E+21  0.1144778E+21
  0.2142520E+22  0.5162514E+23 -0.1397759E+23 -0.9331619E+22 -0.2217962E+21  0.7224028E+21
 -0.3522890E+23 -0.1112714E+22  0.2520346E+23  0.1333733E+22 -0.3805449E+22 -0.1217453E+22
  0.2720991E+20  0.1321038E+22 -0.3521944E+21  0.1603407E+23 -0.8549499E+22  0.1139666E+22
 -0.8948112E+21 -0.2191030E+23  0.6384588E+22 -0.4583376E+22  0.1563027E+23 -0.3841319E+22
  0.7356575E+22  0.3104570E+22 -0.9759541E+22  0.3275423E+21 -0.2059327E+22  0.3236854E+22
  0.4840607E+23 -0.1701745E+23 -0.5174959E+22  0.1495647E+22  0.9096440E+21  0.1383101E+21
  0.2252931E+22  0.5975295E+23 -0.1576244E+23 -0.1057287E+23 -0.4656581E+21  0.8361219E+21
 -0.4085998E+23 -0.1157010E+22  0.2956029E+23  0.1465865E+22 -0.4366365E+22 -0.1463356E+22
  0.2621417E+20  0.1399737E+22 -0.3640078E+21  0.1868515E+23 -0.9718313E+22  0.1263646E+22
 -0.9508592E+21 -0.2558019E+23  0.7238852E+22 -0.5181169E+22  0.1835609E+23 -0.4423189E+22
  0.8622564E+22  0.3519635E+22 -0.1155423E+23  0.3591691E+21 -0.2358155E+22  0.3870667E+22
  0.5551413E+23 -0.1910659E+23 -0.6056723E+22  0.1644004E+22  0.1042287E+22  0.1652007E+21
  0.2382481E+22  0.6906931E+23 -0.1775102E+23 -0.1195653E+23 -0.7578119E+21  0.9612495E+21
 -0.4731304E+23 -0.1207110E+22  0.3456892E+23  0.1608865E+22 -0.4994725E+22 -0.1744980E+22
  0.2556203E+20  0.1490910E+22 -0.3781184E+21  0.2173939E+23 -0.1102691E+23  0.1398300E+22
 -0.1015259E+22 -0.2980819E+23  0.8195359E+22 -0.5850483E+22  0.2150120E+23 -0.5076737E+22
  0.1008088E+23  0.3983980E+22 -0.1363119E+23  0.3936190E+21 -0.2693535E+22  0.4607963E+22
  0.6362067E+23 -0.2141915E+23 -0.7048495E+22  0.1802795E+22  0.1186507E+22  0.1952246E+21
  0.2541444E+22  0.7974523E+23 -0.1996855E+23 -0.1349592E+23 -0.1103457E+22  0.1098353E+22
 -0.5469868E+23 -0.1271593E+22  0.4031562E+23  0.1764030E+22 -0.5695970E+22 -0.2065425E+22
  0.2538066E+20  0.1601330E+22 -0.3960282E+21  0.2525797E+23 -0.1249321E+23  0.1544861E+22
 -0.1092519E+22 -0.3467420E+23  0.9268307E+22 -0.6602857E+22  0.2512612E+23 -0.5810141E+22
  0.1175697E+23  0.4504850E+22 -0.1602839E+23  0.4315244E+21 -0.3070752E+22  0.5462911E+22
  0.7286057E+23 -0.2397232E+23 -0.8158781E+22  0.1971821E+22  0.1342186E+22  0.2284010E+21
  0.2741132E+22  0.9197409E+23 -0.2244165E+23 -0.1520467E+23 -0.1508197E+22  0.1247893E+22
 -0.6313796E+23 -0.1361283E+22  0.4689493E+23  0.1932641E+22 -0.6475299E+22 -0.2427677E+22
  0.2578146E+20  0.1738589E+22 -0.4192586E+21  0.2931073E+23 -0.1413649E+23  0.1704498E+22
 -0.1187676E+22 -0.4026685E+23  0.1047264E+23 -0.7451277E+22  0.2929830E+23 -0.6631935E+22
  0.1367819E+23  0.5090163E+22 -0.1878695E+23  0.4735598E+21 -0.3495662E+22  0.6450954E+22
  0.8338823E+23 -0.2678425E+23 -0.9396313E+22  0.2150771E+22  0.1509045E+22  0.2646977E+21
  0.2993449E+22  0.1059791E+24 -0.2519890E+23 -0.1709742E+23 -0.1978180E+22  0.1410223E+22
 -0.7276616E+23 -0.1489142E+22  0.5441238E+23  0.2115960E+22 -0.7337890E+22 -0.2834655E+22
  0.2686452E+20  0.1910835E+22 -0.4492647E+21  0.3397872E+23 -0.1597777E+23  0.1878302E+22
 -0.1306071E+22 -0.4668594E+23  0.1182399E+23 -0.8410346E+22  0.3409392E+23 -0.7551057E+22
  0.1587429E+23  0.5748539E+22 -0.2195190E+23  0.5204280E+21 -0.3974709E+22  0.7589097E+22
  0.9537846E+23 -0.2987330E+23 -0.1076989E+23  0.2339140E+22  0.1686609E+22  0.3040272E+21
  0.3312145E+22  0.1220158E+24 -0.2827115E+23 -0.1918940E+23 -0.2520051E+22  0.1585595E+22
 -0.8373443E+23 -0.1670850E+22  0.6298598E+23  0.2315234E+22 -0.8288820E+22 -0.3289197E+22
  0.2875467E+20  0.2127587E+22 -0.4876298E+21  0.3935559E+23 -0.1804011E+23  0.2067341E+22
 -0.1453895E+22 -0.5404429E+23  0.1333933E+23 -0.9496640E+22  0.3959942E+23 -0.8577086E+22
  0.1837798E+23  0.6489566E+22 -0.2557305E+23  0.5728930E+21 -0.4515132E+22  0.8896258E+22
  0.1090298E+24 -0.3325785E+23 -0.1228841E+23  0.2536198E+22  0.1874194E+22  0.3462471E+21
  0.3713808E+22  0.1403776E+24 -0.3169227E+23 -0.2149639E+23 -0.3140981E+22  0.1774174E+22
 -0.9621304E+23 -0.1925399E+22  0.7274897E+23  0.2531717E+22 -0.9333091E+22 -0.3794110E+22
  0.3162524E+20  0.2400440E+22 -0.5361917E+21  0.4554994E+23 -0.2034919E+23  0.2272723E+22
 -0.1638620E+22 -0.6247051E+23  0.1503769E+23 -0.1072920E+23  0.4591379E+23 -0.9720533E+22
  0.2122573E+23  0.7324111E+22 -0.2970627E+23  0.6318111E+21 -0.5125196E+22  0.1039378E+23
  0.1245668E+24 -0.3695584E+23 -0.1396070E+23  0.2740968E+22  0.2070894E+22  0.3911578E+21
  0.4217901E+22  0.1614002E+24 -0.3549883E+23 -0.2403451E+23 -0.3848699E+22  0.1976003E+22
 -0.1103931E+24 -0.2275249E+22  0.8385141E+23  0.2766594E+22 -0.1047555E+23 -0.4352131E+22
  0.3570511E+20  0.2743143E+22 -0.5970033E+21  0.5268738E+23 -0.2293321E+23  0.2495532E+22
 -0.1868986E+22 -0.7211074E+23  0.1693998E+23 -0.1212961E+23  0.5315004E+23 -0.1099278E+23
  0.2445804E+23  0.8264267E+22 -0.3441413E+23  0.6981151E+21 -0.5814193E+22  0.1210576E+23
  0.1422475E+24 -0.4098573E+23 -0.1579591E+23  0.2952301E+22  0.2275635E+22  0.4385152E+21
  0.4846990E+22  0.1854736E+24 -0.3973114E+23 -0.2682083E+23 -0.4651663E+22  0.2191035E+22
 -0.1264928E+24 -0.2746584E+22  0.9646528E+23  0.3021002E+22 -0.1172116E+23 -0.4966058E+22
  0.4128949E+20  0.3171842E+22 -0.6723210E+21  0.6091491E+23 -0.2582372E+23  0.2736868E+22
 -0.2155078E+22 -0.8313339E+23  0.1906952E+23 -0.1372248E+23  0.6143907E+23 -0.1240642E+23
  0.2812073E+23  0.9323609E+22 -0.3976791E+23  0.7728255E+21 -0.6592653E+22  0.1405979E+23
  0.1623602E+24 -0.4536354E+23 -0.1780246E+23  0.3168649E+22  0.2487008E+22  0.4880004E+21
  0.5627194E+22  0.2130395E+24 -0.4443109E+23 -0.2987150E+23 -0.5558825E+22  0.2418974E+22
 -0.1447538E+24 -0.3369778E+22  0.1107823E+24  0.3295799E+22 -0.1307425E+23 -0.5638439E+22
  0.4875780E+20  0.3705458E+22 -0.7646156E+21  0.7040116E+23 -0.2905434E+23  0.2997659E+22
 -0.2508490E+22 -0.9572798E+23  0.2145122E+23 -0.1553508E+23  0.7092903E+23 -0.1397462E+23
  0.3226417E+23  0.1051681E+23 -0.4584680E+23  0.8570127E+21 -0.7472095E+22  0.1628687E+23
  0.1852348E+24 -0.5010517E+23 -0.1998882E+23  0.3388306E+22  0.2703444E+22  0.5392523E+21
  0.6588301E+22  0.2446088E+24 -0.4964434E+23 -0.3320331E+23 -0.6579832E+22  0.2659399E+22
 -0.1654517E+24 -0.4179438E+22  0.1270220E+24  0.3591695E+22 -0.1453923E+23 -0.6371861E+22
  0.5858204E+20  0.4365885E+22 -0.8765360E+21  0.8134299E+23 -0.3266236E+23  0.3278801E+22
 -0.2942336E+22 -0.1101125E+24  0.2411257E+23 -0.1759820E+23  0.8179148E+23 -0.1571187E+23
  0.3694537E+23  0.1186010E+23 -0.5274124E+23  0.9518233E+21 -0.8465420E+22  0.1882264E+23
  0.2112449E+24 -0.5522403E+23 -0.2236273E+23  0.3609193E+22  0.2923054E+22  0.5918389E+21
  0.7764644E+22  0.2807683E+24 -0.5541895E+23 -0.3683215E+23 -0.7724876E+22  0.2911617E+22
 -0.1888964E+24 -0.5215305E+22  0.1454334E+24  0.3909060E+22 -0.1611988E+23 -0.7168684E+22
  0.7135049E+20  0.5178697E+22 -0.1010953E+22  0.9396889E+23 -0.3668804E+23  0.3581005E+22
 -0.3471596E+22 -0.1265358E+24  0.2708329E+23 -0.1994616E+23  0.9422330E+23 -0.1763357E+23
  0.4222809E+23  0.1337113E+23 -0.6055338E+23  0.1058460E+22 -0.9586829E+22  0.2170778E+23
  0.2408137E+24 -0.6073161E+23 -0.2493123E+23  0.3829028E+22  0.3143746E+22  0.6452772E+21
  0.9194409E+22  0.3221907E+24 -0.6180538E+23 -0.4077337E+23 -0.9004636E+22  0.3174691E+22
 -0.2154371E+24 -0.6521688E+22  0.1662988E+24  0.4247893E+22 -0.1781968E+23 -0.8031108E+22
  0.8776199E+20  0.6172848E+22 -0.1170797E+22  0.1085437E+24 -0.4117472E+23  0.3904782E+22
 -0.4112757E+22 -0.1452810E+24  0.3039511E+23 -0.2261683E+23  0.1084506E+24 -0.1975608E+23
  0.4818365E+23  0.1506882E+23 -0.6939883E+23  0.1178145E+22 -0.1085180E+23  0.2498876E+23
  0.2744195E+24 -0.6663547E+23 -0.2769997E+23  0.4045163E+22  0.3363100E+22  0.6990104E+21
  0.1092068E+23  0.3696466E+24 -0.6885554E+23 -0.4504040E+23 -0.1043008E+23  0.3447330E+22
 -0.2454657E+24 -0.8148397E+22  0.1899379E+24  0.4607671E+22 -0.1964117E+23 -0.8960932E+22
  0.1086486E+21  0.7381528E+22 -0.1359105E+22  0.1253743E+24 -0.4616844E+23  0.4250324E+22
 -0.4884221E+22 -0.1666708E+24  0.3408165E+23 -0.2565179E+23  0.1247326E+24 -0.2209644E+23
  0.5489168E+23  0.1697332E+23 -0.7940807E+23  0.1312100E+22 -0.1227707E+23  0.2871856E+23
  0.3126106E+24 -0.7294147E+23 -0.3067399E+23  0.4254860E+22  0.3578583E+22  0.7524487E+21
  0.1299119E+23  0.4240294E+24 -0.7662459E+23 -0.4964623E+23 -0.1201262E+23  0.3728011E+22
 -0.2794301E+24 -0.1015042E+23  0.2167188E+24  0.4987448E+22 -0.2158677E+23 -0.9959861E+22
  0.1349689E+21  0.8842205E+22 -0.1578904E+22  0.1448196E+24 -0.5171927E+23  0.4617613E+22
 -0.5806150E+22 -0.1910771E+24  0.3817922E+23 -0.2909708E+23  0.1433704E+24 -0.2467309E+23
  0.6244285E+23  0.1910632E+23 -0.9073110E+23  0.1461543E+22 -0.1388099E+23  0.3295867E+23
  0.3559979E+24 -0.7964829E+23 -0.3385551E+23  0.4454977E+22  0.3787288E+22  0.8049172E+21
  0.1545842E+23  0.4863501E+24 -0.8516610E+23 -0.5459960E+23 -0.1376326E+23  0.4014709E+22
 -0.3178261E+24 -0.1258799E+23  0.2470527E+24  0.5385464E+22 -0.2365709E+23 -0.1102878E+23
  0.1678118E+21  0.1059688E+23 -0.1833115E+22  0.1672913E+24 -0.5787822E+23  0.5006070E+22
 -0.6900444E+22 -0.2189178E+24  0.4272471E+23 -0.3300176E+23  0.1647057E+24 -0.2750429E+23
  0.7093680E+23  0.2148999E+23 -0.1035351E+24  0.1627574E+22 -0.1568275E+23  0.3777842E+23
  0.4052796E+24 -0.8675123E+23 -0.3724532E+23  0.4642335E+22  0.3986232E+22  0.8557140E+21
  0.1837973E+23  0.5577769E+24 -0.9453539E+23 -0.5990738E+23 -0.1569293E+23  0.4305108E+22
 -0.3612184E+24 -0.1552649E+23  0.2814123E+24  0.5799374E+22 -0.2585223E+23 -0.1216825E+23
  0.2083837E+21  0.1269241E+23 -0.2124475E+22  0.1932699E+24 -0.6469964E+23  0.5414764E+22
 -0.8190763E+22 -0.2506736E+24  0.4775724E+23 -0.3741924E+23  0.1891348E+24 -0.3060932E+23
  0.8048686E+23  0.2414768E+23 -0.1180121E+24  0.1811197E+22 -0.1770300E+23  0.4325814E+23
  0.4612444E+24 -0.9423913E+23 -0.4084155E+23  0.4813616E+22  0.4172269E+22  0.9040932E+21
  0.2181716E+23  0.6396466E+24 -0.1047866E+24 -0.6557237E+23 -0.1781182E+23  0.4596477E+22
 -0.4102426E+24 -0.1903610E+23  0.3203343E+24  0.6226033E+22 -0.2817083E+23 -0.1337811E+23
  0.2579913E+21  0.1518056E+23 -0.2455393E+22  0.2233111E+24 -0.7223931E+23  0.5842206E+22
 -0.9702368E+22 -0.2868916E+24  0.5331686E+23 -0.4240635E+23  0.2171125E+24 -0.3400764E+23
  0.9122007E+23  0.2710322E+23 -0.1343796E+24  0.2013221E+22 -0.1996337E+23  0.4948985E+23
  0.5247849E+24 -0.1020942E+24 -0.4463939E+23  0.4965473E+22  0.4342180E+22  0.9492816E+21
  0.2583703E+23  0.7334901E+24 -0.1159721E+24 -0.7159281E+23 -0.2012906E+23  0.4885686E+22
 -0.4656157E+24 -0.2319122E+23  0.3644301E+24  0.6661483E+22 -0.3061004E+23 -0.1465737E+23
  0.3180122E+21  0.1811803E+23 -0.2827808E+22  0.2580585E+24 -0.8055401E+23  0.6286314E+22
 -0.1146196E+23 -0.3281955E+24  0.5944425E+23 -0.4802305E+23  0.2491625E+24 -0.3771869E+23
  0.1032794E+24  0.3038068E+23 -0.1528852E+24  0.2234196E+22 -0.2248636E+23  0.5657925E+23
  0.5969068E+24 -0.1102908E+24 -0.4863053E+23  0.5094623E+22  0.4492745E+22  0.9904932E+21
  0.3050897E+23  0.8410539E+24 -0.1281400E+24 -0.7796139E+23 -0.2265209E+23  0.5169216E+22
 -0.5281431E+24 -0.2806917E+23  0.4143931E+24  0.7100899E+22 -0.3316523E+23 -0.1600410E+23
  0.3898419E+21  0.2156591E+23 -0.3242972E+22  0.2982546E+24 -0.8970001E+23  0.6744315E+22
 -0.1349716E+23 -0.3752934E+24  0.6617970E+23 -0.5433140E+23  0.2858849E+24 -0.4176134E+23
  0.1168252E+24  0.3400366E+23 -0.1738096E+24  0.2474313E+22 -0.2529489E+23  0.6464740E+23
  0.6787639E+24 -0.1187979E+24 -0.5280409E+23  0.5198030E+22  0.4620911E+22  0.1026967E+22
  0.3590655E+23  0.9643582E+24 -0.1413373E+24 -0.8466642E+23 -0.2538683E+23  0.5443306E+22
 -0.5987485E+24 -0.3375046E+23  0.4710245E+24  0.7538784E+22 -0.3583060E+23 -0.1741565E+23
  0.4748634E+21  0.2559034E+23 -0.3701424E+22  0.3447653E+24 -0.9973471E+23  0.7212886E+22
 -0.1583687E+23 -0.4290024E+24  0.7356451E+23 -0.6139652E+23  0.3279779E+24 -0.4615472E+23
  0.1320414E+24  0.3799592E+23 -0.1974770E+24  0.2733404E+22 -0.2841276E+23  0.7383514E+23
  0.7716375E+24 -0.1275728E+24 -0.5714369E+23  0.5272819E+22  0.4723708E+22  0.1057945E+22
  0.4210346E+23  0.1105678E+25 -0.1555999E+24 -0.9168711E+23 -0.2833582E+23  0.5703757E+22
 -0.6784549E+24 -0.4031476E+23  0.5352215E+24  0.7968642E+22 -0.3859735E+23 -0.1888775E+23
  0.5743310E+21  0.3025994E+23 -0.4202527E+22  0.3985784E+24 -0.1107099E+24  0.7687742E+22
 -0.1850953E+23 -0.4902383E+24  0.8163598E+23 -0.6928190E+23  0.3762329E+24 -0.5091527E+23
  0.1491312E+24  0.4237866E+23 -0.2242502E+24  0.3010688E+22 -0.3186262E+23  0.8430188E+23
  0.8769938E+24 -0.1365664E+24 -0.6162966E+23  0.5316563E+22  0.4798517E+22  0.1082737E+22
  0.4917489E+23  0.1267634E+25 -0.1709586E+24 -0.9899675E+23 -0.3149886E+23  0.5946241E+22
 -0.7684334E+24 -0.4784166E+23  0.6080182E+24  0.8383417E+22 -0.4145508E+23 -0.2041516E+23
  0.6893350E+21  0.3564681E+23 -0.4744562E+22  0.4608408E+24 -0.1226751E+24  0.8163981E+22
 -0.2154384E+23 -0.5600549E+24  0.9043054E+23 -0.7805147E+23  0.4315676E+24 -0.5605860E+23
  0.1683278E+24  0.4717192E+23 -0.2545477E+24  0.3304846E+22 -0.3566702E+23  0.9623266E+23
  0.9964865E+24 -0.1457212E+24 -0.6623802E+23  0.5327383E+22  0.4843157E+22  0.1100736E+22
  0.5719368E+23  0.1453211E+25 -0.1874336E+24 -0.1065609E+24 -0.3487191E+23  0.6166326E+22
 -0.8700060E+24 -0.5640655E+23  0.6905920E+24  0.8775502E+22 -0.4439120E+23 -0.2199134E+23
  0.8206627E+21  0.4182378E+23 -0.5324357E+22  0.5328708E+24 -0.1356737E+24  0.8635941E+22
 -0.2496715E+23 -0.6396499E+24  0.9998044E+23 -0.8776593E+23  0.4950345E+24 -0.6159776E+23
  0.1898948E+24  0.5239280E+23 -0.2888462E+24  0.3613850E+22 -0.3984695E+23  0.1098399E+24
  0.1131988E+25 -0.1549711E+24 -0.7094017E+23  0.5303953E+22  0.4855915E+22  0.1111431E+22
  0.6622951E+23  0.1665812E+25 -0.2050330E+24 -0.1143366E+24 -0.3844651E+23  0.6359543E+22
 -0.9846711E+24 -0.6607932E+23  0.7842864E+24  0.9136882E+22 -0.4739056E+23 -0.2360829E+23
  0.9687264E+21  0.4886365E+23 -0.5937249E+22  0.6161843E+24 -0.1497407E+24  0.9097234E+22
 -0.2880519E+23 -0.7303880E+24  0.1103130E+24 -0.9848124E+23  0.5678430E+24 -0.6754263E+23
  0.2141315E+24  0.5805484E+23 -0.3276903E+24  0.3934924E+22 -0.4442132E+23  0.1253680E+24
  0.1285609E+25 -0.1642424E+24 -0.7570307E+23  0.5245680E+22  0.4835706E+22  0.1114443E+22
  0.7634475E+23  0.1909300E+25 -0.2237494E+24 -0.1222724E+24 -0.4220919E+23  0.6521560E+22
 -0.1114121E+25 -0.7691989E+23  0.8906294E+24  0.9459387E+22 -0.5043560E+23 -0.2525656E+23
  0.1133416E+22  0.5683582E+23 -0.6576838E+22  0.7125166E+24 -0.1648997E+24  0.9540805E+22
 -0.3308053E+23 -0.8338184E+24  0.1214483E+24 -0.1102452E+24  0.6513774E+24 -0.7389885E+23
  0.2413768E+24  0.6416672E+23 -0.3717003E+24  0.4264462E+22 -0.4940573E+23  0.1430969E+24
  0.1459772E+25 -0.1734583E+24 -0.8049137E+23  0.5152820E+22  0.4782217E+22  0.1109567E+22
  0.8759500E+23  0.2188122E+25 -0.2435648E+24 -0.1303116E+24 -0.4614227E+23  0.6648460E+22
 -0.1260305E+25 -0.8897835E+23  0.1011389E+25  0.9735176E+22 -0.5350753E+23 -0.2692586E+23
  0.1314055E+22  0.6580630E+23 -0.7235209E+22  0.8238750E+24 -0.1811653E+24  0.9959296E+22
 -0.3781289E+23 -0.9517281E+24  0.1334014E+24 -0.1230983E+24  0.7472428E+24 -0.8066910E+23
  0.2720233E+24  0.7073337E+23 -0.4215955E+24  0.4598145E+22 -0.5481308E+23  0.1633525E+24
  0.1657171E+25 -0.1825314E+24 -0.8526369E+23  0.5026293E+22  0.4695744E+22  0.1096733E+22
  0.1000206E+24  0.2507260E+25 -0.2644347E+24 -0.1383862E+24 -0.5022113E+23  0.6736569E+22
 -0.1425396E+25 -0.1022863E+24  0.1148547E+25  0.9956539E+22 -0.5658379E+23 -0.2860382E+23
  0.1509216E+22  0.7583062E+23 -0.7902491E+22  0.9525278E+24 -0.1985304E+24  0.1034467E+23
 -0.4301577E+23 -0.1086120E+25  0.1461730E+24 -0.1370640E+24  0.8572541E+24 -0.8784796E+23
  0.3065095E+24  0.7775109E+23 -0.4781844E+24  0.4930705E+22 -0.6064960E+23  0.1865035E+24
