  0.1032586E+18 -0.1636190E+18  0.4613334E+17  0.6481586E+17 -0.3655043E+17  0.5152804E+16
  0.1811061E+18 -0.1169786E+18 -0.3857918E+17 -0.2100151E+17  0.6853997E+17 -0.1765565E+17
 -0.2457107E+18  0.2698496E+18 -0.1231091E+17 -0.5956218E+17 -0.1693953E+17  0.9511341E+16
  0.7941083E+17  0.2324608E+17 -0.6931093E+17  0.1701216E+16 -0.1014476E+17  0.1512390E+17
 -0.2154770E+18  0.3438950E+17  0.1313745E+18  0.9649609E+16 -0.2330633E+17 -0.1629490E+17
  0.1461713E+18 -0.8944602E+17 -0.5065835E+17  0.1368358E+17  0.1549958E+17  0.4389145E+16
  0.1094909E+18 -0.1711404E+18  0.4823446E+17  0.6687550E+17 -0.3769659E+17  0.5312232E+16
  0.1913999E+18 -0.1215920E+18 -0.3944144E+17 -0.2187690E+17  0.6993894E+17 -0.1797391E+17
 -0.2571997E+18  0.2782579E+18 -0.1290815E+17 -0.6037236E+17 -0.1717210E+17  0.9635469E+16
  0.8364610E+17  0.2446668E+17 -0.7132257E+17  0.1789140E+16 -0.1043101E+17  0.1520366E+17
 -0.2248042E+18  0.3464136E+17  0.1340766E+18  0.9874767E+16 -0.2319397E+17 -0.1630078E+17
  0.1510438E+18 -0.9073110E+17 -0.5137902E+17  0.1362540E+17  0.1543153E+17  0.4369268E+16
  0.1248860E+18 -0.1924020E+18  0.5415882E+17  0.7410462E+17 -0.4171910E+17  0.5871709E+16
  0.2172327E+18 -0.1353894E+18 -0.4345188E+17 -0.2460930E+17  0.7668275E+17 -0.1963533E+17
 -0.2892407E+18  0.3079519E+18 -0.1438413E+17 -0.6558945E+17 -0.1876862E+17  0.1048014E+17
  0.9446627E+17  0.2778529E+17 -0.7875795E+17  0.2043117E+16 -0.1158251E+17  0.1641542E+17
 -0.2515596E+18  0.3705869E+17  0.1469007E+18  0.1089075E+17 -0.2468801E+17 -0.1752310E+17
  0.1674731E+18 -0.9860157E+17 -0.5597028E+17  0.1451318E+17  0.1647655E+17  0.4676382E+16
  0.1431309E+18 -0.2172138E+18  0.6102154E+17  0.8241026E+17 -0.4630278E+17  0.6503884E+16
  0.2472641E+18 -0.1507392E+18 -0.4824258E+17 -0.2798683E+17  0.8446337E+17 -0.2151942E+17
 -0.3263951E+18  0.3416737E+18 -0.1589860E+17 -0.7133197E+17 -0.2069137E+17  0.1144237E+17
  0.1067895E+18  0.3185865E+17 -0.8719839E+17  0.2376109E+16 -0.1300701E+17  0.1780034E+17
 -0.2819299E+18  0.3914609E+17  0.1614695E+18  0.1211230E+17 -0.2623573E+17 -0.1892970E+17
  0.1860774E+18 -0.1071866E+18 -0.6120352E+17  0.1543573E+17  0.1762760E+17  0.5032678E+16
  0.1649099E+18 -0.2463571E+18  0.6901906E+17  0.9200755E+17 -0.5155341E+17  0.7221566E+16
  0.2824141E+18 -0.1679021E+18 -0.5399135E+17 -0.3215267E+17  0.9347992E+17 -0.2366558E+17
 -0.3697681E+18  0.3802036E+18 -0.1744006E+17 -0.7768770E+17 -0.2300601E+17  0.1254295E+17
  0.1209110E+18  0.3685856E+17 -0.9683546E+17  0.2808993E+16 -0.1475967E+17  0.1938844E+17
 -0.3166205E+18  0.4079877E+17  0.1781114E+18  0.1357425E+17 -0.2783976E+17 -0.2055206E+17
  0.2072775E+18 -0.1166048E+18 -0.6719857E+17  0.1639914E+17  0.1890142E+17  0.5446380E+16
  0.1910868E+18 -0.2808034E+18  0.7839342E+17  0.1031606E+18 -0.5759983E+17  0.8040230E+16
  0.3238054E+18 -0.1871653E+18 -0.6092261E+17 -0.3729012E+17  0.1039764E+18 -0.2612130E+17
 -0.4207130E+18  0.4244767E+18 -0.1898939E+17 -0.8475854E+17 -0.2579332E+17  0.1380685E+17
  0.1371758E+18  0.4300070E+17 -0.1078945E+18  0.3369874E+16 -0.1691092E+17  0.2121588E+17
 -0.3564588E+18  0.4186856E+17  0.1972143E+18  0.1531910E+17 -0.2949911E+17 -0.2242802E+17
  0.2315694E+18 -0.1269893E+18 -0.7409706E+17  0.1740976E+17  0.2031687E+17  0.5927355E+16
  0.2227438E+18 -0.3217494E+18  0.8943984E+17  0.1161903E+18 -0.6459710E+17  0.8978347E+16
  0.3727784E+18 -0.2088099E+18 -0.6932441E+17 -0.4364203E+17  0.1162546E+18 -0.2894408E+17
 -0.4808562E+18  0.4755793E+18 -0.2051068E+17 -0.9265290E+17 -0.2915637E+17  0.1526443E+17
  0.1559681E+18  0.5056359E+17 -0.1206367E+18  0.4098077E+16 -0.1955472E+17  0.2332723E+17
 -0.4023743E+18  0.4212428E+17  0.2192333E+18  0.1740060E+17 -0.3120237E+17 -0.2460447E+17
  0.2595164E+18 -0.1384703E+18 -0.8206629E+17  0.1847091E+17  0.2189407E+17  0.6487911E+16
  0.2612431E+18 -0.3706769E+18  0.1025198E+18  0.1314880E+18 -0.7273249E+17  0.1005798E+17
  0.4309342E+18 -0.2330920E+18 -0.7956886E+17 -0.5152966E+17  0.1306898E+18 -0.3220379E+17
 -0.5521592E+18  0.5347760E+18 -0.2194351E+17 -0.1014849E+18 -0.3322718E+17  0.1695273E+17
  0.1777121E+18  0.5990632E+17 -0.1353662E+18  0.5048570E+16 -0.2281580E+17  0.2577765E+17
 -0.4554077E+18  0.4122386E+17  0.2447052E+18  0.1988577E+17 -0.3292380E+17 -0.2713975E+17
  0.2917587E+18 -0.1511716E+18 -0.9130533E+17  0.1958198E+17  0.2365443E+17  0.7143458E+16
  0.3080540E+18 -0.4291685E+18  0.1180164E+18  0.1494751E+18 -0.8220788E+17  0.1130311E+17
  0.4996329E+18 -0.2598240E+18 -0.9215495E+17 -0.6144548E+17  0.1477566E+18 -0.3598494E+17
 -0.6364199E+18  0.6030689E+18 -0.2314553E+17 -0.1112797E+18 -0.3819475E+17  0.1891795E+17
  0.2025887E+18  0.7153409E+17 -0.1523454E+18  0.6314675E+16 -0.2689659E+17  0.2864070E+17
 -0.5161048E+18  0.3843218E+17  0.2741446E+18  0.2287215E+17 -0.3457055E+17 -0.3011388E+17
  0.3287007E+18 -0.1650182E+18 -0.1020176E+18  0.2071110E+17  0.2560805E+17  0.7915712E+16
  0.3652969E+18 -0.4994901E+18  0.1364679E+18  0.1707449E+18 -0.9329996E+17  0.1274545E+17
  0.5810099E+18 -0.2890570E+18 -0.1077132E+18 -0.7395055E+17  0.1680428E+18 -0.4039161E+17
 -0.7363994E+18  0.6821510E+18 -0.2397333E+17 -0.1221674E+18 -0.4427342E+17  0.2121547E+17
  0.2310261E+18  0.8601973E+17 -0.1719666E+18  0.8007097E+16 -0.3201483E+17  0.3200127E+17
 -0.5856268E+18  0.3308043E+17  0.3082831E+18  0.2645569E+17 -0.3607337E+17 -0.3361698E+17
  0.3711255E+18 -0.1801117E+18 -0.1144816E+18  0.2185260E+17  0.2777964E+17  0.8828566E+16
  0.4361607E+18 -0.5849846E+18  0.1586526E+18  0.1961473E+18 -0.1063935E+18  0.1442739E+17
  0.6785881E+18 -0.3213611E+18 -0.1270428E+18 -0.8966326E+17  0.1922778E+18 -0.4555222E+17
 -0.8565028E+18  0.7748754E+18 -0.2430097E+17 -0.1344558E+18 -0.5170226E+17  0.2391181E+17
  0.2639405E+18  0.1040103E+18 -0.1948358E+18  0.1024676E+17 -0.3838919E+17  0.3595600E+17
 -0.6662827E+18  0.2469004E+17  0.3481940E+18  0.3073136E+17 -0.3741535E+17 -0.3774890E+17
  0.4204856E+18 -0.1968629E+18 -0.1290905E+18  0.2304182E+17  0.3021879E+17  0.9907802E+16
  0.5243487E+18 -0.6894565E+18  0.1854372E+18  0.2266384E+18 -0.1219140E+18  0.1639509E+17
  0.7958252E+18 -0.3566495E+18 -0.1512111E+18 -0.1095024E+18  0.2213812E+18 -0.5162158E+17
 -0.1001293E+19  0.8839249E+18 -0.2385323E+17 -0.1483411E+18 -0.6082297E+17  0.2709007E+17
  0.3019640E+18  0.1263963E+18 -0.2215399E+18  0.1322676E+17 -0.4636615E+17  0.4063392E+17
 -0.7598512E+18  0.1219750E+17  0.3949976E+18  0.3583615E+17 -0.3847936E+17 -0.4264790E+17
  0.4780155E+18 -0.2154347E+18 -0.1462764E+18  0.2427333E+17  0.3296233E+17  0.1119042E+17
  0.6342590E+18 -0.8173539E+18  0.2178153E+18  0.2633259E+18 -0.1403466E+18  0.1870036E+17
  0.9362200E+18 -0.3941472E+18 -0.1816106E+18 -0.1347275E+18  0.2565036E+18 -0.5878739E+17
 -0.1175682E+19  0.1011948E+19 -0.2219040E+17 -0.1639271E+18 -0.7209260E+17  0.3085329E+17
  0.3454850E+18  0.1543206E+18 -0.2526817E+18  0.1723291E+17 -0.5643370E+17  0.4620175E+17
 -0.8677031E+18 -0.6025350E+16  0.4499260E+18  0.4193564E+17 -0.3904664E+17 -0.4849597E+17
  0.5448201E+18 -0.2357928E+18 -0.1665340E+18  0.2551220E+17  0.3603715E+17  0.1272603E+17
  0.7720454E+18 -0.9748144E+18  0.2571387E+18  0.3077096E+18 -0.1623366E+18  0.2141076E+17
  0.1104963E+19 -0.4332844E+18 -0.2200193E+18 -0.1668579E+18  0.2990859E+18 -0.6728340E+17
 -0.1386779E+19  0.1162960E+19 -0.1880072E+17 -0.1814791E+18 -0.8605755E+17  0.3532795E+17
  0.3953602E+18  0.1891354E+18 -0.2891268E+18  0.2262000E+17 -0.6915734E+17  0.5285959E+17
 -0.9923896E+18 -0.3166480E+17  0.5146766E+18  0.4920422E+17 -0.3890544E+17 -0.5550912E+17
  0.6227467E+18 -0.2581735E+18 -0.1905277E+18  0.2675790E+17  0.3949376E+17  0.1457286E+17
  0.9461130E+18 -0.1170093E+19  0.3051974E+18  0.3617743E+18 -0.1887244E+18  0.2461266E+17
  0.1309114E+19 -0.4734391E+18 -0.2687509E+18 -0.2078188E+18  0.3509596E+18 -0.7740282E+17
 -0.1644241E+19  0.1342448E+19 -0.1303536E+17 -0.2014035E+18 -0.1033981E+18  0.4067163E+17
  0.4528476E+18  0.2325102E+18 -0.3320118E+18  0.2984501E+17 -0.8523410E+17  0.6085482E+17
 -0.1137549E+19 -0.6669888E+17  0.5914621E+18  0.5784742E+17 -0.3781635E+17 -0.6395283E+17
  0.7143775E+18 -0.2830166E+18 -0.2191171E+18  0.2803084E+17  0.4340406E+17  0.1680214E+17
  0.1167012E+19 -0.1413428E+19  0.3641643E+18  0.4279691E+18 -0.2205291E+18  0.2840924E+17
  0.1556470E+19 -0.5128426E+18 -0.3308532E+18 -0.2602271E+18  0.4144656E+18 -0.8951118E+17
 -0.1959360E+19  0.1556534E+19 -0.3942179E+16 -0.2240591E+18 -0.1250139E+18  0.4708274E+17
  0.5189751E+18  0.2865627E+18 -0.3825787E+18  0.3955785E+17 -0.1056243E+18  0.7050745E+17
 -0.1306621E+19 -0.1140045E+18  0.6828442E+18  0.6811969E+17 -0.3538574E+17 -0.7417361E+17
  0.8224188E+18 -0.3106010E+18 -0.2533252E+18  0.2932599E+17  0.4783637E+17  0.1950760E+17
  0.1448504E+19 -0.1718021E+19  0.4367789E+18  0.5094211E+18 -0.2590241E+18  0.3292634E+17
  0.1856441E+19 -0.5486513E+18 -0.4103258E+18 -0.3275194E+18  0.4925891E+18 -0.1040636E+18
 -0.2346307E+19  0.1812760E+19  0.9783590E+16 -0.2498584E+18 -0.1520649E+18  0.5480958E+17
  0.5948159E+18  0.3539075E+18 -0.4423017E+18  0.5264257E+17 -0.1315818E+18  0.8222324E+17
 -0.1503544E+19 -0.1773049E+18  0.7919705E+18  0.8032006E+17 -0.3107810E+17 -0.8661279E+17
  0.9501446E+18 -0.3412325E+18 -0.2944283E+18  0.3063734E+17  0.5287011E+17  0.2280917E+17
  0.1809459E+19 -0.2101677E+19  0.5266463E+18  0.6102720E+18 -0.3058486E+18  0.3832035E+17
  0.2221772E+19 -0.5772239E+18 -0.5124485E+18 -0.4141106E+18  0.5891431E+18 -0.1216268E+18
 -0.2824411E+19  0.2121440E+19  0.2987290E+17 -0.2794386E+18 -0.1860276E+18  0.6416208E+17
  0.6820093E+18  0.4377738E+18 -0.5131090E+18  0.7025047E+17 -0.1646793E+18  0.9650925E+17
 -0.1733998E+19 -0.2611104E+18  0.9229676E+18  0.9480893E+17 -0.2425060E+17 -0.1018235E+18
  0.1102166E+19 -0.3755330E+18 -0.3441021E+18  0.3198816E+17  0.5862169E+17  0.2685762E+17
  0.2275032E+19 -0.2587738E+19  0.6383414E+18  0.7358566E+18 -0.3630412E+18  0.4477737E+17
  0.2668376E+19 -0.5930919E+18 -0.6442095E+18 -0.5257769E+18  0.7089816E+18 -0.1428972E+18
 -0.3418681E+19  0.2495666E+19  0.5872715E+17 -0.3135806E+18 -0.2288161E+18  0.7552577E+17
  0.7824322E+18  0.5421610E+18 -0.5973348E+18  0.9391821E+17 -0.2069519E+18  0.1140063E+18
 -0.2004879E+19 -0.3712557E+18  0.1081006E+19  0.1120282E+18 -0.1404822E+17 -0.1205120E+18
  0.1284310E+19 -0.4142738E+18 -0.4044834E+18  0.3340759E+17  0.6523617E+17  0.3184724E+17
  0.2878544E+19 -0.3206554E+19  0.7776054E+18  0.8929854E+18 -0.4331068E+18  0.5251529E+17
  0.3215974E+19 -0.5881984E+18 -0.8148245E+18 -0.6700516E+18  0.8582662E+18 -0.1687290E+18
 -0.4161298E+19  0.2951895E+19  0.9967806E+17 -0.3532092E+18 -0.2829184E+18  0.8938090E+17
  0.8982398E+18  0.6720201E+18 -0.6978193E+18  0.1256933E+18 -0.2610375E+18  0.1355295E+18
 -0.2324548E+19 -0.5153110E+18  0.1272597E+19  0.1325153E+18  0.6769443E+15 -0.1435882E+18
  0.1503920E+19 -0.4583763E+18 -0.4783152E+18  0.3492687E+17  0.7289230E+17  0.3803152E+17
  0.3664801E+19 -0.3998087E+19  0.9517405E+18  0.1090421E+19 -0.5191470E+18  0.6179122E+17
  0.3890507E+19 -0.5517140E+18 -0.1036421E+19 -0.8566327E+18  0.1044819E+19 -0.2001749E+18
 -0.5095103E+19  0.3511687E+19  0.1572760E+18 -0.3995331E+18 -0.3515612E+18  0.1063293E+18
  0.1032528E+19  0.8335826E+18 -0.8182713E+18  0.1682423E+18 -0.3303041E+18  0.1621185E+18
 -0.2704449E+19 -0.7028978E+18  0.1506279E+19  0.1569363E+18  0.2139782E+17 -0.1722288E+18
  0.1770907E+19 -0.5091592E+18 -0.5692294E+18  0.3659752E+17  0.8183051E+17  0.4574240E+17
  0.4693147E+19 -0.5014071E+19  0.1169842E+19  0.1339235E+19 -0.6249187E+18  0.7290044E+17
  0.4725388E+19 -0.4688755E+18 -0.1324874E+19 -0.1097966E+19  0.1278510E+19 -0.2385243E+18
 -0.6276129E+19  0.4202547E+19  0.2377706E+18 -0.4540073E+18 -0.4389403E+18  0.1271236E+18
  0.1189462E+19  0.1034751E+19 -0.9634803E+18  0.2250408E+18 -0.4190811E+18  0.1951080E+18
 -0.3159622E+19 -0.9464601E+18  0.1793163E+19  0.1861080E+18  0.5006351E+17 -0.2079689E+18
  0.2098261E+19 -0.5682824E+18 -0.6820100E+18  0.3847768E+17  0.9235606E+17  0.5541941E+17
  0.6042036E+19 -0.6321115E+19  0.1443133E+19  0.1653271E+19 -0.7548951E+18  0.8617260E+17
  0.5764483E+19 -0.3201352E+18 -0.1700892E+19 -0.1409864E+19  0.1571713E+19 -0.2853420E+18
 -0.7778071E+19  0.5059606E+19  0.3497498E+18 -0.5183541E+18 -0.5505083E+18  0.1527009E+18
  0.1374920E+19  0.1285712E+19 -0.1139777E+19  0.3005732E+18 -0.5329129E+18  0.2362121E+18
 -0.3710385E+19 -0.1262116E+19  0.2147864E+19  0.2210190E+18  0.8925645E+17 -0.2528180E+18
  0.2503229E+19 -0.6378297E+18 -0.8230139E+18  0.4063020E+17  0.1048531E+18  0.6764783E+17
  0.7814573E+19 -0.8004114E+19  0.1785271E+19  0.2049563E+19 -0.9142862E+18  0.1019631E+18
  0.7066154E+19 -0.8016852E+17 -0.2191392E+19 -0.1812216E+19  0.1939838E+19 -0.3425141E+18
 -0.9697897E+19  0.6127435E+19  0.5050301E+18 -0.5945162E+18 -0.6933518E+18  0.1842245E+18
  0.1597353E+19  0.1599852E+19 -0.1355681E+19  0.4005885E+18 -0.6789007E+18  0.2876431E+18
 -0.4384555E+19 -0.1670858E+19  0.2589761E+19  0.2628344E+18  0.1424327E+18 -0.3094231E+18
  0.3008777E+19 -0.7203241E+18 -0.1000739E+19  0.4311278E+17  0.1197923E+18  0.8321307E+17
  0.1014375E+20 -0.1016881E+20  0.2212407E+19  0.2548481E+19 -0.1108936E+19  0.1206345E+18
  0.8707386E+19  0.2835951E+18 -0.2831070E+19 -0.2329761E+19  0.2401868E+19 -0.4122883E+18
 -0.1216118E+20  0.7461024E+19  0.7198469E+18 -0.6843930E+18 -0.8766534E+18  0.2231280E+18
  0.1868603E+19  0.1994937E+19 -0.1622646E+19  0.5324533E+18 -0.8661758E+18  0.3522659E+18
 -0.5219574E+19 -0.2200197E+19  0.3144438E+19  0.3128280E+18  0.2143207E+18 -0.3812885E+18
  0.3644963E+19 -0.8184863E+18 -0.1226493E+19  0.4594833E+17  0.1377061E+18  0.1031756E+18
  0.1319841E+20 -0.1294407E+20  0.2743154E+19  0.3173660E+19 -0.1345146E+19  0.1425341E+18
  0.1079020E+20  0.8122239E+18 -0.3664295E+19 -0.2992873E+19  0.2980956E+19 -0.4973200E+18
 -0.1532900E+20  0.9126685E+19  0.1016398E+19 -0.7894282E+18 -0.1112253E+19  0.2711670E+18
  0.2205348E+19  0.2494862E+19 -0.1956208E+19  0.7055959E+18 -0.1106508E+19  0.4338036E+18
 -0.6266018E+19 -0.2886237E+19  0.3845707E+19  0.3722292E+18  0.3114679E+18 -0.4730685E+18
  0.4450883E+19 -0.9348793E+18 -0.1515307E+19  0.4909134E+17  0.1591402E+18  0.1289719E+18
  0.1719086E+20 -0.1648448E+20  0.3398592E+19  0.3951780E+19 -0.1629471E+19  0.1679734E+18
  0.1345165E+20  0.1556561E+19 -0.4747680E+19 -0.3838524E+19  0.3705204E+19 -0.6007399E+18
 -0.1940745E+20  0.1120294E+20  0.1424914E+19 -0.9099816E+18 -0.1415359E+19  0.3304829E+18
  0.2631442E+19  0.3132310E+19 -0.2377733E+19  0.9321284E+18 -0.1415155E+19  0.5371213E+18
 -0.7593054E+19 -0.3776595E+19  0.4738541E+19  0.4419510E+18  0.4430299E+18 -0.5909693E+18
  0.5477460E+19 -0.1071336E+19 -0.1887202E+19  0.5238567E+17  0.1845589E+18  0.1625540E+18
  0.2237960E+20 -0.2096809E+20  0.4201503E+19  0.4911402E+19 -0.1968254E+19  0.1971955E+18
  0.1687025E+20  0.2581131E+19 -0.6152704E+19 -0.4911493E+19  0.4608325E+19 -0.7261987E+18
 -0.2465147E+20  0.1377677E+20  0.1986179E+19 -0.1043945E+19 -0.1805303E+19  0.4036545E+18
  0.3179293E+19  0.3951628E+19 -0.2915897E+19  0.1227896E+19 -0.1812123E+19  0.6685809E+18
 -0.9291414E+19 -0.4934349E+19  0.5881613E+19  0.5219822E+18  0.6220916E+18 -0.7432558E+18
  0.6788489E+19 -0.1227330E+19 -0.2368361E+19  0.5547406E+17  0.2140949E+18  0.2065678E+18
  0.2907218E+20 -0.2659415E+20  0.5175812E+19  0.6081837E+19 -0.2367321E+19  0.2303666E+18
  0.2127344E+20  0.3970405E+19 -0.7969289E+19 -0.6266348E+19  0.5730714E+19 -0.8779687E+18
 -0.3136871E+20  0.1693827E+20  0.2754604E+19 -0.1184985E+19 -0.2306444E+19  0.4937697E+18
  0.3891688E+19  0.5012636E+19 -0.3608596E+19  0.1614114E+19 -0.2324002E+19  0.8365244E+18
 -0.1147696E+20 -0.6443468E+19  0.7350523E+19  0.6104674E+18  0.8675435E+18 -0.9409228E+18
  0.8461665E+19 -0.1397730E+19 -0.2992558E+19  0.5772057E+17  0.2471610E+18  0.2645876E+18
  0.3762936E+20 -0.3358144E+20  0.6346401E+19  0.7492240E+19 -0.2831848E+19  0.2675889E+18
  0.2694449E+20  0.5839803E+19 -0.1031057E+20 -0.7970611E+19  0.7120912E+19 -0.1061074E+19
 -0.3992236E+20  0.2077286E+20  0.3801899E+19 -0.1320335E+19 -0.2949139E+19  0.6045005E+18
  0.4823396E+19  0.6395319E+19 -0.4504930E+19  0.2119882E+19 -0.2986534E+19  0.1051873E+19
 -0.1429319E+20 -0.8416252E+19  0.9241227E+19  0.7023183E+18  0.1206726E+19 -0.1198517E+19
  0.1058877E+20 -0.1569643E+19 -0.3802641E+19  0.5816965E+17  0.2818453E+18  0.3414013E+18
  0.4846841E+20 -0.4216688E+20  0.7739099E+19  0.9171156E+19 -0.3366457E+19  0.3089314E+18
  0.3421995E+20  0.8355305E+19 -0.1331858E+20 -0.1010957E+20  0.8837357E+19 -0.1281422E+19
 -0.5072663E+20  0.2534891E+20  0.5221112E+19 -0.1428154E+19 -0.3770685E+19  0.7401604E+18
  0.6040042E+19  0.8204287E+19 -0.5666062E+19  0.2786004E+19 -0.3848152E+19  0.1328809E+19
 -0.1790715E+20 -0.1100279E+20  0.1167196E+20  0.7871435E+18  0.1679106E+19 -0.1535063E+19
  0.1327251E+20 -0.1718065E+19 -0.4851448E+19  0.5559889E+17  0.3139987E+18  0.4433326E+18
  0.6206953E+20 -0.5260953E+20  0.9381545E+19  0.1114783E+20 -0.3975853E+19  0.3544952E+18
  0.4347326E+20  0.1176548E+20 -0.1717173E+20 -0.1279405E+20  0.1095112E+20 -0.1546004E+19
 -0.6423540E+20  0.3070277E+20  0.7131156E+19 -0.1474857E+19 -0.4816441E+19  0.9057869E+18
  0.7612127E+19  0.1057221E+20 -0.7164049E+19  0.3670843E+19 -0.4974947E+19  0.1685587E+19
 -0.2249511E+20 -0.1440260E+20  0.1478282E+20  0.8463256E+18  0.2341271E+19 -0.1975133E+19
  0.1661921E+20 -0.1800776E+19 -0.6201919E+19  0.4878082E+17  0.3360048E+18  0.5786044E+18
  0.7900015E+20 -0.6520931E+20  0.1130561E+20  0.1345648E+20 -0.4666009E+19  0.4044825E+18
  0.5508997E+20  0.1644541E+20 -0.2209513E+20 -0.1617103E+20  0.1354956E+20 -0.1863064E+19
 -0.8093574E+20  0.3682802E+20  0.9682392E+19 -0.1413355E+19 -0.6141208E+19  0.1107210E+19
  0.9604111E+19  0.1366157E+20 -0.9078342E+19  0.4858297E+19 -0.6456839E+19  0.2145339E+19
 -0.2821986E+20 -0.1887694E+20  0.1873271E+20  0.8492343E+18  0.3272937E+19 -0.2549929E+19
  0.2072969E+20 -0.1754211E+19 -0.7926408E+19  0.3711172E+17  0.3353788E+18  0.7577049E+18
  0.9995712E+20 -0.8033931E+20  0.1355002E+20  0.1614293E+20 -0.5445330E+19  0.4592044E+18
  0.6942717E+20  0.2295421E+20 -0.2837333E+20 -0.2043697E+20  0.1674033E+20 -0.2242069E+19
 -0.1013433E+21  0.4366866E+20  0.1306380E+20 -0.1182278E+19 -0.7810954E+19  0.1351026E+19
  0.1205550E+20  0.1766111E+20 -0.1148785E+20  0.6468308E+19 -0.8414754E+19  0.2736731E+19
 -0.3519498E+20 -0.2475834E+20  0.2369123E+20  0.7483829E+18  0.4583767E+19 -0.3298198E+19
  0.2568717E+20 -0.1491374E+19 -0.1010459E+20  0.2164697E+17  0.2933318E+18  0.9937138E+18
  0.1258405E+21 -0.9849870E+20  0.1616295E+20  0.1927438E+20 -0.6325584E+19  0.5189921E+18
  0.8676592E+20  0.3210600E+20 -0.3636821E+20 -0.2585462E+20  0.2065646E+20 -0.2693406E+19
 -0.1260147E+21  0.5112260E+20  0.1751419E+20 -0.7064466E+18 -0.9905653E+19  0.1644471E+19
  0.1495608E+20  0.2277492E+20 -0.1445874E+20  0.8670335E+19 -0.1100878E+20  0.3494482E+19
 -0.4344300E+20 -0.3245491E+20  0.2982702E+20  0.4738131E+18  0.6420660E+19 -0.4267143E+19
  0.3154727E+20 -0.9037951E+18 -0.1282114E+20  0.6473188E+16  0.1836559E+18  0.1302662E+19
  0.1578543E+21 -0.1203774E+21  0.1920133E+20  0.2294951E+20 -0.7321327E+19  0.5839104E+18
  0.1072575E+21  0.4505202E+20 -0.4654118E+20 -0.3277154E+20  0.2546050E+20 -0.3227375E+19
 -0.1555770E+21  0.5905283E+20  0.2333907E+20  0.1020166E+18 -0.1252314E+20  0.1994963E+19
  0.1821960E+20  0.2919978E+20 -0.1802792E+20  0.1169931E+20 -0.1444629E+20  0.4459566E+19
 -0.5285506E+20 -0.4244518E+20  0.3729325E+20 -0.7283903E+17  0.8974777E+19 -0.5513256E+19
  0.3833314E+20  0.1318473E+18 -0.1616401E+20  0.1133726E+15 -0.2779815E+17  0.1703977E+19
  0.1976336E+21 -0.1469220E+21  0.2272358E+20  0.2730566E+20 -0.8446423E+19  0.6531800E+18
  0.1308817E+21  0.6336808E+20 -0.5947898E+20 -0.4163712E+20  0.3134509E+20 -0.3851962E+19
 -0.1907857E+21  0.6730365E+20  0.3093571E+20  0.1342572E+19 -0.1578342E+20  0.2409016E+19
  0.2166891E+20  0.3709137E+20 -0.2218626E+20  0.1587262E+20 -0.1898847E+20  0.5678991E+19
 -0.6317335E+20 -0.5526392E+20  0.4621610E+20 -0.1023612E+19  0.1248766E+20 -0.7103279E+19
  0.4604376E+20  0.1743398E+19 -0.2022594E+20  0.1650298E+17 -0.3829168E+18  0.2221194E+19
  0.2473785E+21 -0.1793841E+21  0.2677251E+20  0.3251966E+20 -0.9706913E+19  0.7243629E+18
  0.1574277E+21  0.8914234E+20 -0.7592125E+20 -0.5301535E+20  0.3852781E+20 -0.4569257E+19
 -0.2326090E+21  0.7571529E+20  0.4082801E+20  0.3126000E+19 -0.1983325E+20  0.2890419E+19
  0.2504613E+20  0.4652634E+20 -0.2686815E+20  0.2160714E+20 -0.2495549E+20  0.7205681E+19
 -0.7401432E+20 -0.7148885E+20  0.5669556E+20 -0.2548089E+19  0.1725781E+20 -0.9116333E+19
  0.5468031E+20  0.4053512E+19 -0.2511297E+20  0.7512282E+17 -0.9308262E+18  0.2883403E+19
  0.3099445E+21 -0.2193126E+21  0.3134428E+20  0.3879567E+20 -0.1108940E+20  0.7924515E+18
  0.1865115E+21  0.1250376E+21 -0.9677906E+20 -0.6758306E+20  0.4723536E+20 -0.5370433E+19
 -0.2823214E+21  0.8412611E+20  0.5370792E+20  0.5574830E+19 -0.2484880E+20  0.3437532E+19
  0.2805868E+20  0.5747511E+20 -0.3195631E+20  0.2943286E+20 -0.3272949E+20  0.9098839E+19
 -0.8494452E+20 -0.9174079E+20  0.6882682E+20 -0.4855749E+19  0.2364945E+20 -0.1164805E+20
  0.6429002E+20  0.7176485E+19 -0.3096222E+20  0.2002719E+18 -0.1728106E+19  0.3727870E+19
  0.3888140E+21 -0.2684421E+21  0.3634409E+20  0.4633395E+20 -0.1254621E+20  0.8493090E+18
  0.2176609E+21  0.1742794E+21 -0.1231309E+21 -0.8610043E+20  0.5767435E+20 -0.6230233E+19
 -0.3415826E+21  0.9235632E+20  0.7047605E+20  0.8823521E+19 -0.3103446E+20  0.4039986E+19
  0.3046204E+20  0.6981281E+20 -0.3731221E+20  0.3999920E+20 -0.4275600E+20  0.1142570E+20
 -0.9561021E+20 -0.1167140E+21  0.8275035E+20 -0.8198189E+19  0.3210668E+20 -0.1481796E+20
  0.7502216E+20  0.1122760E+20 -0.3797010E+20  0.4200728E+18 -0.2841249E+19  0.4804343E+19
  0.4879140E+21 -0.3284742E+21  0.4154278E+20  0.5528397E+20 -0.1398374E+20  0.8842758E+18
  0.2505481E+21  0.2405289E+21 -0.1562025E+21 -0.1093534E+21  0.6999996E+20 -0.7103908E+19
 -0.4125209E+21  0.1001829E+21  0.9227989E+20  0.1301879E+20 -0.3862039E+20  0.4676159E+19
  0.3216466E+20  0.8341078E+20 -0.4284429E+20  0.5407611E+20 -0.5555283E+20  0.1426747E+20
 -0.1059165E+21 -0.1472639E+21  0.9874433E+20 -0.1287579E+20  0.4318144E+20 -0.1878317E+20
  0.8719442E+20  0.1634991E+20 -0.4643439E+20  0.7664473E+18 -0.4353480E+19  0.6182026E+19
  0.6112466E+21 -0.4007788E+21  0.4655905E+20  0.6569510E+20 -0.1526379E+20  0.8866084E+18
  0.2853646E+21  0.3276459E+21 -0.1973470E+21 -0.1380847E+21  0.8430221E+20 -0.7929946E+19
 -0.4977877E+21  0.1073032E+21  0.1205451E+21  0.1832286E+20 -0.4786304E+20  0.5313037E+19
  0.3330609E+20  0.9831980E+20 -0.4860335E+20  0.7256016E+20 -0.7173869E+20  0.1773163E+20
 -0.1161978E+21 -0.1845546E+21  0.1173474E+21 -0.1925644E+20  0.5758389E+20 -0.2376026E+20
  0.1013472E+21  0.2275793E+20 -0.5680451E+20  0.1277596E+19 -0.6377842E+19  0.7959648E+19
  0.7624535E+21 -0.4861584E+21  0.5089862E+20  0.7749651E+20 -0.1622708E+20  0.8494516E+18
  0.3232522E+21  0.4394732E+21 -0.2480740E+21 -0.1729649E+21  0.1006374E+21 -0.8640395E+19
 -0.6005773E+21  0.1132891E+21  0.1570073E+21  0.2492535E+20 -0.5905630E+20  0.5909721E+19
  0.3426175E+20  0.1150063E+21 -0.5487430E+20  0.9651035E+20 -0.9209821E+20  0.2197195E+20
 -0.1273113E+21 -0.2302459E+21  0.1394842E+21 -0.2781552E+20  0.7626383E+20 -0.3005605E+20
  0.1182672E+21  0.3079161E+20 -0.6973164E+20  0.2004197E+19 -0.9077534E+19  0.1027863E+20
  0.9446630E+21 -0.5849384E+21  0.5406126E+20  0.9054894E+20 -0.1673745E+20  0.7734556E+18
  0.3665260E+21  0.5799650E+21 -0.3101927E+21 -0.2146908E+21  0.1191254E+21 -0.9175965E+19
 -0.7246409E+21  0.1175317E+21  0.2037736E+21  0.3307110E+20 -0.7256470E+20  0.6424096E+19
  0.3555270E+20  0.1345265E+21 -0.6221145E+20  0.1272575E+21 -0.1176998E+21  0.2721498E+20
 -0.1405791E+21 -0.2866885E+21  0.1665495E+21 -0.3920565E+20  0.1005322E+21 -0.3810644E+20
  0.1389661E+21  0.4096957E+20 -0.8610903E+20  0.3019632E+19 -0.1269321E+20  0.1333917E+20
  0.1160919E+22 -0.6975181E+21  0.5565860E+20  0.1047729E+21 -0.1672075E+20  0.6671179E+18
  0.4182789E+21  0.7539105E+21 -0.3860432E+21 -0.2642366E+21  0.1400707E+21 -0.9494505E+19
 -0.8742445E+21  0.1191776E+21  0.2634262E+21  0.4309762E+20 -0.8887240E+20  0.6817177E+19
  0.3767645E+20  0.1584541E+21 -0.7135198E+20  0.1666008E+21 -0.1500409E+21  0.3378175E+20
 -0.1574951E+21 -0.3570291E+21  0.2003644E+21 -0.5434598E+20  0.1322033E+21 -0.4851146E+20
  0.1645902E+21  0.5401704E+20 -0.1070792E+21  0.4431979E+19 -0.1757123E+20  0.1741593E+20
  0.1415169E+22 -0.8251684E+21  0.5542940E+20  0.1202865E+21 -0.1616011E+20  0.5427653E+18
  0.4812157E+21  0.9681057E+21 -0.4786603E+21 -0.3231478E+21  0.1640051E+21 -0.9558657E+19
 -0.1054014E+22  0.1170742E+21  0.3391425E+21  0.5545670E+20 -0.1086182E+21  0.7046023E+19
  0.4090828E+20  0.1884510E+21 -0.8298439E+20  0.2170330E+21 -0.1911409E+21  0.4208445E+20
 -0.1792040E+21 -0.4451078E+21  0.2429326E+21 -0.7449180E+20  0.1736992E+21 -0.6204387E+20
  0.1962565E+21  0.7083659E+20 -0.1339831E+21  0.6391918E+19 -0.2417985E+20  0.2286736E+20
  0.1713439E+22 -0.9706230E+21  0.5307268E+20  0.1374588E+21 -0.1503222E+20  0.4109732E+18
  0.5560998E+21  0.1232429E+22 -0.5916942E+21 -0.3936836E+21  0.1915561E+21 -0.9297059E+19
 -0.1268716E+22  0.1097790E+21  0.4347929E+21  0.7068780E+20 -0.1325804E+21  0.7038022E+19
  0.4512081E+20  0.2255534E+21 -0.9741533E+20  0.2818785E+21 -0.2434837E+21  0.5257965E+20
 -0.2058821E+21 -0.5550890E+21  0.2959935E+21 -0.1012253E+21  0.2280397E+21 -0.7960727E+20
  0.2348553E+21  0.9239709E+20 -0.1682457E+21  0.9087749E+19 -0.3309574E+20  0.3013199E+20
  0.2064405E+22 -0.1137916E+22  0.4793243E+20  0.1568070E+21 -0.1321036E+20  0.2782301E+18
  0.6406232E+21  0.1559981E+22 -0.7289433E+21 -0.4785967E+21  0.2231092E+21 -0.8548834E+19
 -0.1523029E+22  0.9568771E+20  0.5549277E+21  0.8931355E+20 -0.1615754E+21  0.6647566E+19
  0.4969933E+20  0.2694401E+21 -0.1142563E+21  0.3651860E+21 -0.3097147E+21  0.6566738E+20
 -0.2363121E+21 -0.6908535E+21  0.3604805E+21 -0.1362987E+21  0.2986315E+21 -0.1021258E+21
  0.2809064E+21  0.1195406E+21 -0.2112231E+21  0.1271772E+20 -0.4494333E+20  0.3970647E+20
  0.2478763E+22 -0.1331339E+22  0.3872133E+20  0.1787649E+21 -0.1039857E+20  0.1512187E+18
  0.7296964E+21  0.1965785E+22 -0.8936146E+21 -0.5805342E+21  0.2583945E+21 -0.7024194E+19
 -0.1821530E+22  0.7332673E+20  0.7046209E+21  0.1116743E+21 -0.1962940E+21  0.5614646E+19
  0.5370186E+20  0.3181862E+21 -0.1323697E+21  0.4713173E+21 -0.3921485E+21  0.8156947E+20
 -0.2681102E+21 -0.8554911E+21  0.4362393E+21 -0.1813297E+21  0.3888914E+21 -0.1304018E+21
  0.3346397E+21  0.1527921E+21 -0.2641243E+21  0.1744072E+20 -0.6029785E+20  0.5211699E+20
  0.2967999E+22 -0.1554379E+22  0.2350984E+20  0.2035122E+21 -0.6156203E+19  0.4655599E+17
  0.8174476E+21  0.2464909E+22 -0.1087899E+22 -0.7015037E+21  0.2963313E+21 -0.4321503E+19
 -0.2169419E+22  0.4177910E+20  0.8894152E+21  0.1378144E+21 -0.2372335E+21  0.3556606E+19
  0.5628545E+20  0.3689206E+21 -0.1502606E+21  0.6045185E+21 -0.4924384E+21  0.1002846E+21
 -0.2987512E+21 -0.1051552E+22  0.5224405E+21 -0.2375221E+21  0.5020201E+21 -0.1650688E+21
  0.3964269E+21  0.1923450E+21 -0.3281932E+21  0.2333128E+20 -0.7961911E+20  0.6792600E+20
  0.3543653E+22 -0.1809619E+22  0.8740009E+16  0.2310271E+21 -0.2231607E+16  0.5389138E+10
  0.8999810E+21  0.3071680E+22 -0.1313500E+22 -0.8429733E+21  0.3353836E+21 -0.1619800E+16
 -0.2574078E+22  0.9884807E+18  0.1115740E+22  0.1675637E+21 -0.2848861E+21  0.1375925E+16
  0.5714202E+20  0.4192375E+21 -0.1667949E+21  0.7689615E+21 -0.6118674E+21  0.1217167E+21
 -0.3268692E+21 -0.1282416E+22  0.6187405E+21 -0.3057037E+21  0.6413708E+21 -0.2067824E+21
  0.4674469E+21  0.2383497E+21 -0.4052329E+21  0.3038343E+20 -0.1033135E+21  0.8782478E+20
  0.4217830E+22 -0.2099779E+22 -0.3409622E+20  0.2613354E+21  0.8487129E+19  0.6890699E+17
  0.9773802E+21  0.3801166E+22 -0.1573222E+22 -0.1006733E+22  0.3742711E+21  0.6342863E+19
 -0.3046953E+22 -0.4844448E+20  0.1391996E+22  0.2008469E+21 -0.3401646E+21 -0.5576550E+19
  0.5662106E+20  0.4686021E+21 -0.1818204E+21  0.9695503E+21 -0.7523828E+21  0.1459645E+21
 -0.3530289E+21 -0.1554340E+22  0.7266734E+21 -0.3868576E+21  0.8115867E+21 -0.2566596E+21
  0.5502783E+21  0.2914454E+21 -0.4983393E+21  0.3858975E+20 -0.1319684E+21  0.1128256E+21
  0.5004760E+22 -0.2429149E+22 -0.8108999E+20  0.2947578E+21  0.1967924E+20  0.3284667E+18
  0.1053431E+22  0.4672370E+22 -0.1872602E+22 -0.1195951E+22  0.4124561E+21  0.1510135E+20
 -0.3604608E+22 -0.1059733E+21  0.1729855E+22  0.2380131E+21 -0.4047759E+21 -0.1377748E+20
  0.5543308E+20  0.5186393E+21 -0.1961800E+21  0.1213115E+22 -0.9177430E+21  0.1735723E+21
 -0.3793595E+21 -0.1877886E+22  0.8502662E+21 -0.4828578E+21  0.1019934E+22 -0.3167119E+21
  0.6490420E+21  0.3531870E+21 -0.6124359E+21  0.4804814E+20 -0.1666336E+21  0.1444736E+21
  0.5922193E+22 -0.2804141E+22 -0.1435385E+21  0.3319382E+21  0.3398254E+20  0.8697500E+18
  0.1133239E+22  0.5710656E+22 -0.2220162E+22 -0.1415507E+22  0.4499117E+21  0.2673904E+20
 -0.4268154E+22 -0.1717362E+21  0.2144867E+22  0.2798879E+21 -0.4812216E+21 -0.2536616E+20
  0.5421263E+20  0.5720497E+21 -0.2111051E+21  0.1509062E+22 -0.1113787E+22  0.2055120E+21
 -0.4083655E+21 -0.2267640E+22  0.9953584E+21 -0.5967727E+21  0.1276830E+22 -0.3899205E+21
  0.7690201E+21  0.4260144E+21 -0.7542692E+21  0.5899984E+20 -0.2089214E+21  0.1849503E+21
  0.6991166E+22 -0.3232189E+22 -0.2246349E+21  0.3735802E+21  0.5192712E+20  0.1804449E+19
  0.1220504E+22  0.6946768E+22 -0.2625483E+22 -0.1671050E+22  0.4862434E+21  0.4186500E+20
 -0.5061034E+22 -0.2464257E+21  0.2655554E+22  0.3274059E+21 -0.5723141E+21 -0.4135685E+20
  0.5326834E+20  0.6310041E+21 -0.2274644E+21  0.1868681E+22 -0.1347244E+22  0.2428273E+21
 -0.4417729E+21 -0.2740199E+22  0.1167924E+22 -0.7322548E+21  0.1594855E+22 -0.4797598E+21
  0.9159439E+21  0.5126596E+21 -0.9317717E+21  0.7173470E+20 -0.2607593E+21  0.2369683E+21
  0.8235068E+22 -0.3720476E+22 -0.3282340E+21  0.4202133E+21  0.7414552E+20  0.3270695E+19
  0.1315258E+22  0.8413871E+22 -0.3096194E+22 -0.1967742E+22  0.5198836E+21  0.6118180E+20
 -0.6006400E+22 -0.3301720E+21  0.3281444E+22  0.3810736E+21 -0.6805932E+21 -0.6301049E+20
  0.5251636E+20  0.6956337E+21 -0.2451599E+21  0.2303598E+22 -0.1623699E+22  0.2861175E+21
 -0.4796539E+21 -0.3311473E+22  0.1372062E+22 -0.8922311E+21  0.1986677E+22 -0.5893388E+21
  0.1095220E+22  0.6152118E+21 -0.1153038E+22  0.8639489E+20 -0.3238448E+21  0.3034769E+21
  0.9680313E+22 -0.4276545E+22 -0.4587714E+21  0.4723205E+21  0.1013375E+21  0.5435546E+19
  0.1412762E+22  0.1014712E+23 -0.3636738E+22 -0.2310316E+22  0.5480782E+21  0.8538324E+20
 -0.7126910E+22 -0.4212748E+21  0.4042311E+22  0.4407901E+21 -0.8083113E+21 -0.9178522E+20
  0.5154524E+20  0.7632156E+21 -0.2629331E+21  0.2825179E+22 -0.1946588E+22  0.3353066E+21
 -0.5200569E+21 -0.3995782E+22  0.1609057E+22 -0.1078044E+22  0.2463935E+22 -0.7208953E+21
  0.1311756E+22  0.7345816E+21 -0.1425863E+22  0.1028411E+21 -0.3992405E+21  0.3874738E+21
  0.1135888E+23 -0.4910055E+22 -0.6214794E+21  0.5306124E+21  0.1343222E+21  0.8500766E+19
  0.1505653E+22  0.1218724E+23 -0.4250791E+22 -0.2704399E+22  0.5675302E+21  0.1151602E+21
 -0.8448942E+22 -0.5162229E+21  0.4960602E+22  0.5062520E+21 -0.9581162E+21 -0.1293819E+21
  0.4989469E+20  0.8292954E+21 -0.2789976E+21  0.3445913E+22 -0.2318598E+22  0.3900197E+21
 -0.5599661E+21 -0.4808816E+22  0.1879042E+22 -0.1290120E+22  0.3038966E+22 -0.8763708E+21
  0.1571119E+22  0.8711294E+21 -0.1758933E+22  0.1207525E+21 -0.4876325E+21  0.4922993E+21
  0.1330842E+23 -0.5632340E+22 -0.8225173E+21  0.5959243E+21  0.1740513E+21  0.1270877E+20
  0.1589529E+22  0.1458248E+23 -0.4944835E+22 -0.3156947E+22  0.5749489E+21  0.1512880E+21
 -0.1000751E+23 -0.6112549E+21  0.6064785E+22  0.5774626E+21 -0.1133587E+22 -0.1778582E+21
  0.4746248E+20  0.8909370E+21 -0.2923668E+21  0.4181033E+22 -0.2744066E+22  0.4502417E+21
 -0.5976377E+21 -0.5772215E+22  0.2184425E+22 -0.1529573E+22  0.3727936E+22 -0.1058632E+22
  0.1881332E+22  0.1026032E+22 -0.2163988E+22  0.1398932E+21 -0.5900930E+21  0.6222778E+21
  0.1557153E+23 -0.6455109E+22 -0.1068623E+22  0.6689843E+21  0.2214965E+21  0.1833403E+20
  0.1667700E+22  0.1738914E+23 -0.5730547E+22 -0.3675943E+22  0.5673846E+21  0.1946708E+21
 -0.1184885E+23 -0.7042101E+21  0.7391398E+22  0.6550140E+21 -0.1339329E+22 -0.2396728E+21
  0.4465239E+20  0.9496929E+21 -0.3038045E+21  0.5049654E+22 -0.3230745E+22  0.5167538E+21
 -0.6345018E+21 -0.6916700E+22  0.2532536E+22 -0.1799590E+22  0.4553280E+22 -0.1272424E+22
  0.2254037E+22  0.1202328E+22 -0.2657482E+22  0.1603339E+21 -0.7087654E+21  0.7832848E+21
  0.1819534E+23 -0.7390202E+22 -0.1366730E+22  0.7503995E+21  0.2775549E+21  0.2566524E+20
  0.1747889E+22  0.2067143E+23 -0.6622921E+22 -0.4270031E+22  0.5419572E+21  0.2462726E+21
 -0.1402686E+23 -0.7944905E+21  0.8983306E+22  0.7398310E+21 -0.1580519E+22 -0.3176019E+21
  0.4197666E+20  0.1009924E+22 -0.3149541E+21  0.6074485E+22 -0.3788769E+22  0.5907813E+21
 -0.6737278E+21 -0.8279649E+22  0.2933692E+22 -0.2104946E+22  0.5542579E+22 -0.1523785E+22
  0.2703343E+22  0.1404225E+22 -0.3259575E+22  0.1823528E+21 -0.8465775E+21  0.9825641E+21
  0.2123391E+23 -0.8451043E+22 -0.1724216E+22  0.8408735E+21  0.3431169E+21  0.3500206E+20
  0.1832771E+22  0.2450262E+23 -0.7635248E+22 -0.4948568E+22  0.4949697E+21  0.3069740E+21
 -0.1659736E+23 -0.8807182E+21  0.1088587E+23  0.8325254E+21 -0.1862322E+22 -0.4146132E+21
  0.3954817E+20  0.1073192E+22 -0.3263007E+21  0.7280622E+22 -0.4427301E+22  0.6730536E+21
 -0.7162871E+21 -0.9899249E+22  0.3395657E+22 -0.2449720E+22  0.6724546E+22 -0.1818114E+22
  0.3243306E+22  0.1635031E+22 -0.3991079E+22  0.2060651E+21 -0.1006001E+22  0.1227814E+22
  0.2475016E+23 -0.9653146E+22 -0.2149250E+22  0.9412385E+21  0.4191290E+21  0.4665903E+20
  0.1917780E+22  0.2896609E+23 -0.8777568E+22 -0.5721661E+22  0.4215767E+21  0.3774969E+21
 -0.1961798E+23 -0.9595594E+21  0.1314625E+23  0.9331890E+21 -0.2189792E+22 -0.5338120E+21
  0.3715006E+20  0.1136716E+22 -0.3368413E+21  0.8695301E+22 -0.5153329E+22  0.7635389E+21
 -0.7600549E+21 -0.1181346E+23  0.3922048E+22 -0.2836365E+22  0.8127731E+22 -0.2159415E+22
  0.3887500E+22  0.1896509E+22 -0.4872543E+22  0.2313021E+21 -0.1188530E+22  0.1526796E+22
  0.2881713E+23 -0.1101354E+23 -0.2650773E+22  0.1052309E+22  0.5065460E+21  0.6095853E+20
  0.2000747E+22  0.3415907E+23 -0.1006286E+23 -0.6600643E+22  0.3167016E+21  0.4585891E+21
 -0.2315704E+23 -0.1028496E+22  0.1581929E+23  0.1042160E+22 -0.2568610E+22 -0.6785916E+21
  0.3472751E+20  0.1199089E+22 -0.3461333E+21  0.1035069E+23 -0.5975732E+22  0.8624879E+21
 -0.8038861E+21 -0.1406781E+23  0.4518401E+22 -0.3268490E+22  0.9786010E+22 -0.2552512E+22
  0.4652168E+22  0.2191242E+22 -0.5928147E+22  0.2580270E+21 -0.1396124E+22  0.1888524E+22
  0.3351700E+23 -0.1254956E+23 -0.3238112E+22  0.1174714E+22  0.6062131E+21  0.7820933E+20
  0.2087728E+22  0.4019401E+23 -0.1151095E+23 -0.7597967E+22  0.1756337E+21  0.5511706E+21
 -0.2729715E+23 -0.1088547E+22  0.1897084E+23  0.1160507E+22 -0.3005268E+22 -0.8527005E+21
  0.3251043E+20  0.1263987E+22 -0.3553596E+21  0.1228578E+23 -0.6908092E+22  0.9710766E+21
 -0.8501510E+21 -0.1671976E+23  0.5196112E+22 -0.3753040E+22  0.1174245E+23 -0.3004651E+22
  0.5557883E+22  0.2524274E+22 -0.7188229E+22  0.2866182E+21 -0.1632372E+22  0.2324205E+22
  0.3894403E+23 -0.1427989E+23 -0.3920950E+22  0.1309028E+22  0.7188618E+21  0.9869196E+20
  0.2186092E+22  0.4720146E+23 -0.1314452E+23 -0.8727335E+22 -0.6614347E+19  0.6561664E+21
 -0.3213096E+23 -0.1142728E+22  0.2267483E+23  0.1289527E+22 -0.3506546E+22 -0.1060044E+22
  0.3067864E+20  0.1336058E+22 -0.3658400E+21  0.1454636E+23 -0.7966182E+22  0.1090652E+22
 -0.9018232E+21 -0.1983465E+23  0.5968097E+22 -0.4298658E+22  0.1404651E+23 -0.3523919E+22
  0.6627453E+22  0.2901544E+22 -0.8686727E+22  0.3175788E+21 -0.1901554E+22  0.2846464E+22
  0.4520594E+23 -0.1622460E+23 -0.4709227E+22  0.1455769E+22  0.8450805E+21  0.1226433E+21
  0.2298209E+22  0.5533016E+23 -0.1498404E+23 -0.1000312E+23 -0.2359943E+21  0.7742291E+21
 -0.3775649E+23 -0.1193664E+22  0.2700903E+23  0.1430079E+22 -0.4078832E+22 -0.1304370E+22
  0.2920946E+20  0.1416939E+22 -0.3778413E+21  0.1718378E+23 -0.9164460E+22  0.1221899E+22
 -0.9597446E+21 -0.2348097E+23  0.6843987E+22 -0.4913299E+22  0.1674985E+23 -0.4117147E+22
  0.7883659E+22  0.3327958E+22 -0.1045786E+23  0.3512108E+21 -0.2207307E+22  0.3468147E+22
  0.5242576E+23 -0.1840479E+23 -0.5613260E+22  0.1615315E+22  0.9853065E+21  0.1502538E+21
  0.2426203E+22  0.6475019E+23 -0.1705080E+23 -0.1144048E+23 -0.5190602E+21  0.9058664E+21
 -0.4428285E+23 -0.1244915E+22  0.3205909E+23  0.1582942E+22 -0.4728482E+22 -0.1589378E+22
  0.2807046E+20  0.1508136E+22 -0.3915400E+21  0.2025683E+23 -0.1051810E+23  0.1365346E+22
 -0.1024679E+22 -0.2773504E+23  0.7833326E+22 -0.5605601E+22  0.1990972E+23 -0.4791105E+22
  0.9351177E+22  0.3808637E+22 -0.1253855E+23  0.3878045E+21 -0.2553411E+22  0.4203089E+22
  0.6074604E+23 -0.2084270E+23 -0.6644044E+22  0.1787845E+22  0.1139826E+22  0.1816716E+21
  0.2578811E+22  0.7566083E+23 -0.1937287E+23 -0.1305597E+23 -0.8625229E+21  0.1051733E+22
 -0.5183953E+23 -0.1304051E+22  0.3792599E+23  0.1749431E+22 -0.5462410E+22 -0.1919025E+22
  0.2736912E+20  0.1615379E+22 -0.4082182E+21  0.2383572E+23 -0.1204692E+23  0.1522173E+22
 -0.1100354E+22 -0.3268899E+23  0.8950896E+22 -0.6387723E+22  0.2359542E+23 -0.5554809E+22
  0.1105972E+23  0.4351150E+22 -0.1497302E+23  0.4279607E+21 -0.2945365E+22  0.5067740E+22
  0.7032793E+23 -0.2356067E+23 -0.7812807E+22  0.1973274E+22  0.1308690E+22  0.2169833E+21
  0.2769882E+22  0.8829096E+23 -0.2198352E+23 -0.1486696E+23 -0.1273347E+22  0.1212541E+22
 -0.6057398E+23 -0.1382822E+22  0.4472484E+23  0.1931227E+22 -0.6287674E+22 -0.2297376E+22
  0.2727311E+20  0.1747817E+22 -0.4298831E+21  0.2800252E+23 -0.1377468E+23  0.1693972E+22
 -0.1192860E+22 -0.3844969E+23  0.1021552E+23 -0.7275086E+22  0.2788796E+23 -0.6419069E+22
  0.1304321E+23  0.4965143E+22 -0.1781194E+23  0.4725188E+21 -0.3390225E+22  0.6081041E+22
  0.8135739E+23 -0.2658235E+23 -0.9131105E+22  0.2171350E+22  0.1491728E+22  0.2562062E+21
  0.3014665E+22  0.1029074E+24 -0.2491916E+23 -0.1689221E+23 -0.1759167E+22  0.1388901E+22
 -0.7065226E+23 -0.1496201E+22  0.5258524E+23  0.2130071E+22 -0.7211326E+22 -0.2728444E+22
  0.2792680E+20  0.1915720E+22 -0.4585503E+21  0.3285361E+23 -0.1572780E+23  0.1882317E+22
 -0.1308996E+22 -0.4513875E+23  0.1164748E+23 -0.8285539E+22  0.3287992E+23 -0.7395485E+22
  0.1533893E+23  0.5661439E+22 -0.2111144E+23  0.5223944E+21 -0.3896005E+22  0.7264079E+22
  0.9404702E+23 -0.2993198E+23 -0.1061059E+23  0.2381584E+22  0.1688495E+22  0.2992773E+21
  0.3329535E+22  0.1198184E+24 -0.2821853E+23 -0.1915138E+23 -0.2328359E+22  0.1581242E+22
 -0.8225985E+23 -0.1662354E+22  0.6165190E+23  0.2347629E+22 -0.8240210E+22 -0.3216082E+22
  0.2946877E+20  0.2130336E+22 -0.4961837E+21  0.3850119E+23 -0.1793488E+23  0.2088637E+22
 -0.1456117E+22 -0.5289345E+23  0.1326795E+23 -0.9439165E+22  0.3867619E+23 -0.8496140E+22
  0.1798750E+23  0.6451815E+22 -0.2493306E+23  0.5785396E+21 -0.4471536E+22  0.8640133E+22
  0.1086404E+24 -0.3363414E+23 -0.1226306E+23  0.2603211E+22  0.1898269E+22  0.3460557E+21
  0.3734035E+22  0.1393812E+24 -0.3192414E+23 -0.2166509E+23 -0.2990024E+22  0.1789864E+22
 -0.9560673E+23 -0.1903625E+22  0.7208890E+23  0.2585575E+22 -0.9381084E+22 -0.3764068E+22
  0.3208525E+20  0.2405241E+22 -0.5450042E+21  0.4507665E+23 -0.2042786E+23  0.2314377E+22
 -0.1643030E+22 -0.6187115E+23  0.1510050E+23 -0.1075916E+23  0.4539752E+23 -0.9734228E+22
  0.2103418E+23  0.7349626E+22 -0.2934589E+23  0.6420145E+21 -0.5126924E+22  0.1023550E+23
  0.1254160E+24 -0.3771299E+23 -0.1410030E+23  0.2835104E+22  0.2120003E+22  0.3963181E+21
  0.4251926E+22  0.1620096E+24 -0.3608262E+23 -0.2445451E+23 -0.3754023E+22  0.2014917E+22
 -0.1109310E+24 -0.2247282E+22  0.8408279E+23  0.2845543E+22 -0.1064050E+23 -0.4376095E+22
  0.3603779E+20  0.2757107E+22 -0.6075950E+21  0.5273382E+23 -0.2324233E+23  0.2561004E+22
 -0.1880423E+22 -0.7225265E+23  0.1717152E+23 -0.1227228E+23  0.5318333E+23 -0.1112423E+23
  0.2452974E+23  0.8370035E+22 -0.3442796E+23  0.7140055E+21 -0.5873751E+22  0.1208007E+23
  0.1446962E+24 -0.4219338E+23 -0.1613453E+23  0.3075895E+22  0.2352413E+22  0.4497752E+21
  0.4911123E+22  0.1881877E+24 -0.4074562E+23 -0.2754214E+23 -0.4631187E+22  0.2256429E+22
 -0.1285061E+24 -0.2725636E+22  0.9784865E+23  0.3129130E+22 -0.1202516E+23 -0.5055917E+22
  0.4167200E+20  0.3205783E+22 -0.6868251E+21  0.6165436E+23 -0.2641836E+23  0.2830010E+22
 -0.2180808E+22 -0.8424784E+23  0.1951065E+23 -0.1400941E+23  0.6219633E+23 -0.1268225E+23
  0.2853189E+23  0.9530225E+22 -0.4026869E+23  0.7958216E+21 -0.6725275E+22  0.1420838E+23
  0.1668457E+24 -0.4709753E+23 -0.1837718E+23  0.3323697E+22  0.2593774E+22  0.5060378E+21
  0.5744363E+22  0.2184712E+24 -0.4596757E+23 -0.3094967E+23 -0.5633124E+22  0.2514122E+22
 -0.1486389E+24 -0.3376759E+22  0.1136291E+24  0.3437604E+22 -0.1354103E+23 -0.5807011E+22
  0.4944345E+20  0.3774850E+22 -0.7858674E+21  0.7204946E+23 -0.2999924E+23  0.3122696E+22
 -0.2558760E+22 -0.9809586E+23  0.2214997E+23 -0.1600518E+23  0.7262299E+23 -0.1442534E+23
  0.3310474E+23  0.1084901E+23 -0.4696846E+23  0.8888535E+21 -0.7696199E+22  0.1665952E+23
  0.1922850E+24 -0.5244722E+23 -0.2083973E+23  0.3576346E+22  0.2842099E+22  0.5646494E+21
  0.6789578E+22  0.2535090E+24 -0.5180797E+23 -0.3469954E+23 -0.6772416E+22  0.2787520E+22
 -0.1716813E+24 -0.4244731E+22  0.1317042E+24  0.3772024E+22 -0.1519409E+23 -0.6632867E+22
  0.5993494E+20  0.4492044E+22 -0.9081731E+21  0.8416818E+23 -0.3403318E+23  0.3440307E+22
 -0.3031030E+22 -0.1140742E+24  0.2512506E+23 -0.1829906E+23  0.8468108E+23 -0.1637233E+23
  0.3832132E+23  0.1234738E+23 -0.5464269E+23  0.9946023E+21 -0.8803119E+22  0.1947887E+23
  0.2214956E+24 -0.5826128E+23 -0.2353278E+23  0.3831201E+22  0.3094982E+22  0.6250595E+21
  0.8090844E+22  0.2940537E+24 -0.5833005E+23 -0.3881328E+23 -0.8062464E+22  0.3075803E+22
 -0.1980332E+24 -0.5380614E+22  0.1523945E+24  0.4133019E+22 -0.1698963E+23 -0.7536718E+22
  0.7388605E+20  0.5390066E+22 -0.1057497E+22  0.9830277E+23 -0.3857275E+23  0.3783864E+22
 -0.3616901E+22 -0.1325024E+24  0.2847472E+23 -0.2093547E+23  0.9862322E+23 -0.1854340E+23
  0.4426402E+23  0.1404835E+23 -0.6342303E+23  0.1114654E+22 -0.1006448E+23  0.2271868E+23
  0.2550279E+24 -0.6455563E+23 -0.2646595E+23  0.4085268E+22  0.3349684E+22  0.6866370E+21
  0.9698063E+22  0.3409783E+24 -0.6560050E+23 -0.4331155E+23 -0.9517396E+22  0.3377790E+22
 -0.2281492E+24 -0.6842281E+22  0.1760669E+24  0.4520700E+22 -0.1893238E+23 -0.8521551E+22
  0.9219817E+20  0.6506607E+22 -0.1237742E+22  0.1147960E+24 -0.4367496E+23  0.4154111E+22
 -0.4337968E+22 -0.1537486E+24  0.3224078E+23 -0.2396398E+23  0.1147426E+24 -0.2096013E+23
  0.5102586E+23  0.1597683E+23 -0.7345988E+23  0.1250636E+22 -0.1150060E+23  0.2643931E+23
  0.2935100E+24 -0.7134120E+23 -0.2964707E+23  0.4335089E+22  0.3603043E+22  0.7486534E+21
  0.1166780E+23  0.3952931E+24 -0.7368846E+23 -0.4821275E+23 -0.1115182E+23  0.3691828E+22
 -0.2625448E+24 -0.8695183E+22  0.2031414E+24  0.4934474E+22 -0.2102594E+23 -0.9589857E+22
  0.1159566E+21  0.7885162E+22 -0.1452944E+22  0.1340497E+24 -0.4940080E+23  0.4551371E+22
 -0.5218427E+22 -0.1782361E+24  0.3646778E+23 -0.2743941E+23  0.1333791E+24 -0.2364519E+23
  0.5871160E+23  0.1815950E+23 -0.8492463E+23  0.1404183E+22 -0.1313359E+23  0.3071026E+23
  0.3376676E+24 -0.7862575E+23 -0.3308287E+23  0.4576994E+22  0.3851666E+22  0.8103209E+21
  0.1406345E+23  0.4581797E+24 -0.8266714E+23 -0.5353410E+23 -0.1298091E+23  0.4015894E+22
 -0.3018126E+24 -0.1101233E+23  0.2341048E+24  0.5373098E+22 -0.2327346E+23 -0.1074389E+23
  0.1464314E+21  0.9575412E+22 -0.1707147E+22  0.1565383E+24 -0.5581669E+23  0.4975624E+22
 -0.6285065E+22 -0.2064569E+24  0.4120391E+23 -0.3142281E+23  0.1549310E+24 -0.2662299E+23
  0.6744122E+23  0.2062516E+23 -0.9801575E+23  0.1576918E+22 -0.1498780E+23  0.3561282E+23
  0.3883190E+24 -0.8640776E+23 -0.3677637E+23  0.4806809E+22  0.4091692E+22  0.8707412E+21
  0.1695518E+23  0.5309926E+24 -0.9260836E+23 -0.5928744E+23 -0.1501941E+23  0.4347292E+22
 -0.3466169E+24 -0.1387428E+23  0.2695083E+24  0.5834234E+22 -0.2567587E+23 -0.1198487E+23
  0.1850786E+21  0.1163355E+23 -0.2004252E+22  0.1828136E+24 -0.6299100E+23  0.5426109E+22
 -0.7567170E+22 -0.2389710E+24  0.4649862E+23 -0.3597987E+23  0.1798560E+24 -0.2991804E+23
  0.7734830E+23  0.2340350E+23 -0.1129573E+24  0.1770316E+22 -0.1708891E+23  0.4123992E+23
  0.4464070E+24 -0.9468021E+23 -0.4072835E+23  0.5020274E+22  0.4319118E+22  0.9289721E+21
  0.2042011E+23  0.6153108E+24 -0.1035859E+24 -0.6548148E+23 -0.1728183E+23  0.4682881E+22
 -0.3977199E+24 -0.1736886E+23  0.3099902E+24  0.6314655E+22 -0.2823313E+23 -0.1331347E+23
  0.2335205E+21  0.1412269E+23 -0.2347872E+22  0.2135254E+24 -0.7099645E+23  0.5901517E+22
 -0.9096501E+22 -0.2764277E+24  0.5240422E+23 -0.4118231E+23  0.2086899E+24 -0.3355611E+23
  0.8858570E+23  0.2652575E+23 -0.1300085E+24  0.1985692E+22 -0.1946461E+23  0.4770014E+23
  0.5130068E+24 -0.1034267E+24 -0.4493564E+23  0.5212931E+22  0.4529709E+22  0.9840083E+21
  0.2454213E+23  0.7129605E+24 -0.1156716E+24 -0.7211893E+23 -0.1978155E+23  0.5018920E+22
 -0.4559875E+24 -0.2159085E+23  0.3562832E+24  0.6809980E+22 -0.3094306E+23 -0.1472926E+23
  0.2935226E+21  0.1711312E+23 -0.2741143E+22  0.2494346E+24 -0.7990780E+23  0.6399731E+22
 -0.1090717E+23 -0.3195739E+24  0.5897439E+23 -0.4710676E+23  0.2420547E+24 -0.3756319E+23
  0.1013264E+24  0.3002384E+23 -0.1494662E+24  0.2224077E+22 -0.2214402E+23  0.5511923E+23
  0.5893462E+24 -0.1126213E+24 -0.4939088E+23  0.5380348E+22  0.4719182E+22  0.1034816E+22
  0.2941091E+23  0.8260540E+24 -0.1289346E+24 -0.7919601E+23 -0.2253035E+23  0.5351120E+22
 -0.5224053E+24 -0.2664060E+23  0.4092294E+24  0.7314668E+22 -0.3380143E+23 -0.1623071E+23
  0.3669327E+21  0.2068194E+23 -0.3186445E+22  0.2914313E+24 -0.8980101E+23  0.6917773E+22
 -0.1303514E+23 -0.3692690E+24  0.6626352E+23 -0.5383411E+23  0.2806735E+24 -0.4196519E+23
  0.1157670E+24  0.3392984E+23 -0.1716716E+24  0.2486101E+22 -0.2515738E+23  0.6364320E+23
  0.6768233E+24 -0.1222265E+24 -0.5408146E+23  0.5518175E+22  0.4883245E+22  0.1080343E+22
  0.3512102E+23  0.9570271E+24 -0.1434377E+24 -0.8670039E+23 -0.2553735E+23  0.5674622E+22
 -0.5980925E+24 -0.3262269E+23  0.4697951E+24  0.7821920E+22 -0.3680123E+23 -0.1781478E+23
  0.4556160E+21  0.2491282E+23 -0.3685154E+22  0.3405545E+24 -0.1007510E+24  0.7451648E+22
 -0.1551780E+23 -0.4264997E+24  0.7432533E+23 -0.6144817E+23  0.3253850E+24 -0.4678707E+23
  0.1321300E+24  0.3827511E+23 -0.1970155E+24  0.2771860E+22 -0.2853549E+23  0.7344112E+23
  0.7770521E+24 -0.1321965E+24 -0.5899075E+23  0.5622506E+22  0.5017921E+22  0.1119587E+22
  0.4177135E+23  0.1108719E+25 -0.1592398E+24 -0.9461301E+23 -0.2880915E+23  0.5984246E+22
 -0.6843404E+24 -0.3964481E+23  0.5391044E+24  0.8323973E+22 -0.3993369E+23 -0.1947734E+23
  0.5613670E+21  0.2989574E+23 -0.4237445E+22  0.3980264E+24 -0.1128331E+24  0.7996523E+22
 -0.1839376E+23 -0.4924124E+24  0.8321399E+23 -0.7003605E+23  0.3771727E+24 -0.5205368E+23
  0.1506726E+24  0.4309062E+23 -0.2259529E+24  0.3080856E+22 -0.3230997E+23  0.8471136E+23
  0.8918493E+24 -0.1424691E+24 -0.6409433E+23  0.5689708E+22  0.5119398E+22  0.1151563E+22
  0.4946115E+23  0.1284367E+25 -0.1763847E+24 -0.1029017E+24 -0.3234723E+23  0.6274236E+22
 -0.7825990E+24 -0.4781328E+23  0.6184341E+24  0.8811710E+22 -0.4318573E+23 -0.2121193E+23
  0.6857675E+21  0.3572447E+23 -0.4841784E+22  0.4652589E+24 -0.1261143E+24  0.8546218E+22
 -0.2170111E+23 -0.5683096E+24  0.9297823E+23 -0.7968243E+23  0.4371666E+24 -0.5778609E+23
  0.1716829E+24  0.4840372E+23 -0.2590001E+24  0.3411697E+22 -0.3651082E+23  0.9768159E+23
  0.1023307E+25 -0.1529730E+24 -0.6936296E+23  0.5716936E+22  0.5184493E+22  0.1175409E+22
  0.5828952E+23  0.1487732E+25 -0.1949066E+24 -0.1115253E+24 -0.3614871E+23  0.6538735E+22
 -0.8945402E+24 -0.5723180E+23  0.7092672E+24  0.9275308E+22 -0.4654197E+23 -0.2301067E+23
  0.8300704E+21  0.4249612E+23 -0.5494860E+22  0.5439056E+24 -0.1406569E+24  0.9093653E+22
 -0.2547735E+23 -0.6557010E+24  0.1036640E+24 -0.9047080E+23  0.5066881E+24 -0.6400352E+23
  0.1954941E+24  0.5423923E+23 -0.2967574E+24  0.3762126E+22 -0.4116720E+23  0.1126184E+24
  0.1173811E+25 -0.1636243E+24 -0.7476082E+23  0.5702132E+22  0.5210670E+22  0.1190392E+22
  0.6835135E+23  0.1723137E+25 -0.2148226E+24 -0.1204310E+24 -0.4020463E+23  0.6771783E+22
 -0.1022072E+25 -0.6799681E+23  0.8133100E+24  0.9704248E+22 -0.4998352E+23 -0.2486363E+23
  0.9950297E+21  0.5030809E+23 -0.6191218E+22  0.6358866E+24 -0.1565121E+24  0.9630662E+22
 -0.2975777E+23 -0.7563212E+24  0.1153106E+24 -0.1024786E+24  0.5872694E+24 -0.7072086E+23
  0.2224871E+24  0.6061717E+23 -0.3399162E+24  0.4128826E+22 -0.4630552E+23  0.1298312E+24
  0.1346086E+25 -0.1743283E+24 -0.8024598E+23  0.5644206E+22  0.5196230E+22  0.1195952E+22
  0.7973385E+23  0.1995558E+25 -0.2361309E+24 -0.1295542E+24 -0.4449933E+23  0.6967549E+22
 -0.1167378E+25 -0.8019334E+23  0.9325301E+24  0.1008770E+23 -0.5348814E+23 -0.2675890E+23
  0.1180736E+22  0.5925521E+23 -0.6923083E+22  0.7434304E+24 -0.1737174E+24  0.1014814E+23
 -0.3457415E+23 -0.8721655E+24  0.1279485E+24 -0.1157739E+24  0.6806887E+24 -0.7794790E+23
  0.2530989E+24  0.6755162E+23 -0.3892749E+24  0.4507349E+22 -0.5194836E+23  0.1496796E+24
  0.1543235E+25 -0.1849796E+24 -0.8577018E+23  0.5543136E+22  0.5140414E+22  0.1191738E+22
  0.9251156E+23  0.2310698E+25 -0.2588053E+24 -0.1388180E+24 -0.4900953E+23  0.7120522E+22
 -0.1332952E+25 -0.9388955E+23  0.1069189E+25  0.1041485E+23 -0.5703000E+23 -0.2868244E+23
  0.1386437E+22  0.6942535E+23 -0.7680182E+22  0.8691128E+24 -0.1922913E+24  0.1063611E+23
 -0.3995293E+23 -0.1005523E+25  0.1415967E+24 -0.1304107E+24  0.7890023E+24 -0.8568746E+23
  0.2878307E+24  0.7504882E+23 -0.4457531E+24  0.4892046E+22 -0.5811270E+23  0.1725804E+24
  0.1768846E+25 -0.1954695E+24 -0.9128208E+23  0.5400174E+22  0.5043643E+22  0.1177663E+22
  0.1067448E+24  0.2675171E+25 -0.2828005E+24 -0.1481381E+24 -0.5370535E+23  0.7225952E+22
 -0.1521691E+25 -0.1091348E+24  0.1225923E+25  0.1067569E+23 -0.6058150E+23 -0.3061903E+23
  0.1610436E+22  0.8089741E+23 -0.8449993E+22  0.1015935E+25 -0.2122352E+24  0.1108432E+23
 -0.4591484E+23 -0.1159055E+25  0.1562638E+24 -0.1464283E+24  0.9146140E+24 -0.9393676E+23
  0.3272674E+24  0.8310811E+23 -0.5104255E+24  0.5276234E+22 -0.6481015E+23  0.1990224E+24
  0.2026962E+25 -0.2056778E+24 -0.9672318E+23  0.5217579E+22  0.4907296E+22  0.1153866E+22
  0.1224686E+24  0.3096469E+25 -0.3080337E+24 -0.1574160E+24 -0.5854737E+23  0.7279706E+22
 -0.1736867E+25 -0.1259482E+24  0.1405730E+25  0.1086089E+23 -0.6411036E+23 -0.3255078E+23
  0.1849881E+22  0.9373168E+23 -0.9217391E+22  0.1187323E+25 -0.2335181E+24  0.1148186E+23
 -0.5247056E+23 -0.1335783E+25  0.1719374E+24 -0.1638383E+24  0.1060274E+25 -0.1026809E+24
  0.3720725E+24  0.9171591E+23 -0.5845174E+24  0.5651995E+22 -0.7204180E+23  0.2295659E+24
  0.2322245E+25 -0.2154861E+24 -0.1020339E+24  0.4998854E+22  0.4733973E+22  0.1120782E+22
  0.1396932E+24  0.3583244E+25 -0.3343973E+24 -0.1665491E+24 -0.6348965E+23  0.7278891E+22
 -0.1982279E+25 -0.1443196E+24  0.1612092E+25  0.1096291E+23 -0.6758328E+23 -0.3445905E+23
  0.2100790E+22  0.1079688E+24 -0.9965428E+22  0.1387248E+25 -0.2560836E+24  0.1181814E+23
 -0.5962138E+23 -0.1539210E+25  0.1885891E+24 -0.1826281E+24  0.1229184E+25 -0.1118967E+24
  0.4230206E+24  0.1008489E+24 -0.6694582E+24  0.6010644E+22 -0.7980006E+23  0.2648655E+24
  0.2660021E+25 -0.2247769E+24 -0.1071531E+24  0.4748521E+22  0.4527324E+22  0.1079108E+22
  0.1583960E+24  0.4145386E+25 -0.3617497E+24 -0.1754293E+24 -0.6847922E+23  0.7221892E+22
 -0.2262286E+25 -0.1642016E+24  0.1849020E+25  0.1097618E+23 -0.7096523E+23 -0.3632411E+23
  0.2357998E+22  0.1236217E+24 -0.1067555E+23  0.1620265E+25 -0.2798412E+24  0.1208307E+23
 -0.6735607E+23 -0.1773358E+25  0.2061683E+24 -0.2027520E+24  0.1425032E+25 -0.1215489E+24
  0.4810055E+24  0.1104707E+24 -0.7668979E+24  0.6342846E+22 -0.8806527E+23  0.3056787E+24
  0.3046385E+25 -0.2334371E+24 -0.1120198E+24  0.4471932E+22  0.4291906E+22  0.1029782E+22
  0.1785177E+24  0.4794213E+25 -0.3899161E+24 -0.1839466E+24 -0.7345731E+23  0.7108535E+22
 -0.2581907E+25 -0.1855064E+24  0.2121128E+25  0.1089756E+23 -0.7422030E+23 -0.3812566E+23
  0.2615279E+22  0.1406705E+24 -0.1132835E+23  0.1891595E+25 -0.3046644E+24  0.1226747E+23
 -0.7564969E+23 -0.2042855E+25  0.2246002E+24 -0.2241278E+24  0.1652075E+25 -0.1315898E+24
  0.5470618E+24  0.1205313E+24 -0.8787452E+24  0.6639008E+22 -0.9680468E+23  0.3528820E+24
  0.3488290E+25 -0.2413620E+24 -0.1165750E+24  0.4175084E+22  0.4033034E+22  0.9739542E+21
  0.1999564E+24  0.5542629E+25 -0.4186857E+24 -0.1919923E+24 -0.7836077E+23  0.6940191E+22
 -0.2946899E+25 -0.2081013E+24  0.2433717E+25  0.1072658E+23 -0.7731260E+23 -0.3984336E+23
  0.2865484E+22  0.1590560E+24 -0.1190422E+23  0.2207204E+25 -0.3303873E+24  0.1236358E+23
 -0.8446132E+23 -0.2353008E+25  0.2437827E+24 -0.2466323E+24  0.1915199E+25 -0.1419577E+24
  0.6223831E+24  0.1309657E+24 -0.1007200E+25  0.6889653E+22 -0.1059706E+24  0.4074866E+24
  0.3993794E+25 -0.2484643E+24 -0.1207667E+24  0.3864402E+22  0.3756605E+22  0.9129536E+21
  0.2225717E+24  0.6405523E+25 -0.4478260E+24 -0.1994675E+24 -0.8312614E+23  0.6719936E+22
 -0.3363971E+25 -0.2318144E+24  0.2792947E+25  0.1046587E+23 -0.8020919E+23 -0.4145841E+23
  0.3100948E+22  0.1786809E+24 -0.1238477E+23  0.2573960E+25 -0.3568138E+24  0.1236578E+23
 -0.9373605E+23 -0.2709976E+25  0.2635920E+24 -0.2701066E+24  0.2220072E+25 -0.1525805E+24
  0.7083679E+24  0.1416980E+24 -0.1154829E+25  0.7086121E+22 -0.1155028E+24  0.4706701E+24
  0.4571982E+25 -0.2546653E+24 -0.1245454E+24  0.3546296E+22  0.3468671E+22  0.8481862E+21
  0.2461708E+24  0.7399681E+25 -0.4770609E+24 -0.2062768E+24 -0.8768774E+23  0.6452143E+22
 -0.3840732E+25 -0.2564212E+24  0.3205804E+25  0.1012059E+23 -0.8287724E+23 -0.4295216E+23
  0.3313664E+22  0.1993964E+24 -0.1275301E+23  0.2999618E+25 -0.3836996E+24  0.1227034E+23
 -0.1033989E+24 -0.3120745E+25  0.2838684E+24 -0.2943414E+24  0.2573128E+25 -0.1633683E+24
  0.8066097E+24  0.1526336E+24 -0.1324558E+25  0.7220659E+22 -0.1253222E+24  0.5437745E+24
