  0.1179639E+18 -0.1869204E+18  0.5270330E+17  0.7404645E+17 -0.4175566E+17  0.5886628E+16
  0.2068978E+18 -0.1336378E+18 -0.4407334E+17 -0.2399238E+17  0.7830092E+17 -0.2017003E+17
 -0.2807030E+18  0.3082795E+18 -0.1406414E+17 -0.6804458E+17 -0.1935193E+17  0.1086587E+17
  0.9071993E+17  0.2655661E+17 -0.7918167E+17  0.1943491E+16 -0.1158950E+17  0.1727773E+17
 -0.2461636E+18  0.3928700E+17  0.1500839E+18  0.1102383E+17 -0.2662544E+17 -0.1861550E+17
  0.1669879E+18 -0.1021842E+18 -0.5787273E+17  0.1563230E+17  0.1770691E+17  0.5014214E+16
  0.1261488E+18 -0.1967954E+18  0.5545815E+17  0.7675144E+17 -0.4325806E+17  0.6095194E+16
  0.2203930E+18 -0.1396667E+18 -0.4521991E+17 -0.2514967E+17  0.8014725E+17 -0.2058874E+17
 -0.2957785E+18  0.3193118E+18 -0.1483554E+17 -0.6910976E+17 -0.1966566E+17  0.1103024E+17
  0.9626147E+17  0.2816536E+17 -0.8182050E+17  0.2060241E+16 -0.1197002E+17  0.1738649E+17
 -0.2583754E+18  0.3959737E+17  0.1536418E+18  0.1132283E+17 -0.2648005E+17 -0.1862932E+17
  0.1733764E+18 -0.1038702E+18 -0.5882826E+17  0.1555723E+17  0.1762208E+17  0.4990248E+16
  0.1466708E+18 -0.2250461E+18  0.6331776E+17  0.8632560E+17 -0.4857620E+17  0.6833568E+16
  0.2546952E+18 -0.1578271E+18 -0.5057345E+17 -0.2882321E+17  0.8908507E+17 -0.2278283E+17
 -0.3383000E+18  0.3585495E+18 -0.1674796E+17 -0.7596022E+17 -0.2180067E+17  0.1214676E+17
  0.1105702E+18  0.3262056E+17 -0.9164378E+17  0.2405941E+16 -0.1351844E+17  0.1898926E+17
 -0.2937306E+18  0.4263931E+17  0.1705865E+18  0.1268116E+17 -0.2841887E+17 -0.2024840E+17
  0.1950744E+18 -0.1141870E+18 -0.6489883E+17  0.1670986E+17  0.1899429E+17  0.5397757E+16
  0.1716100E+18 -0.2587753E+18  0.7262209E+17  0.9755351E+17 -0.5475438E+17  0.7683070E+16
  0.2954667E+18 -0.1783410E+18 -0.5713668E+17 -0.3349856E+17  0.9961612E+17 -0.2531777E+17
 -0.3886971E+18  0.4039541E+18 -0.1871004E+17 -0.8360756E+17 -0.2443929E+17  0.1344331E+17
  0.1271787E+18  0.3824828E+17 -0.1030067E+18  0.2875739E+16 -0.1548934E+17  0.2085721E+17
 -0.3346164E+18  0.4514517E+17  0.1902038E+18  0.1435486E+17 -0.3043457E+17 -0.2214965E+17
  0.2201000E+18 -0.1255839E+18 -0.7195298E+17  0.1791382E+17  0.2052735E+17  0.5880544E+16
  0.2022183E+18 -0.2994047E+18  0.8372725E+17  0.1108247E+18 -0.6198333E+17  0.8666687E+16
  0.3443866E+18 -0.2016886E+18 -0.6522900E+17 -0.3942915E+17  0.1120954E+18 -0.2826358E+17
 -0.4489853E+18  0.4569480E+18 -0.2070301E+17 -0.9221475E+17 -0.2769687E+17  0.1495667E+17
  0.1466263E+18  0.4535290E+17 -0.1162536E+18  0.3507019E+16 -0.1797917E+17  0.2304311E+17
 -0.3823207E+18  0.4694120E+17  0.2130824E+18  0.1640405E+17 -0.3253439E+17 -0.2438815E+17
  0.2492205E+18 -0.1382846E+18 -0.8020476E+17  0.1918245E+17  0.2225155E+17  0.6452924E+16
  0.2400888E+18 -0.3487110E+18  0.9707391E+17  0.1266192E+18 -0.7049630E+17  0.9812354E+16
  0.4034667E+18 -0.2283264E+18 -0.7527282E+17 -0.4696866E+17  0.1269733E+18 -0.3170690E+17
 -0.5216000E+18  0.5191806E+18 -0.2268018E+17 -0.1019516E+18 -0.3172582E+17  0.1673255E+17
  0.1695054E+18  0.5434382E+17 -0.1317829E+18  0.4355689E+16 -0.2112495E+17  0.2561382E+17
 -0.4382717E+18  0.4770486E+17  0.2399136E+18  0.1890918E+17 -0.3470626E+17 -0.2703415E+17
  0.2832979E+18 -0.1524986E+18 -0.8990776E+17  0.2052241E+17  0.2419857E+17  0.7133308E+16
  0.2873252E+18 -0.4089966E+18  0.1132259E+18  0.1455478E+18 -0.8058637E+17  0.1115469E+17
  0.4752542E+18 -0.2587411E+18 -0.8782895E+17 -0.5659130E+17  0.1448248E+18 -0.3575590E+17
 -0.6096417E+18  0.5926903E+18 -0.2456312E+17 -0.1130153E+18 -0.3672413E+17  0.1882806E+17
  0.1965252E+18  0.6575912E+17 -0.1500818E+18  0.5500898E+16 -0.2510936E+17  0.2865351E+17
 -0.5041932E+18  0.4697000E+17  0.2715493E+18  0.2197106E+17 -0.3692259E+17 -0.3017628E+17
  0.3233819E+18 -0.1684582E+18 -0.1013759E+18  0.2193858E+17  0.2640469E+17  0.7944994E+16
  0.3463283E+18 -0.4828516E+18  0.1328113E+18  0.1682982E+18 -0.9258289E+17  0.1273275E+17
  0.5621234E+18 -0.2928145E+18 -0.1036723E+18 -0.6904244E+17  0.1663960E+18 -0.4054478E+17
 -0.7161767E+18  0.6792573E+18 -0.2615035E+17 -0.1254851E+18 -0.4298179E+17  0.2131609E+17
  0.2280948E+18  0.8037744E+17 -0.1716056E+18  0.7080973E+16 -0.3023572E+17  0.3227660E+17
 -0.5812110E+18  0.4368113E+17  0.3088555E+18  0.2573942E+17 -0.3905742E+17 -0.3393832E+17
  0.3702477E+18 -0.1861224E+18 -0.1149457E+18  0.2339078E+17  0.2889142E+17  0.8921400E+16
  0.4204837E+18 -0.5738958E+18  0.1566917E+18  0.1958200E+18 -0.1069301E+18  0.1459764E+17
  0.6674338E+18 -0.3305492E+18 -0.1238299E+18 -0.8525060E+17  0.1926456E+18 -0.4624322E+17
 -0.8455682E+18  0.7815245E+18 -0.2719841E+17 -0.1395480E+18 -0.5085322E+17  0.2428731E+17
  0.2648545E+18  0.9914540E+17 -0.1969747E+18  0.9278502E+16 -0.3686766E+17  0.3662296E+17
 -0.6710853E+18  0.3668590E+17  0.3529988E+18  0.3037625E+17 -0.4098606E+17 -0.3846935E+17
  0.4250971E+18 -0.2056077E+18 -0.1310636E+18  0.2486168E+17  0.3169592E+17  0.1010221E+17
  0.5150952E+18 -0.6876838E+18  0.1861586E+18  0.2295251E+18 -0.1242666E+18  0.1681973E+17
  0.7969771E+18 -0.3728082E+18 -0.1496483E+18 -0.1062700E+18  0.2247978E+18 -0.5306611E+17
 -0.1005083E+19  0.9041671E+18 -0.2748287E+17 -0.1556970E+18 -0.6074464E+17  0.2785337E+17
  0.3082792E+18  0.1231594E+18 -0.2271851E+18  0.1230073E+17 -0.4538091E+17  0.4185579E+17
 -0.7775536E+18  0.2512316E+17  0.4057526E+18  0.3604380E+17 -0.4266838E+17 -0.4393858E+17
  0.4902939E+18 -0.2275587E+18 -0.1503822E+18  0.2640403E+17  0.3489823E+17  0.1153126E+17
  0.6364478E+18 -0.8306530E+18  0.2226736E+18  0.2710294E+18 -0.1453100E+18  0.1947666E+17
  0.9563972E+18 -0.4191839E+18 -0.1829912E+18 -0.1337322E+18  0.2644437E+18 -0.6127931E+17
 -0.1202278E+19  0.1051535E+19 -0.2649223E+17 -0.1742130E+18 -0.7325908E+17  0.3215786E+17
  0.3592971E+18  0.1539766E+18 -0.2631985E+18  0.1649665E+17 -0.5639680E+17  0.4820068E+17
 -0.9033381E+18  0.7022823E+16  0.4689844E+18  0.4298038E+17 -0.4387248E+17 -0.5058904E+17
  0.5677889E+18 -0.2521540E+18 -0.1736294E+18  0.2799527E+17  0.3855425E+17  0.1327394E+17
  0.7926140E+18 -0.1010934E+19  0.2680439E+18  0.3223473E+18 -0.1709374E+18  0.2266157E+17
  0.1152187E+19 -0.4684072E+18 -0.2263597E+18 -0.1698682E+18  0.3136360E+18 -0.7121692E+17
 -0.1446228E+19  0.1228579E+19 -0.2345158E+17 -0.1953266E+18 -0.8920343E+17  0.3738362E+17
  0.4187205E+18  0.1936030E+18 -0.3061260E+18  0.2237896E+17 -0.7077146E+17  0.5595209E+17
 -0.1051158E+19 -0.2039242E+17  0.5449438E+18  0.5146588E+17 -0.4422832E+17 -0.5874143E+17
  0.6597084E+18 -0.2794315E+18 -0.2017030E+18  0.2958958E+17  0.4271749E+17  0.1541745E+17
  0.9955365E+18 -0.1240350E+19  0.3248565E+18  0.3863414E+18 -0.2023712E+18  0.2650123E+17
  0.1394591E+19 -0.5197020E+18 -0.2830748E+18 -0.2174526E+18  0.3750405E+18 -0.8330956E+17
 -0.1750845E+19  0.1443250E+19 -0.1743892E+17 -0.2196235E+18 -0.1095700E+18  0.4376231E+17
  0.4884008E+18  0.2444934E+18 -0.3576433E+18  0.3059835E+17 -0.8951810E+17  0.6547322E+17
 -0.1226330E+19 -0.6001609E+17  0.6368740E+18  0.6180765E+17 -0.4338816E+17 -0.6878585E+17
  0.7698009E+18 -0.3100148E+18 -0.2358612E+18  0.3121235E+17  0.4749310E+17  0.1806652E+17
  0.1261170E+19 -0.1534457E+19  0.3964425E+18  0.4667408E+18 -0.2411745E+18  0.3115494E+17
  0.1696030E+19 -0.5709704E+18 -0.3576621E+18 -0.2803285E+18  0.4521749E+18 -0.9811207E+17
 -0.2133691E+19  0.1705247E+19 -0.7095056E+16 -0.2477328E+18 -0.1356932E+18  0.5159388E+17
  0.5702083E+18  0.3098462E+18 -0.4197355E+18  0.4209192E+17 -0.1140403E+18  0.7724278E+17
 -0.1434702E+19 -0.1159838E+18  0.7487734E+18  0.7439522E+17 -0.4081006E+17 -0.8123883E+17
  0.9024635E+18 -0.3444772E+18 -0.2776832E+18  0.3287240E+17  0.5299689E+17  0.2136040E+17
  0.1610736E+19 -0.1913677E+19  0.4870664E+18  0.5683986E+18 -0.2893360E+18  0.3682069E+17
  0.2071268E+19 -0.6179737E+18 -0.4562979E+18 -0.3638114E+18  0.5496855E+18 -0.1163376E+18
 -0.2616800E+19  0.2026334E+19  0.9578227E+16 -0.2803001E+18 -0.1693756E+18  0.6126700E+17
  0.6658676E+18  0.3937711E+18 -0.4947297E+18  0.5821565E+17 -0.1462830E+18  0.9189421E+17
 -0.1682489E+19 -0.1941002E+18  0.8855722E+18  0.8970501E+17 -0.3566720E+17 -0.9678872E+17
  0.1062812E+19 -0.3832879E+18 -0.3291614E+18  0.3455681E+17  0.5935366E+17  0.2548598E+17
  0.2074229E+19 -0.2406383E+19  0.6024902E+18  0.6979312E+18 -0.3494845E+18  0.4375051E+17
  0.2540529E+19 -0.6548043E+18 -0.5874312E+18 -0.4750003E+18  0.6737013E+18 -0.1388999E+18
 -0.3230871E+19  0.2422877E+19  0.3535372E+17 -0.3183150E+18 -0.2129933E+18  0.7328138E+17
  0.7779139E+18  0.5014797E+18 -0.5857011E+18  0.8081931E+17 -0.1887852E+18  0.1102454E+18
 -0.1978595E+19 -0.3016878E+18  0.1053861E+19  0.1083199E+18 -0.2691173E+17 -0.1163275E+18
  0.1258121E+19 -0.4273779E+18 -0.3929736E+18  0.3629456E+17  0.6674563E+17  0.3068628E+17
  0.2693530E+19 -0.3051414E+19  0.7503249E+18  0.8642122E+18 -0.4250095E+18  0.5225368E+17
  0.3130362E+19 -0.6724179E+18 -0.7626797E+18 -0.6234881E+18  0.8322882E+18 -0.1669563E+18
 -0.4017576E+19  0.2916692E+19  0.7422154E+17 -0.3630844E+18 -0.2697260E+18  0.8827756E+17
  0.9095094E+18  0.6396194E+18 -0.6965429E+18  0.1124543E+18 -0.2449245E+18  0.1333609E+18
 -0.2334569E+19 -0.4484234E+18  0.1262253E+19  0.1309741E+18 -0.1312724E+17 -0.1410283E+18
  0.1498119E+19 -0.4780469E+18 -0.4726776E+18  0.3813597E+17  0.7541526E+17  0.3728411E+17
  0.3526361E+19 -0.3901197E+19  0.9404398E+18  0.1078969E+19 -0.5202021E+18  0.6270110E+17
  0.3874795E+19 -0.6568360E+18 -0.9979648E+18 -0.8222528E+18  0.1036039E+19 -0.2019693E+18
 -0.5032568E+19  0.3536179E+19  0.1319690E+18 -0.4162025E+18 -0.3438642E+18  0.1070798E+18
  0.1064414E+19  0.8166879E+18 -0.8321528E+18  0.1566541E+18 -0.3192410E+18  0.1626431E+18
 -0.2764913E+19 -0.6473253E+18  0.1521986E+19  0.1585882E+18  0.7663417E+16 -0.1724597E+18
  0.1795529E+19 -0.5369037E+18 -0.5730152E+18  0.4013657E+17  0.8567222E+17  0.4571722E+17
  0.4653122E+19 -0.5027003E+19  0.1185719E+19  0.1357731E+19 -0.6404962E+18  0.7553692E+17
  0.4819879E+19 -0.5883590E+18 -0.1314995E+19 -0.1088572E+19  0.1298814E+19 -0.2457890E+18
 -0.6352366E+19  0.4319575E+19  0.2168556E+18 -0.4797749E+18 -0.4411731E+18  0.1307516E+18
  0.1248153E+19  0.1043721E+19 -0.9991179E+18  0.2181930E+18 -0.4177373E+18  0.1999428E+18
 -0.3290010E+19 -0.9155661E+18  0.1848287E+19  0.1923317E+18  0.3810980E+17 -0.2127258E+18
  0.2168037E+19 -0.6062670E+18 -0.7004880E+18  0.4238392E+17  0.9794177E+17  0.5658154E+17
  0.6184867E+19 -0.6524583E+19  0.1502714E+19  0.1720740E+19 -0.7926269E+18  0.9127723E+17
  0.6028154E+19 -0.4395852E+18 -0.1743238E+19 -0.1445274E+19  0.1638635E+19 -0.3007385E+18
 -0.8081723E+19  0.5317751E+19  0.3407169E+18 -0.5564411E+18 -0.5694187E+18  0.1606627E+18
  0.1468853E+19  0.1335309E+19 -0.1206415E+19  0.3034767E+18 -0.5483659E+18  0.2477168E+18
 -0.3938473E+19 -0.1276096E+19  0.2261897E+19  0.2336815E+18  0.8182715E+17 -0.2646742E+18
  0.2640083E+19 -0.6892399E+18 -0.8640574E+18  0.4498454E+17  0.1127887E+18  0.7069809E+17
  0.8273041E+19 -0.8520416E+19  0.1912200E+19  0.2193797E+19 -0.9846888E+18  0.1104947E+18
  0.7584513E+19 -0.1728183E+18 -0.2322468E+19 -0.1922224E+19  0.2078722E+19 -0.3697021E+18
 -0.1036278E+20  0.6597119E+19  0.5205839E+18 -0.6492484E+18 -0.7390759E+18  0.1985682E+18
  0.1738322E+19  0.1711082E+19 -0.1466379E+19  0.4210674E+18 -0.7217005E+18  0.3092448E+18
 -0.4750167E+19 -0.1759933E+19  0.2791123E+19  0.2844385E+18  0.1438669E+18 -0.3321928E+18
  0.3245097E+19 -0.7896351E+18 -0.1076100E+19  0.4803583E+17  0.1309247E+18  0.8921092E+17
  0.1112179E+20 -0.1117866E+20  0.2439666E+19  0.2808954E+19 -0.1226071E+19  0.1337908E+18
  0.9606045E+19  0.2621064E+18 -0.3105955E+19 -0.2557857E+19  0.2648641E+19 -0.4562170E+18
 -0.1338793E+20  0.8243256E+19  0.7808997E+18 -0.7614052E+18 -0.9642204E+18  0.2467004E+18
  0.2074219E+19  0.2198018E+19 -0.1796328E+19  0.5823014E+18 -0.9517705E+18  0.3889167E+18
 -0.5781672E+19 -0.2409083E+19  0.3474908E+19  0.3466710E+18  0.2313557E+18 -0.4206153E+18
  0.4028954E+19 -0.9118842E+18 -0.1353795E+19  0.5159731E+17  0.1532041E+18  0.1137244E+18
  0.1500098E+20 -0.1470680E+20  0.3115402E+19  0.3604597E+19 -0.1527153E+19  0.1617516E+18
  0.1225495E+20  0.9304729E+18 -0.4164394E+19 -0.3400863E+19  0.3385581E+19 -0.5645722E+18
 -0.1741436E+20  0.1036335E+20  0.1156605E+19 -0.8955477E+18 -0.1263675E+19  0.3078761E+18
  0.2502899E+19  0.2833887E+19 -0.2220838E+19  0.8021612E+18 -0.1257263E+19  0.4926409E+18
 -0.7113270E+19 -0.3280724E+19  0.4366906E+19  0.4224655E+18  0.3545441E+18 -0.5373001E+18
  0.5054000E+19 -0.1060420E+19 -0.1720954E+19  0.5562382E+17  0.1805436E+18  0.1465020E+18
  0.2025928E+20 -0.1935907E+20  0.3974133E+19  0.4624717E+19 -0.1898773E+19  0.1948951E+18
  0.1575536E+20  0.1916403E+19 -0.5590868E+19 -0.4512203E+19  0.4335835E+19 -0.6999298E+18
 -0.2278002E+20  0.1308631E+20  0.1697336E+19 -0.1052274E+19 -0.1662455E+19  0.3856226E+18
  0.3063181E+19  0.3672251E+19 -0.2774855E+19  0.1100606E+19 -0.1663298E+19  0.6284171E+18
 -0.8857853E+19 -0.4453165E+19  0.5540840E+19  0.5133364E+18  0.5284938E+18 -0.6924461E+18
  0.6403603E+19 -0.1238221E+19 -0.2210417E+19  0.5985661E+17  0.2137067E+18  0.1907498E+18
  0.2733399E+20 -0.2543507E+20  0.5053985E+19  0.5917016E+19 -0.2351440E+19  0.2336172E+18
  0.2041143E+20  0.3329929E+19 -0.7506944E+19 -0.5967781E+19  0.5556480E+19 -0.8684592E+18
 -0.2991696E+20  0.1655763E+20  0.2472864E+19 -0.1227521E+19 -0.2193447E+19  0.4843064E+18
  0.3810517E+19  0.4789095E+19 -0.3507429E+19  0.1504745E+19 -0.2204086E+19  0.8071123E+18
 -0.1117012E+20 -0.6034282E+19  0.7096784E+19  0.6190262E+18  0.7757726E+18 -0.9001911E+18
  0.8186000E+19 -0.1443821E+19 -0.2866841E+19  0.6366417E+17  0.2528222E+18  0.2510010E+18
  0.3675710E+20 -0.3327416E+20  0.6395200E+19  0.7530310E+19 -0.2894609E+19  0.2781679E+18
  0.2662306E+20  0.5321428E+19 -0.1007041E+20 -0.7862776E+19  0.7117574E+19 -0.1077529E+19
 -0.3935866E+20  0.2092677E+20  0.3579794E+19 -0.1408634E+19 -0.2899299E+19  0.6092717E+18
  0.4820749E+19  0.6291102E+19 -0.4485725E+19  0.2052480E+19 -0.2926947E+19  0.1043496E+19
 -0.1425368E+20 -0.8173496E+19  0.9167933E+19  0.7354131E+18  0.1130627E+19 -0.1180057E+19
  0.1053609E+20 -0.1666217E+19 -0.3749706E+19  0.6587547E+17  0.2964964E+18  0.3336223E+18
  0.4916097E+20 -0.4325049E+20  0.8039598E+19  0.9512654E+19 -0.3536510E+19  0.3286913E+18
  0.3489311E+20  0.8110256E+19 -0.1348586E+20 -0.1031941E+20  0.9105524E+19 -0.1336009E+19
 -0.5173958E+20  0.2632694E+20  0.5149606E+19 -0.1569251E+19 -0.3834547E+19  0.7670053E+18
  0.6191543E+19  0.8325371E+19 -0.5798487E+19  0.2798648E+19 -0.3898426E+19  0.1357596E+19
 -0.1836167E+20 -0.1107886E+20  0.1192693E+20  0.8511687E+18  0.1645269E+19 -0.1558797E+19
  0.1361336E+20 -0.1877259E+19 -0.4936134E+19  0.6471768E+17  0.3403422E+18  0.4474542E+18
  0.6528933E+20 -0.5577486E+20  0.1003139E+20  0.1191173E+20 -0.4284768E+19  0.3853185E+18
  0.4581455E+20  0.1203525E+20 -0.1801829E+20 -0.1349934E+20  0.1162753E+20 -0.1654595E+19
 -0.6778265E+20  0.3284736E+20  0.7357710E+19 -0.1663671E+19 -0.5067723E+19  0.9652716E+18
  0.8037198E+19  0.1108862E+20 -0.7556735E+19  0.3824636E+19 -0.5212870E+19  0.1776249E+19
 -0.2378208E+20 -0.1503904E+20  0.1558870E+20  0.9427034E+18  0.2398688E+19 -0.2072485E+19
  0.1759280E+20 -0.2021843E+19 -0.6522394E+19  0.5808982E+17  0.3747914E+18  0.6045318E+18
  0.8603006E+20 -0.7131847E+20  0.1242070E+20  0.1478066E+20 -0.5148348E+19  0.4483135E+18
  0.6002753E+20  0.1763588E+20 -0.2401222E+20 -0.1762324E+20  0.1481837E+20 -0.2046209E+19
 -0.8828041E+20  0.4050523E+20  0.1043427E+20 -0.1622023E+19 -0.6683999E+19  0.1213271E+19
  0.1047106E+20  0.1483318E+20 -0.9889045E+19  0.5253125E+19 -0.7004350E+19  0.2334845E+19
 -0.3079885E+20 -0.2044941E+20  0.2040705E+20  0.9669829E+18  0.3508460E+19 -0.2768828E+19
  0.2264741E+20 -0.2007794E+19 -0.8623353E+19  0.4449999E+17  0.3822495E+18  0.8208691E+18
  0.1124884E+21 -0.9047092E+20  0.1526920E+20  0.1819074E+20 -0.6140273E+19  0.5181613E+18
  0.7814063E+20  0.2576689E+20 -0.3191729E+20 -0.2299805E+20  0.1884922E+20 -0.2526174E+19
 -0.1140798E+21  0.4922673E+20  0.1467830E+20 -0.1347675E+19 -0.8788768E+19  0.1521710E+19
  0.1357020E+20  0.1986364E+20 -0.1292778E+20  0.7268950E+19 -0.9461646E+19  0.3078943E+19
 -0.3962306E+20 -0.2783552E+20  0.2666105E+20  0.8519142E+18  0.5145032E+19 -0.3709371E+19
  0.2892343E+20 -0.1699358E+19 -0.1136905E+20  0.2496089E+17  0.3339869E+18  0.1117220E+19
  0.1461300E+21 -0.1140427E+21  0.1865547E+20  0.2225028E+20 -0.7279544E+19  0.5954055E+18
  0.1006338E+21  0.3774284E+20 -0.4232354E+20 -0.3005050E+20  0.2393738E+20 -0.3111617E+19
 -0.1461007E+21  0.5884903E+20  0.2047939E+20 -0.7176396E+18 -0.1151291E+20  0.1902521E+19
  0.1732561E+20  0.2651723E+20 -0.1678510E+20  0.1014630E+20 -0.1284499E+20  0.4065364E+19
 -0.5030683E+20 -0.3786459E+20  0.3463154E+20  0.4846102E+18  0.7546996E+19 -0.4971333E+19
  0.3651786E+20 -0.9193721E+18 -0.1489964E+20  0.5786518E+16  0.1875564E+18  0.1519799E+19
  0.1889900E+21 -0.1432004E+21  0.2267396E+20  0.2712624E+20 -0.8590187E+19  0.6800733E+18
  0.1277428E+21  0.5551203E+20 -0.5600778E+20 -0.3936638E+20  0.3035526E+20 -0.3819426E+19
 -0.1853943E+21  0.6914223E+20  0.2835279E+20  0.4151141E+18 -0.1502076E+20  0.2367938E+19
  0.2158608E+20  0.3511702E+20 -0.2151826E+20  0.1428241E+20 -0.1750334E+20  0.5362662E+19
 -0.6265617E+20 -0.5133596E+20  0.4457038E+20 -0.3012128E+18  0.1103616E+20 -0.6649404E+19
  0.4546675E+20  0.5374272E+18 -0.1936152E+20  0.1588128E+16 -0.1144288E+18  0.2061223E+19
  0.2439578E+21 -0.1796133E+21  0.2741929E+20  0.3305997E+20 -0.1009369E+20  0.7704383E+18
  0.1593815E+21  0.8184689E+20 -0.7399228E+20 -0.5172838E+20  0.3843222E+20 -0.4661469E+19
 -0.2332817E+21  0.7984738E+20  0.3899595E+20  0.2219484E+19 -0.1952015E+20  0.2928170E+19
  0.2603160E+20  0.4590163E+20 -0.2709594E+20  0.2023463E+20 -0.2388920E+20  0.7050951E+19
 -0.7620331E+20 -0.6915429E+20  0.5668022E+20 -0.1736395E+19  0.1603135E+20 -0.8858317E+19
  0.5576822E+20  0.2882666E+19 -0.2491270E+20  0.3725133E+17 -0.6438701E+18  0.2782241E+19
  0.3150319E+21 -0.2255252E+21  0.3294227E+20  0.4036228E+20 -0.1179137E+20  0.8611774E+18
  0.1950991E+21  0.1205213E+21 -0.9759646E+20 -0.6813576E+20  0.4853743E+20 -0.5636063E+19
 -0.2915217E+21  0.9069710E+20  0.5336399E+20  0.4885974E+19 -0.2527051E+20  0.3586994E+19
  0.3020620E+20  0.5894342E+20 -0.3337933E+20  0.2875508E+20 -0.3256768E+20  0.9221447E+19
 -0.9026962E+20 -0.9230144E+20  0.7111998E+20 -0.4124019E+19  0.2306266E+20 -0.1173772E+20
  0.6744150E+20  0.6315779E+19 -0.3174300E+20  0.1478654E+18 -0.1486338E+19  0.3735155E+19
  0.4074500E+21 -0.2836766E+21  0.3917438E+20  0.4937562E+20 -0.1363707E+20  0.9416074E+18
  0.2341668E+21  0.1764005E+21 -0.1284645E+21 -0.8978395E+20  0.6103747E+20 -0.6716777E+19
 -0.3625125E+21  0.1014115E+21  0.7276005E+20  0.8627442E+19 -0.3258658E+20  0.4335524E+19
  0.3364467E+20  0.7411406E+20 -0.4014987E+20  0.4081547E+20 -0.4422200E+20  0.1197821E+20
 -0.1041703E+21 -0.1218573E+21  0.8807163E+20 -0.7844011E+19  0.3279362E+20 -0.1546332E+20
  0.8063276E+20  0.1102507E+20 -0.4012014E+20  0.3768699E+18 -0.2742852E+19  0.4990606E+19
  0.5274935E+21 -0.3569654E+21  0.4583127E+20  0.6039141E+20 -0.1550747E+20  0.9955126E+18
  0.2759030E+21  0.2553118E+21 -0.1685423E+21 -0.1179747E+21  0.7623046E+20 -0.7842596E+19
 -0.4494752E+21  0.1116548E+21  0.9892270E+20  0.1367978E+20 -0.4183478E+20  0.5145722E+19
  0.3607746E+20  0.9118416E+20 -0.4721222E+20  0.5761598E+20 -0.5966339E+20  0.1544589E+20
 -0.1175480E+21 -0.1591219E+21  0.1078908E+21 -0.1336174E+20  0.4606491E+20 -0.2026886E+20
  0.9574903E+20  0.1722498E+20 -0.5046499E+20  0.7746813E+18 -0.4539254E+19  0.6649453E+19
  0.6818237E+21 -0.4478460E+21  0.5234576E+20  0.7354030E+20 -0.1719128E+20  0.1004687E+19
  0.3203419E+21  0.3636113E+21 -0.2200218E+21 -0.1539679E+21  0.9429387E+20 -0.8917919E+19
 -0.5565737E+21  0.1209619E+21  0.1340941E+21  0.2030502E+20 -0.5342885E+20  0.5967542E+19
  0.3762663E+20  0.1101324E+21 -0.5457525E+20  0.8058889E+20 -0.7987036E+20  0.1978956E+20
 -0.1307478E+21 -0.2058722E+21  0.1313408E+21 -0.2125584E+20  0.6397947E+20 -0.2648489E+20
  0.1135830E+21  0.2523466E+20 -0.6345074E+20  0.1401592E+19 -0.7048405E+19  0.8861356E+19
  0.8766011E+21 -0.5577905E+21  0.5791882E+20  0.8873199E+20 -0.1842718E+20  0.9567036E+18
  0.3691573E+21  0.5077075E+21 -0.2853798E+21 -0.1988969E+21  0.1153278E+21 -0.9830704E+19
 -0.6890048E+21  0.1286502E+21  0.1810928E+21  0.2881223E+20 -0.6784924E+20  0.6734552E+19
  0.3886520E+20  0.1316341E+21 -0.6265797E+20  0.1114592E+21 -0.1061094E+21  0.2525410E+20
 -0.1450780E+21 -0.2647539E+21  0.1598705E+21 -0.3229198E+20  0.8806157E+20 -0.3460078E+20
  0.1353887E+21  0.3559000E+20 -0.8011453E+20  0.2338910E+19 -0.1052996E+20  0.1185168E+20
  0.1117066E+22 -0.6873803E+21  0.6172680E+20  0.1057439E+21 -0.1899162E+20  0.8527243E+18
  0.4261884E+21  0.6942337E+21 -0.3676477E+21 -0.2539403E+21  0.1395417E+21 -0.1048307E+20
 -0.8530198E+21  0.1337028E+21  0.2434365E+21  0.3961205E+20 -0.8570703E+20  0.7377064E+19
  0.4065035E+20  0.1574476E+21 -0.7237960E+20  0.1524572E+21 -0.1401710E+21  0.3221871E+20
 -0.1627241E+21 -0.3396930E+21  0.1958028E+21 -0.4756348E+20  0.1205052E+21 -0.4534540E+20
  0.1628468E+21  0.4915745E+20 -0.1019457E+21  0.3709705E+19 -0.1538682E+20  0.1595506E+20
  0.1408426E+22 -0.8374417E+21  0.6315666E+20  0.1244845E+21 -0.1877628E+20  0.7080179E+18
  0.4965471E+21  0.9315660E+21 -0.4708747E+21 -0.3208393E+21  0.1674960E+21 -0.1080710E+20
 -0.1055796E+22  0.1346287E+21  0.3255519E+21  0.5329229E+20 -0.1078423E+21  0.7829951E+19
  0.4376499E+20  0.1902363E+21 -0.8496704E+20  0.2067284E+21 -0.1846661E+21  0.4123957E+20
 -0.1861128E+21 -0.4360935E+21  0.2422235E+21 -0.6867630E+20  0.1644677E+21 -0.5975772E+20
  0.1978634E+21  0.6718768E+20 -0.1308940E+21  0.5703661E+19 -0.2222357E+20  0.2164781E+20
  0.1758111E+22 -0.1010741E+22  0.6178394E+20  0.1452691E+21 -0.1775984E+20  0.5428063E+18
  0.5840041E+21  0.1232363E+22 -0.6004268E+21 -0.4024989E+21  0.2001466E+21 -0.1073048E+20
 -0.1305129E+22  0.1293707E+21  0.4330427E+21  0.7065243E+20 -0.1353893E+21  0.8011993E+19
  0.4849819E+20  0.2325631E+21 -0.1014283E+21  0.2788022E+21 -0.2431894E+21  0.5303140E+20
 -0.2167669E+21 -0.5605535E+21  0.3024037E+21 -0.9787877E+20  0.2242673E+21 -0.7919261E+20
  0.2422147E+21  0.9123063E+20 -0.1692460E+21  0.8590548E+19 -0.3187341E+20  0.2956489E+20
  0.2177983E+22 -0.1212819E+22  0.5691096E+20  0.1688409E+21 -0.1584556E+20  0.3717726E+18
  0.6877964E+21  0.1615372E+22 -0.7625760E+21 -0.5030825E+21  0.2384307E+21 -0.1008050E+20
 -0.1608925E+22  0.1153885E+21  0.5728338E+21  0.9259925E+20 -0.1696904E+21  0.7758744E+19
  0.5430068E+20  0.2853008E+21 -0.1218278E+21  0.3747492E+21 -0.3200472E+21  0.6833248E+20
 -0.2540453E+21 -0.7199023E+21  0.3787532E+21 -0.1379555E+21  0.3052424E+21 -0.1051880E+21
  0.2971372E+21  0.1228421E+21 -0.2193468E+21  0.1269630E+20 -0.4534104E+20  0.4048047E+20
  0.2684481E+22 -0.1450801E+22  0.4689149E+20  0.1960178E+21 -0.1267102E+20  0.2047707E+18
  0.8013461E+21  0.2104415E+22 -0.9631976E+21 -0.6271686E+21  0.2824373E+21 -0.8473511E+19
 -0.1974819E+22  0.9007630E+20  0.7529979E+21  0.1198587E+21 -0.2120098E+21  0.6727179E+19
  0.5980260E+20  0.3464149E+21 -0.1448070E+21  0.5016642E+21 -0.4194074E+21  0.8765951E+20
 -0.2947523E+21 -0.9199005E+21  0.4718223E+21 -0.1917469E+21  0.4131237E+21 -0.1391870E+21
  0.3631904E+21  0.1631507E+21 -0.2833128E+21  0.1832244E+20 -0.6363423E+20  0.5525075E+20
  0.3296460E+22 -0.1730998E+22  0.2882933E+20  0.2272402E+21 -0.7569256E+19  0.6303204E+17
  0.9149862E+21  0.2724749E+22 -0.1206474E+22 -0.7784679E+21  0.3307803E+21 -0.5293131E+19
 -0.2411018E+22  0.5156867E+20  0.9825065E+21  0.1526630E+21 -0.2632716E+21  0.4342378E+19
  0.6349234E+20  0.4114896E+21 -0.1679936E+21  0.6667090E+21 -0.5443775E+21  0.1111230E+21
 -0.3346087E+21 -0.1164984E+22  0.5804870E+21 -0.2614926E+21  0.5533525E+21 -0.1823261E+21
  0.4408523E+21  0.2126365E+21 -0.3631562E+21  0.2564027E+20 -0.8758066E+20  0.7478834E+20
  0.4033137E+22 -0.2057948E+22 -0.1002628E+19  0.2625221E+21  0.2558004E+18  0.6231271E+14
  0.1021496E+22  0.3500438E+22 -0.1495328E+22 -0.9595570E+21  0.3810031E+21  0.1858517E+18
 -0.2929069E+22 -0.4878878E+18  0.1271764E+22  0.1907813E+21 -0.3242793E+21 -0.1580335E+18
  0.6468001E+20  0.4762916E+21 -0.1893491E+21  0.8768307E+21 -0.6971657E+21  0.1385786E+21
 -0.3709310E+21 -0.1460431E+22  0.7039529E+21 -0.3486670E+21  0.7314263E+21 -0.2356725E+21
  0.5318096E+21  0.2715383E+21 -0.4616776E+21  0.3466138E+20 -0.1178647E+21  0.1001986E+21
  0.4914642E+22 -0.2436204E+22 -0.4645461E+20  0.3019085E+21  0.1151385E+20  0.1097756E+18
  0.1120727E+22  0.4456596E+22 -0.1834393E+22 -0.1173421E+22  0.4309692E+21  0.8644575E+19
 -0.3547763E+22 -0.6516261E+20  0.1634660E+22  0.2340912E+21 -0.3965335E+21 -0.7646395E+19
  0.6389217E+20  0.5398090E+21 -0.2085521E+21  0.1140178E+22 -0.8810022E+21  0.1701851E+21
 -0.4045130E+21 -0.1816503E+22  0.8446614E+21 -0.4549186E+21  0.9550289E+21 -0.3010679E+21
  0.6402614E+21  0.3408993E+21 -0.5839591E+21  0.4537690E+20 -0.1554609E+21  0.1331520E+21
  0.5965274E+22 -0.2873296E+22 -0.1113675E+21  0.3459953E+21  0.2682121E+20  0.5197882E+18
  0.1219253E+22  0.5625957E+22 -0.2233434E+22 -0.1425647E+22  0.4798910E+21  0.2074208E+20
 -0.4295482E+22 -0.1416649E+21  0.2091289E+22  0.2832626E+21 -0.4830201E+21 -0.1914716E+20
  0.6230134E+20  0.6049584E+21 -0.2270847E+21  0.1468567E+22 -0.1102519E+22  0.2069275E+21
 -0.4389807E+21 -0.2251494E+22  0.1009653E+22 -0.5835808E+21  0.1236803E+22 -0.3820324E+21
  0.7732740E+21  0.4234683E+21 -0.7385125E+21  0.5797601E+20 -0.2022159E+21  0.1763284E+21
  0.7216000E+22 -0.3380468E+22 -0.2002412E+21  0.3959106E+21  0.4690333E+20  0.1389154E+19
  0.1325243E+22  0.7053136E+22 -0.2707325E+22 -0.1724796E+22  0.5276731E+21  0.3730848E+20
 -0.5208555E+22 -0.2305061E+21  0.2668869E+22  0.3397632E+21 -0.5880869E+21 -0.3602733E+20
  0.6084631E+20  0.6761706E+21 -0.2469161E+21  0.1878531E+22 -0.1371960E+22  0.2504983E+21
 -0.4782843E+21 -0.2790727E+22  0.1208883E+22 -0.7400942E+21  0.1595107E+22 -0.4837927E+21
  0.9398922E+21  0.5235002E+21 -0.9371216E+21  0.7289465E+20 -0.2609785E+21  0.2335898E+21
  0.8703306E+22 -0.3969980E+22 -0.3188153E+21  0.4527228E+21  0.7271320E+20  0.2919672E+19
  0.1442828E+22  0.8791088E+22 -0.3271139E+22 -0.2080063E+22  0.5729890E+21  0.5942937E+20
 -0.6326048E+22 -0.3326831E+21  0.3399083E+22  0.4049402E+21 -0.7162942E+21 -0.6013462E+20
  0.5979774E+20  0.7559667E+21 -0.2689531E+21  0.2389244E+22 -0.1700060E+22  0.3024184E+21
 -0.5243639E+21 -0.3461689E+22  0.1451364E+22 -0.9302615E+21  0.2051198E+22 -0.6120143E+21
  0.1149531E+22  0.6452606E+21 -0.1193213E+22  0.9055022E+20 -0.3348901E+21  0.3096385E+21
  0.1046843E+23 -0.4653867E+22 -0.4739943E+21  0.5172331E+21  0.1053599E+21  0.5365433E+19
  0.1567986E+22  0.1089644E+23 -0.3934787E+22 -0.2499543E+22  0.6121606E+21  0.8827689E+20
 -0.7685795E+22 -0.4469788E+21  0.4314542E+22  0.4791012E+21 -0.8715675E+21 -0.9373865E+20
  0.5871416E+20  0.8421490E+21 -0.2920223E+21  0.3019778E+22 -0.2094268E+22  0.3631026E+21
 -0.5755982E+21 -0.4289379E+22  0.1741495E+22 -0.1157635E+22  0.2625261E+22 -0.7711360E+21
  0.1410704E+22  0.7912288E+21 -0.1519968E+22  0.1109451E+21 -0.4262559E+21  0.4094234E+21
  0.1256098E+23 -0.5446779E+22 -0.6739732E+21  0.5904676E+21  0.1461265E+21  0.9040696E+19
  0.1689451E+22  0.1343311E+23 -0.4704328E+22 -0.2991897E+22  0.6399235E+21  0.1249920E+21
 -0.9328727E+22 -0.5684907E+21  0.5450530E+22  0.5617821E+21 -0.1057972E+22 -0.1395128E+21
  0.5680774E+20  0.9280093E+21 -0.3133178E+21  0.3789982E+22 -0.2559174E+22  0.4320187E+21
 -0.6273565E+21 -0.5298488E+22  0.2079780E+22 -0.1423274E+22  0.3337015E+22 -0.9644162E+21
  0.1732054E+22  0.9621671E+21 -0.1931052E+22  0.1336225E+21 -0.5363559E+21  0.5382282E+21
  0.1504181E+23 -0.6367161E+22 -0.9286844E+21  0.6738008E+21  0.1965549E+21  0.1433429E+20
  0.1798337E+22  0.1647879E+23 -0.5589326E+22 -0.3568272E+22  0.6507728E+21  0.1708293E+21
 -0.1130979E+23 -0.6908917E+21  0.6852087E+22  0.6528505E+21 -0.1281120E+22 -0.2007468E+21
  0.5375046E+20  0.1007821E+22 -0.3307999E+21  0.4724157E+22 -0.3101248E+22  0.5089658E+21
 -0.6760760E+21 -0.6522600E+22  0.2469142E+22 -0.1728662E+22  0.4211776E+22 -0.1196203E+22
  0.2125929E+22  0.1159638E+22 -0.2444753E+22  0.1581379E+21 -0.6667738E+21  0.7028475E+21
  0.1798105E+23 -0.7434426E+22 -0.1249261E+22  0.7684576E+21  0.2582591E+21  0.2169859E+20
  0.1898967E+22  0.2012599E+23 -0.6608412E+22 -0.4241793E+22  0.6397368E+21  0.2272733E+21
 -0.1370425E+23 -0.8103336E+21  0.8578843E+22  0.7531995E+21 -0.1548518E+22 -0.2814767E+21
  0.5013716E+20  0.1083476E+22 -0.3454717E+21  0.5853546E+22 -0.3732863E+22  0.5951209E+21
 -0.7236483E+21 -0.8011497E+22  0.2921025E+22 -0.2078785E+22  0.5285961E+22 -0.1474108E+22
  0.2611171E+22  0.1388410E+22 -0.3087765E+22  0.1845611E+21 -0.8209121E+21  0.9128370E+21
  0.2145789E+23 -0.8668479E+22 -0.1647287E+22  0.8754650E+21  0.3327324E+21  0.3161487E+20
  0.2003475E+22  0.2448255E+23 -0.7786273E+22 -0.5026925E+22  0.6019260E+21  0.2959179E+21
 -0.1660187E+23 -0.9257057E+21  0.1070230E+23  0.8643250E+21 -0.1868772E+22 -0.3863388E+21
  0.4676499E+20  0.1161832E+22 -0.3599033E+21  0.7216158E+22 -0.4470730E+22  0.6924540E+21
 -0.7750398E+21 -0.9827333E+22  0.3452229E+22 -0.2481480E+22  0.6605504E+22 -0.1808082E+22
  0.3211199E+22  0.1655356E+22 -0.3893644E+22  0.2133317E+21 -0.1003576E+22  0.1180280E+22
  0.2556517E+23 -0.1009240E+23 -0.2135295E+22  0.9960477E+21  0.4214768E+21  0.4458689E+20
  0.2113505E+22  0.2967359E+23 -0.9143742E+22 -0.5939487E+22  0.5307775E+21  0.3781731E+21
 -0.2009574E+23 -0.1033991E+22  0.1329833E+23  0.9870475E+21 -0.2250413E+22 -0.5203141E+21
  0.4368153E+20  0.1243821E+22 -0.3743139E+21  0.8854372E+22 -0.5329248E+22  0.8018887E+21
 -0.8306700E+21 -0.1203326E+23  0.4074075E+22 -0.2942909E+22  0.8217948E+22 -0.2206577E+22
  0.3949110E+22  0.1965385E+22 -0.4896792E+22  0.2445322E+21 -0.1218513E+22  0.1517973E+22
  0.3041311E+23 -0.1173295E+23 -0.2727333E+22  0.1131602E+22  0.5260834E+21  0.6114424E+20
  0.2221372E+22  0.3584504E+23 -0.1069819E+23 -0.6996909E+22  0.4179564E+21  0.4752207E+21
 -0.2428649E+23 -0.1129597E+22  0.1644876E+23  0.1121536E+22 -0.2702096E+22 -0.6887045E+21
  0.4056223E+20  0.1324708E+22 -0.3870602E+21  0.1081580E+23 -0.6320435E+22  0.9233688E+21
 -0.8869421E+21 -0.1469551E+23  0.4792709E+22 -0.3467335E+22  0.1017287E+23 -0.2676349E+22
  0.4848516E+22  0.2321511E+22 -0.6132810E+22  0.2778899E+21 -0.1468221E+22  0.1939323E+22
  0.3612996E+23 -0.1361859E+23 -0.3438583E+22  0.1283326E+22  0.6480585E+21  0.8181472E+20
  0.2330072E+22  0.4316989E+23 -0.1247648E+23 -0.8218852E+22  0.2553123E+21  0.5884333E+21
 -0.2929888E+23 -0.1210990E+22  0.2025329E+23  0.1268920E+22 -0.3233915E+22 -0.8974331E+21
  0.3756740E+20  0.1406204E+22 -0.3987375E+21  0.1315907E+23 -0.7462668E+22  0.1058042E+22
 -0.9447630E+21 -0.1789905E+23  0.5621945E+22 -0.4063294E+22  0.1253366E+23 -0.3227289E+22
  0.5939839E+22  0.2729939E+22 -0.7646694E+22  0.3136687E+21 -0.1757203E+22  0.2461006E+22
  0.4286524E+23 -0.1577976E+23 -0.4285019E+22  0.1452231E+22  0.7887110E+21  0.1070879E+21
  0.2452451E+22  0.5185452E+23 -0.1451579E+23 -0.9627555E+22  0.3487111E+20  0.7194077E+21
 -0.3528227E+23 -0.1282346E+22  0.2483097E+23  0.1431359E+22 -0.3857167E+22 -0.1152969E+22
  0.3507804E+20  0.1496290E+22 -0.4117396E+21  0.1595646E+23 -0.8781590E+22  0.1208231E+22
 -0.1009303E+22 -0.2174889E+23  0.6583387E+22 -0.4744594E+22  0.1537952E+23 -0.3872776E+22
  0.7260188E+22  0.3200404E+22 -0.9493389E+22  0.3526969E+21 -0.2092417E+22  0.3103379E+22
  0.5079161E+23 -0.1824899E+23 -0.5283002E+22  0.1639177E+22  0.9490687E+21  0.1373756E+21
  0.2594630E+22  0.6213769E+23 -0.1685097E+23 -0.1124651E+23 -0.2528502E+21  0.8693447E+21
 -0.4239685E+23 -0.1348268E+22  0.3030923E+23  0.1610467E+22 -0.4582597E+22 -0.1461611E+22
  0.3313592E+20  0.1599021E+22 -0.4269595E+21  0.1929077E+23 -0.1030177E+23  0.1375354E+22
 -0.1082897E+22 -0.2635735E+23  0.7694454E+22 -0.5524763E+22  0.1879534E+23 -0.4624707E+22
  0.8847390E+22  0.3741506E+22 -0.1172964E+23  0.3955649E+21 -0.2480195E+22  0.3887712E+22
  0.6011142E+23 -0.2106148E+23 -0.6449692E+22  0.1844848E+22  0.1129902E+22  0.1730059E+21
  0.2759990E+22  0.7429901E+23 -0.1951739E+23 -0.1310092E+23 -0.6186648E+21  0.1039122E+22
 -0.5082232E+23 -0.1414444E+22  0.3682928E+23  0.1807553E+22 -0.5420832E+22 -0.1829539E+22
  0.3168093E+20  0.1716804E+22 -0.4446671E+21  0.2325858E+23 -0.1204835E+23  0.1560314E+22
 -0.1166742E+22 -0.3185001E+23  0.8970986E+22 -0.6418040E+22  0.2287537E+23 -0.5494362E+22
  0.1074217E+23  0.4361710E+22 -0.1441641E+23  0.4427531E+21 -0.2926793E+22  0.4836848E+22
  0.7106100E+23 -0.2425366E+23 -0.7803222E+22  0.2069490E+22  0.1331650E+22  0.2142183E+21
  0.2963075E+22  0.8866925E+23 -0.2256138E+23 -0.1521804E+23 -0.1073734E+22  0.1229802E+22
 -0.6077343E+23 -0.1493568E+22  0.4455867E+23  0.2024771E+22 -0.6383237E+22 -0.2263292E+22
  0.3088829E+20  0.1859191E+22 -0.4669861E+21  0.2797655E+23 -0.1405413E+23  0.1765038E+22
 -0.1267054E+22 -0.3837986E+23  0.1043744E+23 -0.7444600E+22  0.2773473E+23 -0.6496648E+22
  0.1299380E+23  0.5073556E+22 -0.1762708E+23  0.4952547E+21 -0.3441332E+22  0.5978120E+22
  0.8391602E+23 -0.2786353E+23 -0.9362500E+22  0.2312956E+22  0.1554365E+22  0.2611433E+21
  0.3227435E+22  0.1056404E+24 -0.2603958E+23 -0.1762742E+23 -0.1629828E+22  0.1442573E+22
 -0.7250138E+23 -0.1606089E+22  0.5369345E+23  0.2264981E+22 -0.7481675E+22 -0.2769665E+22
  0.3103203E+20  0.2041785E+22 -0.4972827E+21  0.3358535E+23 -0.1635962E+23  0.1992217E+22
 -0.1394212E+22 -0.4612919E+23  0.1212576E+23 -0.8630893E+22  0.3351170E+23 -0.7649905E+22
  0.1565985E+23  0.5893518E+22 -0.2144774E+23  0.5545000E+21 -0.4035883E+22  0.7343711E+22
  0.9899750E+23 -0.3193041E+23 -0.1114669E+23  0.2574689E+22  0.1797613E+22  0.3137671E+21
  0.3578758E+22  0.1256747E+24 -0.3001329E+23 -0.2036048E+23 -0.2299991E+22  0.1678340E+22
 -0.8629061E+23 -0.1778372E+22  0.6445563E+23  0.2531009E+22 -0.8727683E+22 -0.3355218E+22
  0.3234301E+20  0.2282001E+22 -0.5388482E+21  0.4025236E+23 -0.1900955E+23  0.2244359E+22
 -0.1559702E+22 -0.5530703E+23  0.1406987E+23 -0.1000753E+23  0.4036562E+23 -0.8973529E+22
  0.1880368E+23  0.6839946E+22 -0.2597398E+23  0.6220174E+21 -0.4724092E+22  0.8969621E+22
  0.1166826E+24 -0.3649554E+23 -0.1317549E+23  0.2853733E+22  0.2060489E+22  0.3719352E+21
  0.4046370E+22  0.1493215E+24 -0.3455005E+23 -0.2345105E+23 -0.3098729E+22  0.1937751E+22
 -0.1024683E+24 -0.2043531E+22  0.7710050E+23  0.2825672E+22 -0.1013274E+23 -0.4026364E+22
  0.3508043E+20  0.2600089E+22 -0.5951094E+21  0.4817830E+23 -0.2205414E+23  0.2523880E+22
 -0.1776719E+22 -0.6615664E+23  0.1630680E+23 -0.1161023E+23  0.4848264E+23 -0.1048851E+23
  0.2249637E+23  0.7933618E+22 -0.3131379E+23  0.6994717E+21 -0.5521595E+22  0.1089680E+23
  0.1374080E+24 -0.4159914E+23 -0.1546844E+23  0.3148448E+22  0.2341470E+22  0.4353322E+21
  0.4666697E+22  0.1772260E+24 -0.3972419E+23 -0.2693378E+23 -0.4041871E+22  0.2221151E+22
 -0.1214089E+24 -0.2443319E+22  0.9192120E+23  0.3151705E+22 -0.1170782E+23 -0.4789279E+22
  0.3962298E+20  0.3021500E+22 -0.6701026E+21  0.5760206E+23 -0.2554976E+23  0.2833189E+22
 -0.2061664E+22 -0.7896097E+23  0.1887829E+23 -0.1348082E+23  0.5808051E+23 -0.1221793E+23
  0.2681815E+23  0.9198387E+22 -0.3759016E+23  0.7887412E+21 -0.6446545E+22  0.1317224E+23
  0.1616861E+24 -0.4728173E+23 -0.1804544E+23  0.3456639E+22  0.2638507E+22  0.5035033E+21
  0.5484099E+22  0.2101558E+24 -0.4561870E+23 -0.3084509E+23 -0.5146896E+22  0.2528625E+22
 -0.1435481E+24 -0.3028979E+22  0.1092600E+24  0.3511754E+22 -0.1346386E+23 -0.5650117E+22
  0.4650267E+20  0.3577651E+22 -0.7684618E+21  0.6881104E+23 -0.2956054E+23  0.3174729E+22
 -0.2434446E+22 -0.9405353E+23  0.2183184E+23 -0.1566845E+23  0.6941741E+23 -0.1418762E+23
  0.3186121E+23  0.1066174E+23 -0.4494562E+23  0.8919367E+21 -0.7520095E+22  0.1585085E+23
  0.1901146E+24 -0.5358182E+23 -0.2092605E+23  0.3775370E+22  0.2948895E+22  0.5758363E+21
  0.6551769E+22  0.2490195E+24 -0.5232416E+23 -0.3522188E+23 -0.6432989E+22  0.2859834E+22
 -0.1693896E+24 -0.3862311E+22  0.1295148E+24  0.3908081E+22 -0.1541121E+23 -0.6614830E+22
  0.5644710E+20  0.4306789E+22 -0.8953899E+21  0.8214961E+23 -0.3415813E+23  0.3550771E+22
 -0.2918770E+22 -0.1118257E+24  0.2522048E+23 -0.1822999E+23  0.8279821E+23 -0.1642595E+23
  0.3773097E+23  0.1235472E+23 -0.5354491E+23  0.1011364E+22 -0.8766433E+22  0.1899671E+23
  0.2233895E+24 -0.6053486E+23 -0.2412905E+23  0.4100986E+22  0.3269286E+22  0.6515647E+21
  0.7932644E+22  0.2948907E+24 -0.5993867E+23 -0.4010088E+23 -0.7920966E+22  0.3213951E+22
 -0.1995154E+24 -0.5016478E+22  0.1531488E+24  0.4342396E+22 -0.1755958E+23 -0.7689126E+22
  0.7042279E+20  0.5254923E+22 -0.1056616E+22  0.9803012E+23 -0.3942214E+23  0.3963336E+22
 -0.3542432E+22 -0.1327366E+24  0.2910300E+23 -0.2123073E+23  0.9858329E+23 -0.1896394E+23
  0.4454818E+23  0.1431200E+23 -0.6357892E+23  0.1149504E+22 -0.1021300E+23  0.2268488E+23
  0.2623290E+24 -0.6817270E+23 -0.2767232E+23  0.4429092E+22  0.3595670E+22  0.7297682E+21
  0.9701373E+22  0.3490504E+24 -0.6856922E+23 -0.4551850E+23 -0.9633422E+22  0.3589596E+22
 -0.2346051E+24 -0.6577891E+22  0.1807069E+24  0.4815724E+22 -0.1991798E+23 -0.8878480E+22
  0.8969334E+20  0.6477549E+22 -0.1258442E+22  0.1169503E+24 -0.4544161E+23  0.4414141E+22
 -0.4338049E+22 -0.1573297E+24  0.3354510E+23 -0.2474599E+23  0.1172025E+24 -0.2183581E+23
  0.5245279E+23  0.1657252E+23 -0.7527148E+23  0.1309026E+22 -0.1189105E+23  0.2700426E+23
  0.3078772E+24 -0.7651912E+23 -0.3157088E+23  0.4754473E+22  0.3923279E+22  0.8093493E+21
  0.1194350E+23  0.4130022E+24 -0.7832704E+23 -0.5150777E+23 -0.1159398E+23  0.3984577E+22
 -0.2754370E+24 -0.8645804E+22  0.2128193E+24  0.5327912E+22 -0.2249364E+23 -0.1018757E+23
  0.1158312E+21  0.8039597E+22 -0.1507395E+22  0.1395028E+24 -0.5231254E+23  0.4904205E+22
 -0.5342522E+22 -0.1862381E+24  0.3861708E+23 -0.2886007E+23  0.1391613E+24 -0.2507766E+23
  0.6160374E+23  0.1917827E+23 -0.8888047E+23  0.1492628E+22 -0.1383498E+23  0.3205867E+23
  0.3611411E+24 -0.8559012E+23 -0.3583702E+23  0.5071196E+22  0.4246671E+22  0.8890513E+21
  0.1475774E+23  0.4885353E+24 -0.8932984E+23 -0.5809844E+23 -0.1382733E+23  0.4395891E+22
 -0.3229176E+24 -0.1133421E+23  0.2502265E+24  0.5877554E+22 -0.2529217E+23 -0.1162038E+23
  0.1507657E+21  0.1001753E+23 -0.1810235E+22  0.1664020E+24 -0.6013993E+23  0.5433844E+22
 -0.6597883E+22 -0.2202094E+24  0.4439547E+23 -0.3366827E+23  0.1650618E+24 -0.2872833E+23
  0.7218492E+23  0.2217505E+23 -0.1047081E+24  0.1703032E+22 -0.1608305E+23  0.3797115E+23
  0.4234075E+24 -0.9539100E+23 -0.4047886E+23  0.5372745E+22  0.4559814E+22  0.9674713E+21
  0.1825529E+23  0.5777634E+24 -0.1016985E+24 -0.6531485E+23 -0.1635844E+23  0.4819608E+22
 -0.3780943E+24 -0.1477100E+23  0.2937939E+24  0.6461658E+22 -0.2831705E+23 -0.1317980E+23
  0.1967700E+21  0.1249952E+23 -0.2173562E+22  0.1985032E+24 -0.6903613E+23  0.6002405E+22
 -0.8150802E+22 -0.2601203E+24  0.5096159E+23 -0.3927622E+23  0.1956175E+24 -0.3282860E+23
  0.8440765E+23  0.2561160E+23 -0.1231064E+24  0.1942816E+22 -0.1867694E+23  0.4488690E+23
  0.4961749E+24 -0.1059133E+24 -0.4549908E+23  0.5652052E+22  0.4856107E+22  0.1043063E+22
  0.2256086E+23  0.6831867E+24 -0.1155550E+24 -0.7317337E+23 -0.1921164E+23  0.5250752E+22
 -0.4421804E+24 -0.1909855E+23  0.3445342E+24  0.7075371E+22 -0.3156874E+23 -0.1486728E+23
  0.2564582E+21  0.1558685E+23 -0.2603602E+22  0.2368318E+24 -0.7911999E+23  0.6608038E+22
 -0.1005288E+23 -0.3070007E+24  0.5840114E+23 -0.4580007E+23  0.2316753E+24 -0.3742077E+23
  0.9851542E+23  0.2953917E+23 -0.1444869E+24  0.2214279E+22 -0.2166170E+23  0.5297768E+23
  0.5811827E+24 -0.1171322E+24 -0.5089342E+23  0.5901736E+22  0.5128557E+22  0.1114168E+22
  0.2781148E+23  0.8077528E+24 -0.1310190E+24 -0.8168010E+23 -0.2240950E+23  0.5683264E+22
 -0.5165773E+24 -0.2447199E+23  0.4036312E+24  0.7711744E+22 -0.3504419E+23 -0.1668242E+23
  0.3327173E+21  0.1939385E+23 -0.3105705E+22  0.2826134E+24 -0.9051466E+23  0.7247447E+22
 -0.1235995E+23 -0.3620573E+24  0.6680250E+23 -0.5336531E+23  0.2742388E+24 -0.4254771E+23
  0.1147884E+24  0.3401040E+23 -0.1693295E+24  0.2519216E+22 -0.2508513E+23  0.6244640E+23
  0.6804698E+24 -0.1290076E+24 -0.5665097E+23  0.6114515E+22  0.5370119E+22  0.1179087E+22
  0.3415634E+23  0.9549634E+24 -0.1482077E+24 -0.9083083E+23 -0.2597215E+23  0.6110163E+22
 -0.6029229E+24 -0.3105826E+23  0.4724830E+24  0.8361807E+22 -0.3873714E+23 -0.1862303E+23
  0.4286213E+21  0.2404856E+23 -0.3683976E+22  0.3373219E+24 -0.1033480E+24  0.7915891E+22
 -0.1513193E+23 -0.4267158E+24  0.7625734E+23 -0.6210713E+23  0.3245063E+24 -0.4825334E+23
  0.1335533E+24  0.3907928E+23 -0.1982006E+24  0.2858764E+22 -0.2899791E+23  0.7353516E+23
  0.7963845E+24 -0.1414749E+24 -0.6274971E+23  0.6283131E+22  0.5573634E+22  0.1236063E+22
  0.4175320E+23  0.1128915E+25 -0.1672241E+24 -0.1006033E+24 -0.2991427E+23  0.6523261E+22
 -0.7030964E+24 -0.3903165E+23  0.5527134E+24  0.9014047E+22 -0.4263535E+23 -0.2068377E+23
  0.5472640E+21  0.2969086E+23 -0.4340531E+22  0.4027066E+24 -0.1177440E+24  0.8606544E+22
 -0.1843113E+23 -0.5026348E+24  0.8685450E+23 -0.7216491E+23  0.3838891E+24 -0.5457877E+23
  0.1551840E+24  0.4479765E+23 -0.2317570E+24  0.3232984E+22 -0.3345115E+23  0.8652839E+23
  0.9316726E+24 -0.1544508E+24 -0.6915867E+23  0.6401134E+22  0.5732492E+22  0.1283423E+22
  0.5076625E+23  0.1334456E+25 -0.1881595E+24 -0.1109605E+24 -0.3424477E+23  0.6913670E+22
 -0.8192925E+24 -0.4857047E+23  0.6462390E+24  0.9654975E+22 -0.4672236E+23 -0.2285676E+23
  0.6915552E+21  0.3647147E+23 -0.5075012E+22  0.4808611E+24 -0.1338238E+24  0.9310808E+22
 -0.2232137E+23 -0.5917693E+24  0.9868134E+23 -0.8368209E+23  0.4540692E+24 -0.6156351E+23
  0.1801170E+24  0.5121534E+23 -0.2707740E+24  0.3640704E+22 -0.3849660E+23  0.1017652E+24
  0.1089524E+25 -0.1678279E+24 -0.7583516E+23  0.6462964E+22  0.5840743E+22  0.1319607E+22
  0.6136177E+23  0.1577284E+25 -0.2110836E+24 -0.1218447E+24 -0.3896409E+23  0.7271806E+22
 -0.9540594E+24 -0.5985135E+23  0.7553079E+24  0.1026909E+23 -0.5097552E+23 -0.2513067E+23
  0.8639707E+21  0.4454923E+23 -0.5883958E+22  0.5742770E+24 -0.1516983E+24  0.1001798E+23
 -0.2686622E+23 -0.6964108E+24  0.1118188E+24 -0.9680029E+23  0.5370401E+24 -0.6924236E+23
  0.2088594E+24  0.5837716E+23 -0.3161614E+24  0.4079170E+22 -0.4418427E+23  0.1196475E+24
  0.1273648E+25 -0.1814774E+24 -0.8272511E+23  0.6464510E+22  0.5893597E+22  0.1343276E+22
  0.7370125E+23  0.1864094E+25 -0.2360394E+24 -0.1331780E+24 -0.4406255E+23  0.7587806E+22
 -0.1110362E+25 -0.7304109E+23  0.8825617E+24  0.1083941E+23 -0.5536640E+23 -0.2749071E+23
  0.1066204E+22  0.5408602E+23 -0.6760109E+22  0.6859140E+24 -0.1714622E+24  0.1071537E+23
 -0.3212624E+23 -0.8192464E+24  0.1263378E+24 -0.1116536E+24  0.6351650E+24 -0.7764381E+23
  0.2420024E+24  0.6632050E+23 -0.3689887E+24  0.4543767E+22 -0.5056050E+23  0.1406522E+24
  0.1488350E+25 -0.1952465E+24 -0.8976181E+23  0.6403264E+22  0.5887620E+22  0.1353375E+22
  0.8793489E+23  0.2202734E+25 -0.2630343E+24 -0.1448591E+24 -0.4951803E+23  0.7851789E+22
 -0.1291647E+25 -0.8828866E+23  0.1031099E+25  0.1134799E+23 -0.5985958E+23 -0.2991807E+23
  0.1298845E+22  0.6524149E+23 -0.7691981E+22  0.8192764E+24 -0.1931856E+24  0.1138830E+23
 -0.3815662E+23 -0.9634219E+24  0.1422942E+24 -0.1283611E+24  0.7512388E+24 -0.8678689E+23
  0.2802351E+24  0.7507227E+23 -0.4305126E+24  0.5027783E+22 -0.5766507E+23  0.1653443E+24
  0.1738680E+25 -0.2089693E+24 -0.9686987E+23  0.6278927E+22  0.5821322E+22  0.1349267E+22
  0.1041944E+24  0.2602455E+25 -0.2920418E+24 -0.1567689E+24 -0.5529621E+23  0.8054641E+22
 -0.1501972E+25 -0.1057169E+24  0.1204590E+25  0.1177708E+23 -0.6441513E+23 -0.3239105E+23
  0.1561022E+22  0.7816666E+23 -0.8663666E+22  0.9785300E+24 -0.2169124E+24  0.1202083E+23
 -0.4500456E+23 -0.1132652E+25  0.1597278E+24 -0.1470219E+24  0.8885899E+24 -0.9668150E+23
  0.3243726E+24  0.8464805E+23 -0.5022249E+24  0.5522423E+22 -0.6553012E+23  0.1943982E+24
  0.2030457E+25 -0.2224572E+24 -0.1039605E+24  0.6093110E+22  0.5694966E+22  0.1330709E+22
  0.1225786E+24  0.3074003E+25 -0.3229785E+24 -0.1687620E+24 -0.6134635E+23  0.8188006E+22
 -0.1746029E+25 -0.1254072E+24  0.1407310E+25  0.1210940E+23 -0.6898486E+23 -0.3488322E+23
  0.1850018E+22  0.9299144E+23 -0.9654382E+22  0.1168557E+25 -0.2426395E+24  0.1259543E+23
 -0.5270388E+23 -0.1331257E+25  0.1786489E+24 -0.1676981E+24  0.1051123E+25 -0.1073202E+24
  0.3753611E+24  0.9504466E+23 -0.5858677E+24  0.6016532E+22 -0.7417338E+23  0.2286072E+24
  0.2370496E+25 -0.2355163E+24 -0.1109392E+24  0.5849821E+22  0.5511081E+22  0.1297989E+22
  0.1431475E+24  0.3629997E+25 -0.3557136E+24 -0.1806791E+24 -0.6760409E+23  0.8245317E+22
 -0.2029342E+25 -0.1473928E+24  0.1644312E+25  0.1232990E+23 -0.7351687E+23 -0.3736573E+23
  0.2161068E+22  0.1098173E+24 -0.1063913E+23  0.1395125E+25 -0.2703201E+24  0.1309434E+23
 -0.6127309E+23 -0.1564328E+25  0.1990403E+24 -0.1904122E+24  0.1243471E+25 -0.1186806E+24
  0.4343214E+24  0.1062414E+24 -0.6835079E+24  0.6497058E+22 -0.8359807E+23  0.2689155E+24
  0.2766731E+25 -0.2479487E+24 -0.1177058E+24  0.5555163E+22  0.5274277E+22  0.1251898E+22
  0.1659081E+24  0.4285158E+25 -0.3900565E+24 -0.1923467E+24 -0.7399061E+23  0.8222074E+22
 -0.2358376E+25 -0.1716455E+24  0.1921533E+25  0.1242651E+23 -0.7795490E+23 -0.3980704E+23
  0.2487187E+22  0.1287035E+24 -0.1158914E+23  0.1664993E+25 -0.2998493E+24  0.1350000E+23
 -0.7071049E+23 -0.1837829E+25  0.2208476E+24 -0.2151329E+24  0.1471087E+25 -0.1307200E+24
  0.5025731E+24  0.1181953E+24 -0.7975813E+24  0.6949305E+22 -0.9378773E+23  0.3164395E+24
  0.3228404E+25 -0.2595601E+24 -0.1241582E+24  0.5217087E+22  0.4991089E+22  0.1193720E+22
  0.1908047E+24  0.5056659E+25 -0.4257545E+24 -0.2035832E+24 -0.8041453E+23  0.8116295E+22
 -0.2740713E+25 -0.1980662E+24  0.2245943E+25  0.1239113E+23 -0.8223992E+23 -0.4217391E+23
  0.2819230E+22  0.1496557E+24 -0.1247302E+23  0.1986076E+25 -0.3310583E+24  0.1379599E+23
 -0.8099064E+23 -0.2158758E+25  0.2439744E+24 -0.2417659E+24  0.1740396E+25 -0.1433736E+24
  0.5816734E+24  0.1308388E+24 -0.9309624E+24  0.7357563E+22 -0.1047031E+24  0.3724990E+24
  0.3766271E+25 -0.2701679E+24 -0.1301959E+24  0.4845025E+22  0.4669705E+22  0.1125182E+22
  0.2177068E+24  0.5964464E+25 -0.4624890E+24 -0.2142061E+24 -0.8677443E+23  0.7928829E+22
 -0.3185230E+25 -0.2264754E+24  0.2625712E+25  0.1222050E+23 -0.8631202E+23 -0.4443241E+23
  0.3146100E+22  0.1726116E+24 -0.1325818E+23  0.2367596E+25 -0.3637068E+24  0.1396803E+23
 -0.9206005E+23 -0.2535298E+25  0.2682756E+24 -0.2701436E+24  0.2058928E+25 -0.1565511E+24
  0.6734571E+24  0.1440774E+24 -0.1087035E+25  0.7705871E+22 -0.1162785E+24  0.4386487E+24
  0.4392976E+25 -0.2796155E+24 -0.1357279E+24  0.4449423E+22  0.4319580E+22  0.1048381E+22
  0.2464095E+24  0.7031976E+25 -0.4998907E+24 -0.2240443E+24 -0.9296508E+23  0.7663649E+22
 -0.3702432E+25 -0.2566155E+24  0.3070496E+25  0.1191687E+23 -0.9011459E+23 -0.4655031E+23
  0.3455382E+22  0.1974377E+24 -0.1391310E+23  0.2820357E+25 -0.3974916E+24  0.1400528E+23
 -0.1038379E+24 -0.2977107E+25  0.2935622E+24 -0.3000284E+24  0.2435574E+25 -0.1701409E+24
  0.7801092E+24  0.1577931E+24 -0.1269815E+25  0.7979228E+22 -0.1284232E+24  0.5167325E+24
  0.5123119E+25 -0.2877663E+24 -0.1406699E+24  0.4040967E+22  0.3950724E+22  0.9656241E+21
  0.2766146E+24  0.8286178E+25 -0.5375173E+24 -0.2329360E+24 -0.9887750E+23  0.7327402E+22
 -0.4304528E+25 -0.2881362E+24  0.3591505E+25  0.1148761E+23 -0.9359237E+23 -0.4849620E+23
  0.3733840E+22  0.2239092E+24 -0.1440867E+23  0.3356820E+25 -0.4320261E+24  0.1390055E+23
 -0.1162080E+24 -0.3495397E+25  0.3195833E+24 -0.3310938E+24  0.2880658E+25 -0.1840008E+24
  0.9041834E+24  0.1718364E+24 -0.1483993E+25  0.8164207E+22 -0.1410135E+24  0.6089018E+24
  0.5973841E+25 -0.2945231E+24 -0.1449552E+24  0.3630154E+22  0.3573301E+22  0.8793343E+21
  0.3079459E+24  0.9758603E+25 -0.5748878E+24 -0.2407471E+24 -0.1044088E+24  0.6929495E+22
 -0.5005929E+25 -0.3206125E+24  0.4201938E+25  0.1094542E+23 -0.9669809E+23 -0.5024314E+23
  0.3968581E+22  0.2517191E+24 -0.1472117E+23  0.3991508E+25 -0.4668669E+24  0.1365178E+23
 -0.1290255E+24 -0.4103358E+25  0.3460430E+24 -0.3629429E+24  0.3406301E+25 -0.1979677E+24
  0.1048711E+25  0.1860363E+24 -0.1735113E+25  0.8250487E+22 -0.1539003E+24  0.7176943E+24
  0.6965114E+25 -0.2998275E+24 -0.1485348E+24  0.3226672E+22  0.3196992E+22  0.7918964E+21
  0.3399469E+24  0.1148585E+26 -0.6114820E+24 -0.2473734E+24 -0.1094658E+24  0.6481442E+22
 -0.5823524E+25 -0.3535469E+24  0.4917216E+25  0.1030739E+23 -0.9939299E+23 -0.5176904E+23
  0.4147955E+22  0.2804740E+24 -0.1483387E+23  0.4741232E+25 -0.5015140E+24  0.1326218E+23
 -0.1421146E+24 -0.4816399E+25  0.3725966E+24 -0.3951091E+24  0.4026626E+25 -0.2118573E+24
  0.1217261E+25  0.2001996E+24 -0.2029681E+25  0.8231572E+22 -0.1669081E+24  0.8460809E+24
  0.8120248E+25 -0.3036608E+24 -0.1513799E+24  0.2838887E+22  0.2830465E+22  0.7055168E+21
  0.3720956E+24  0.1351045E+26 -0.6467579E+24 -0.2527451E+24 -0.1139696E+24  0.5996192E+22
 -0.6777109E+25 -0.3863878E+24  0.5755357E+25  0.9593902E+22 -0.1016484E+24 -0.5305767E+23
  0.4262651E+22  0.3097053E+24 -0.1473879E+23  0.5625453E+25 -0.5354274E+24  0.1274042E+23
 -0.1552743E+24 -0.5652528E+25  0.3988598E+24 -0.4270708E+24  0.4758086E+25 -0.2254688E+24
  0.1414033E+25  0.2141169E+24 -0.2375332E+25  0.8105548E+22 -0.1798397E+24  0.9975370E+24
  0.9466378E+25 -0.3060425E+24 -0.1534821E+24  0.2473544E+22  0.2480993E+22  0.6221162E+21
  0.4038190E+24  0.1588171E+26 -0.6801664E+24 -0.2568287E+24 -0.1178593E+24  0.5487363E+22
 -0.7889815E+25 -0.4185459E+24  0.6737350E+25  0.8827266E+22 -0.1034465E+24 -0.5409914E+23
  0.4306552E+22  0.3388820E+24 -0.1443753E+23  0.6666646E+25 -0.5680436E+24  0.1210029E+23
 -0.1682828E+24 -0.6632724E+25  0.4244179E+24 -0.4582686E+24  0.5619785E+25 -0.2385902E+24
  0.1643955E+25  0.2275681E+24 -0.2780990E+25  0.7875402E+22 -0.1924824E+24  0.1176113E+25
  0.1103541E+26 -0.3070351E+24 -0.1548567E+24  0.2135638E+22  0.2154266E+22  0.5432644E+21
  0.4345301E+24  0.1865734E+26 -0.7111918E+24 -0.2596330E+24 -0.1210976E+24  0.4968580E+22
 -0.9188917E+25 -0.4494335E+24  0.7887849E+25  0.8030524E+22 -0.1047835E+24 -0.5489156E+23
  0.4277512E+22  0.3674444E+24 -0.1394191E+23  0.7891000E+25 -0.5988150E+24  0.1136039E+23
 -0.1809113E+24 -0.7781634E+25  0.4488532E+24 -0.4881419E+24  0.6634072E+25 -0.2510132E+24
  0.1912846E+25  0.2403367E+24 -0.3257167E+25  0.7549186E+22 -0.2046209E+24  0.1386564E+25
  0.1286420E+26 -0.3067196E+24 -0.1555316E+24  0.1828271E+22  0.1854161E+22  0.4701045E+21
  0.4636322E+24  0.2190379E+26 -0.7393337E+24 -0.2611908E+24 -0.1236642E+24  0.4452428E+22
 -0.1070598E+26 -0.4784669E+24  0.9235317E+25  0.7225559E+22 -0.1056628E+24 -0.5543748E+23
  0.4177384E+22  0.3948115E+24 -0.1327247E+23  0.9328571E+25 -0.6272017E+24  0.1054240E+23
 -0.1929244E+24 -0.9127723E+25  0.4717382E+24 -0.5161296E+24  0.7826682E+25 -0.2625282E+24
  0.2227460E+25  0.2522064E+24 -0.3816025E+25  0.7139083E+22 -0.2160367E+24  0.1634378E+25
  0.1499596E+26 -0.3052061E+24 -0.1555528E+24  0.1552931E+22  0.1582948E+22  0.4033864E+21
  0.4905720E+24  0.2569877E+26 -0.7641685E+24 -0.2615687E+24 -0.1255618E+24  0.3950156E+22
 -0.1247806E+26 -0.5051194E+24  0.1081308E+26  0.6432422E+22 -0.1060999E+24 -0.5574625E+23
  0.4012097E+22  0.4204315E+24 -0.1245774E+23  0.1101436E+26 -0.6527294E+24  0.9670461E+22
 -0.2041012E+24 -0.1070432E+26  0.4926805E+24 -0.5417239E+24  0.9227643E+25 -0.2729472E+24
  0.2595731E+25  0.2629833E+24 -0.4471826E+25  0.6660960E+22 -0.2265288E+24  0.1925973E+25
  0.1748104E+26 -0.3026146E+24 -0.1549748E+24  0.1309642E+22  0.1341386E+22  0.3434747E+21
  0.5148602E+24  0.3013255E+26 -0.7853480E+24 -0.2608511E+24 -0.1268091E+24  0.3471060E+22
 -0.1454833E+26 -0.5289372E+24  0.1265987E+26  0.5668150E+22 -0.1061167E+24 -0.5583097E+23
  0.3790980E+22  0.4438050E+24 -0.1153162E+23  0.1298892E+26 -0.6749959E+24  0.8769390E+22
 -0.2142424E+24 -0.1255018E+26  0.5113302E+24 -0.5644840E+24  0.1087178E+26 -0.2821061E+24
  0.3026909E+25  0.2724989E+24 -0.5241160E+25  0.6132962E+22 -0.2359190E+24  0.2268796E+25
  0.2037814E+26 -0.2990699E+24 -0.1538574E+24  0.1097289E+22  0.1129007E+22  0.2904104E+21
  0.5360987E+24  0.3531020E+26 -0.8026204E+24 -0.2591354E+24 -0.1274382E+24  0.3022300E+22
 -0.1696714E+26 -0.5495627E+24  0.1482078E+26  0.4946315E+22 -0.1057403E+24 -0.5570752E+23
  0.3525861E+22  0.4645141E+24 -0.1053087E+23  0.1529934E+26 -0.6936939E+24  0.7863267E+22
 -0.2231819E+24 -0.1471041E+26  0.5274010E+24 -0.5840603E+24  0.1279952E+26 -0.2898740E+24
  0.3531775E+25  0.2806195E+24 -0.6143336E+25  0.5574201E+22 -0.2440614E+24  0.2671503E+25
  0.2375554E+26 -0.2946909E+24 -0.1522594E+24  0.9139211E+21  0.9444003E+21  0.2439740E+21
  0.5539997E+24  0.4135383E+26 -0.8158345E+24 -0.2565215E+24 -0.1274890E+24  0.2608827E+22
 -0.1979298E+26 -0.5667488E+24  0.1734814E+26  0.4276775E+22 -0.1050000E+24 -0.5539256E+23
  0.3229938E+22  0.4822436E+24 -0.9492281E+22  0.1800026E+26 -0.7086191E+24  0.6974081E+22
 -0.2307947E+24 -0.1723736E+26  0.5406819E+24 -0.6002075E+24  0.1505774E+26 -0.2961578E+24
  0.4122849E+25  0.2872505E+24 -0.7200761E+25  0.5003387E+22 -0.2508486E+24  0.3144122E+25
  0.2769348E+26 -0.2895963E+24 -0.1502407E+24  0.7570916E+21  0.7855485E+21  0.2037687E+21
  0.5684119E+24  0.4840677E+26 -0.8249685E+24 -0.2531152E+24 -0.1270092E+24  0.2233598E+22
 -0.2309448E+26 -0.5803812E+24  0.2030331E+26  0.3665944E+22 -0.1039285E+24 -0.5490410E+23
  0.2916681E+22  0.4968078E+24 -0.8450466E+22  0.2115573E+26 -0.7196978E+24  0.6120859E+22
 -0.2370085E+24 -0.2019241E+26  0.5510620E+24 -0.6128097E+24  0.1770133E+26 -0.3009139E+24
  0.4814806E+25  0.2923486E+24 -0.8439669E+25  0.4437755E+22 -0.2562228E+24  0.3698385E+25
  0.3228456E+26 -0.2838831E+24 -0.1478502E+24  0.6240571E+21  0.6500348E+21  0.1692735E+21
  0.5792914E+24  0.5663444E+26 -0.8300800E+24 -0.2490089E+24 -0.1260435E+24  0.1897678E+22
 -0.2695075E+26 -0.5904449E+24  0.2375699E+26  0.3116892E+22 -0.1025548E+24 -0.5425739E+23
  0.2598599E+22  0.5081271E+24 -0.7435285E+22  0.2483965E+26 -0.7269436E+24  0.5318583E+22
 -0.2417927E+24 -0.2364629E+26  0.5585024E+24 -0.6218453E+24  0.2079348E+26 -0.3041322E+24
  0.5624539E+25  0.2959055E+24 -0.9890265E+25  0.3891878E+22 -0.2601621E+24  0.4347794E+25
