  0.1068272E+18 -0.1692737E+18  0.4772772E+17  0.6705592E+17 -0.3781362E+17  0.5330886E+16
  0.1873651E+18 -0.1210214E+18 -0.3991249E+17 -0.2172732E+17  0.7090874E+17 -0.1826583E+17
 -0.2542026E+18  0.2791757E+18 -0.1273638E+17 -0.6162067E+17 -0.1752496E+17  0.9840056E+16
  0.8215529E+17  0.2404947E+17 -0.7170634E+17  0.1760011E+16 -0.1049536E+17  0.1564658E+17
 -0.2229240E+18  0.3557801E+17  0.1359148E+18  0.9983102E+16 -0.2411181E+17 -0.1685806E+17
  0.1512230E+18 -0.9253730E+17 -0.5240911E+17  0.1415649E+17  0.1603525E+17  0.4540835E+16
  0.1135080E+18 -0.1773357E+18  0.4997913E+17  0.6926378E+17 -0.3904168E+17  0.5501624E+16
  0.1983951E+18 -0.1259609E+18 -0.4083961E+17 -0.2266719E+17  0.7241016E+17 -0.1860714E+17
 -0.2665157E+18  0.2881871E+18 -0.1337402E+17 -0.6248942E+17 -0.1777591E+17  0.9973382E+16
  0.8669126E+17  0.2535900E+17 -0.7386214E+17  0.1854509E+16 -0.1080311E+17  0.1573289E+17
 -0.2329149E+18  0.3584405E+17  0.1388133E+18  0.1022511E+17 -0.2399182E+17 -0.1686558E+17
  0.1564441E+18 -0.9391459E+17 -0.5318347E+17  0.1409441E+17  0.1596322E+17  0.4519954E+16
  0.1300708E+18 -0.2001920E+18  0.5634540E+17  0.7702890E+17 -0.4336060E+17  0.6102067E+16
  0.2261615E+18 -0.1407598E+18 -0.4515555E+17 -0.2561272E+17  0.7965509E+17 -0.2039048E+17
 -0.3009501E+18  0.3200658E+18 -0.1495120E+17 -0.6808186E+17 -0.1949479E+17  0.1088024E+17
  0.9830991E+17  0.2893527E+17 -0.8184412E+17  0.2129109E+16 -0.1204447E+17  0.1703404E+17
 -0.2616394E+18  0.3840983E+17  0.1525804E+18  0.1131888E+17 -0.2558887E+17 -0.1817853E+17
  0.1740800E+18 -0.1023479E+18 -0.5811316E+17  0.1504351E+17  0.1708341E+17  0.4849980E+16
  0.1498177E+18 -0.2270107E+18  0.6375845E+17  0.8599427E+17 -0.4830487E+17  0.6783477E+16
  0.2586109E+18 -0.1572821E+18 -0.5034382E+17 -0.2928023E+17  0.8805655E+17 -0.2242194E+17
 -0.3410877E+18  0.3564300E+18 -0.1656927E+17 -0.7425774E+17 -0.2157812E+17  0.1191812E+17
  0.1116017E+18  0.3335609E+17 -0.9094574E+17  0.2492410E+16 -0.1359117E+17  0.1852823E+17
 -0.2943878E+18  0.4060047E+17  0.1682915E+18  0.1264203E+17 -0.2724440E+17 -0.1969693E+17
  0.1941373E+18 -0.1115736E+18 -0.6375819E+17  0.1603076E+17  0.1832139E+17  0.5234835E+16
  0.1735488E+18 -0.2587044E+18  0.7244748E+17  0.9641085E+17 -0.5399772E+17  0.7560751E+16
  0.2968215E+18 -0.1758372E+18 -0.5661051E+17 -0.3383422E+17  0.9784509E+17 -0.2474715E+17
 -0.3882226E+18  0.3981948E+18 -0.1821589E+17 -0.8112123E+17 -0.2410139E+17  0.1311105E+17
  0.1269139E+18  0.3881932E+17 -0.1013905E+18  0.2968428E+16 -0.1550622E+17  0.2025002E+17
 -0.3319897E+18  0.4230048E+17  0.1863287E+18  0.1423426E+17 -0.2896265E+17 -0.2145694E+17
  0.2171101E+18 -0.1217339E+18 -0.7025788E+17  0.1706409E+17  0.1969684E+17  0.5683947E+16
  0.2022712E+18 -0.2964032E+18  0.8269378E+17  0.1085855E+18 -0.6058870E+17  0.8451847E+16
  0.3420913E+18 -0.1967461E+18 -0.6421912E+17 -0.3949180E+17  0.1093057E+18 -0.2742142E+17
 -0.4439215E+18  0.4464366E+18 -0.1986657E+17 -0.8878766E+17 -0.2715962E+17  0.1448815E+17
  0.1446405E+18  0.4557914E+17 -0.1134382E+18  0.3590726E+16 -0.1787332E+17  0.2224172E+17
 -0.3753913E+18  0.4332686E+17  0.2071405E+18  0.1614574E+17 -0.3074039E+17 -0.2350289E+17
  0.2435670E+18 -0.1329768E+18 -0.7777613E+17  0.1814987E+17  0.2123117E+17  0.6208895E+16
  0.2372696E+18 -0.3415243E+18  0.9484627E+17  0.1228969E+18 -0.6826054E+17  0.9478474E+16
  0.3960075E+18 -0.2203405E+18 -0.7351010E+17 -0.4653903E+17  0.1227936E+18 -0.3051224E+17
 -0.5101104E+18  0.5024391E+18 -0.2147861E+17 -0.9738532E+17 -0.3087391E+17  0.1608502E+17
  0.1652360E+18  0.5396339E+17 -0.1273964E+18  0.4405890E+16 -0.2080279E+17  0.2455555E+17
 -0.4256920E+18  0.4340913E+17  0.2312626E+18  0.1843910E+17 -0.3256439E+17 -0.2588971E+17
  0.2741740E+18 -0.1454575E+18 -0.8650982E+17  0.1929239E+17  0.2294802E+17  0.6824088E+16
  0.2801232E+18 -0.3957810E+18  0.1093224E+18  0.1397980E+18 -0.7722982E+17  0.1066619E+17
  0.4603643E+18 -0.2468368E+18 -0.8493101E+17 -0.5537330E+17  0.1387550E+18 -0.3410200E+17
 -0.5890075E+18  0.5676029E+18 -0.2296848E+17 -0.1070285E+18 -0.3540531E+17  0.1794560E+17
  0.1891448E+18  0.6440908E+17 -0.1436060E+18  0.5483274E+16 -0.2445093E+17  0.2725779E+17
 -0.4839979E+18  0.4208594E+17  0.2593051E+18  0.2119673E+17 -0.3439318E+17 -0.2868790E+17
  0.3096226E+18 -0.1592815E+18 -0.9668736E+17  0.2048510E+17  0.2486981E+17  0.7548260E+16
  0.3325929E+18 -0.4610681E+18  0.1265792E+18  0.1597928E+18 -0.8773732E+17  0.1204347E+17
  0.5367620E+18 -0.2759865E+18 -0.9908337E+17 -0.6658710E+17  0.1577577E+18 -0.3829133E+17
 -0.6827457E+18  0.6431133E+18 -0.2416263E+17 -0.1177466E+18 -0.4097981E+17  0.2012486E+17
  0.2165661E+18  0.7751876E+17 -0.1623753E+18  0.6936864E+16 -0.2906071E+17  0.3043611E+17
 -0.5509317E+18  0.3847551E+17  0.2918766E+18  0.2453304E+17 -0.3611481E+17 -0.3199275E+17
  0.3503846E+18 -0.1743581E+18 -0.1085499E+18  0.2169100E+17  0.2700827E+17  0.8407251E+16
  0.3973952E+18 -0.5402763E+18  0.1472998E+18  0.1836324E+18 -0.1001303E+18  0.1364966E+17
  0.6280520E+18 -0.3080322E+18 -0.1167266E+18 -0.8082494E+17  0.1805075E+18 -0.4320536E+17
 -0.7949619E+18  0.7312635E+18 -0.2490961E+17 -0.1297485E+18 -0.4784473E+17  0.2268868E+17
  0.2481468E+18  0.9395611E+17 -0.1842175E+18  0.8893679E+16 -0.3487525E+17  0.3418954E+17
 -0.6281875E+18  0.3190225E+17  0.3299140E+18  0.2855409E+17 -0.3767108E+17 -0.3590830E+17
  0.3975667E+18 -0.1909117E+18 -0.1224484E+18  0.2291897E+17  0.2939990E+17  0.9428368E+16
  0.4784211E+18 -0.6374596E+18  0.1724225E+18  0.2123416E+18 -0.1148699E+18  0.1553522E+17
  0.7384463E+18 -0.3435754E+18 -0.1388460E+18 -0.9885667E+17  0.2078912E+18 -0.4899870E+17
 -0.9309488E+18  0.8354369E+18 -0.2503952E+17 -0.1433873E+18 -0.5629581E+17  0.2571753E+17
  0.2849493E+18  0.1145176E+18 -0.2098503E+18  0.1150580E+17 -0.4216813E+17  0.3863595E+17
 -0.7184630E+18  0.2173209E+17  0.3746976E+18  0.3337733E+17 -0.3903061E+17 -0.4055705E+17
  0.4528780E+18 -0.2094034E+18 -0.1388549E+18  0.2420619E+17  0.3210212E+17  0.1064342E+17
  0.5800223E+18 -0.7570638E+18  0.2029531E+18  0.2470360E+18 -0.1324504E+18  0.1775360E+17
  0.8716907E+18 -0.3821408E+18 -0.1667722E+18 -0.1218687E+18  0.2410357E+18 -0.5585840E+17
 -0.1095802E+19  0.9584948E+18 -0.2416507E+17 -0.1588184E+18 -0.6676901E+17  0.2931310E+17
  0.3275067E+18  0.1403208E+18 -0.2399138E+18  0.1503016E+17 -0.5139574E+17  0.4393700E+17
 -0.8234172E+18  0.6467855E+16  0.4274965E+18  0.3917442E+17 -0.4000737E+17 -0.4611409E+17
  0.5175588E+18 -0.2298796E+18 -0.1582699E+18  0.2552592E+17  0.3514869E+17  0.1209976E+17
  0.7077744E+18 -0.9047022E+18  0.2401384E+18  0.2891056E+18 -0.1534767E+18  0.2036895E+17
  0.1032257E+19 -0.4228398E+18 -0.2022342E+18 -0.1514031E+18  0.2813584E+18 -0.6401488E+17
 -0.1295781E+19  0.1103848E+19 -0.2174909E+17 -0.1761991E+18 -0.7982184E+17  0.3360152E+17
  0.3763751E+18  0.1727495E+18 -0.2751738E+18  0.1982225E+17 -0.6314996E+17  0.5029598E+17
 -0.9449189E+18 -0.1580898E+17  0.4898618E+18  0.4613727E+17 -0.4034482E+17 -0.5280089E+17
  0.5930732E+18 -0.2523653E+18 -0.1813129E+18  0.2684670E+17  0.3857626E+17  0.1385764E+17
  0.8697210E+18 -0.1088347E+19  0.2857254E+18  0.3404822E+18 -0.1787747E+18  0.2346700E+17
  0.1227084E+19 -0.4651838E+18 -0.2474664E+18 -0.1893248E+18  0.3306564E+18 -0.7375894E+17
 -0.1540287E+19  0.1276881E+19 -0.1717468E+17 -0.1959296E+18 -0.9612242E+17  0.3873920E+17
  0.4328215E+18  0.2134591E+18 -0.3167672E+18  0.2631846E+17 -0.7811171E+17  0.5795778E+17
 -0.1086591E+19 -0.4703683E+17  0.5639898E+18  0.5447322E+17 -0.3981139E+17 -0.6088043E+17
  0.6819668E+18 -0.2772901E+18 -0.2088351E+18  0.2818679E+17  0.4245654E+17  0.1598761E+17
  0.1076381E+19 -0.1318274E+19  0.3419227E+18  0.4036318E+18 -0.2093811E+18  0.2715375E+17
  0.1464543E+19 -0.5079576E+18 -0.3054281E+18 -0.2381336E+18  0.3912420E+18 -0.8545693E+17
 -0.1841040E+19  0.1484119E+19 -0.9569356E+16 -0.2184502E+18 -0.1165429E+18  0.4492381E+17
  0.4981708E+18  0.2645557E+18 -0.3660341E+18  0.3512335E+17 -0.9719196E+17  0.6723645E+17
 -0.1252476E+19 -0.8987796E+17  0.6525525E+18  0.6444031E+17 -0.3806557E+17 -0.7069100E+17
  0.7872279E+18 -0.3050773E+18 -0.2418867E+18  0.2955693E+17  0.4686962E+17  0.1858076E+17
  0.1341242E+19 -0.1607506E+19  0.4114665E+18  0.4816572E+18 -0.2465755E+18  0.3155744E+17
  0.1754188E+19 -0.5485694E+18 -0.3800476E+18 -0.3012154E+18  0.4660942E+18 -0.9956897E+17
 -0.2212166E+19  0.1733128E+19  0.2326783E+16 -0.2441777E+18 -0.1422368E+18  0.5240588E+17
  0.5735682E+18  0.3287008E+18 -0.4244882E+18  0.4709301E+17 -0.1216330E+18  0.7853916E+17
 -0.1446627E+19 -0.1480585E+18  0.7587321E+18  0.7635108E+17 -0.3458194E+17 -0.8267464E+17
  0.9121541E+18 -0.3360246E+18 -0.2817496E+18  0.3094667E+17  0.5189627E+17  0.2175697E+17
  0.1682524E+19 -0.1973388E+19  0.4979147E+18  0.5786340E+18 -0.2919956E+18  0.3683738E+17
  0.2108361E+19 -0.5833357E+18 -0.4765333E+18 -0.3829935E+18  0.5590407E+18 -0.1166717E+18
 -0.2672349E+19  0.2033862E+19  0.2021796E+17 -0.2736886E+18 -0.1746890E+18  0.6150034E+17
  0.6604939E+18  0.4091888E+18 -0.4940327E+18  0.6337511E+17 -0.1530314E+18  0.9238100E+17
 -0.1674353E+19 -0.2262393E+18  0.8866028E+18  0.9057619E+17 -0.2869049E+17 -0.9739226E+17
  0.1061122E+19 -0.3706273E+18 -0.3300774E+18  0.3236304E+17  0.5764449E+17  0.2566884E+17
  0.2125221E+19 -0.2439310E+19  0.6059269E+18  0.6999548E+18 -0.3477388E+18  0.4318933E+17
  0.2543423E+19 -0.6071619E+18 -0.6018417E+18 -0.4892449E+18  0.6750068E+18 -0.1374844E+18
 -0.3246831E+19  0.2399681E+19  0.4643498E+17 -0.3078026E+18 -0.2158214E+18  0.7260259E+17
  0.7609801E+18  0.5101266E+18 -0.5771012E+18  0.8549144E+17 -0.1934312E+18  0.1094134E+18
 -0.1942872E+19 -0.3302668E+18  0.1041459E+19  0.1075718E+18 -0.1954805E+17 -0.1155578E+18
  0.1240096E+19 -0.4096990E+18 -0.3890376E+18  0.3383877E+17  0.6426451E+17  0.3051180E+17
  0.2702955E+19 -0.3036141E+19  0.7414387E+18  0.8525994E+18 -0.4164169E+18  0.5084542E+17
  0.3079978E+19 -0.6123878E+18 -0.7652615E+18 -0.6275872E+18  0.8203067E+18 -0.1628958E+18
 -0.3968565E+19  0.2847639E+19  0.8425392E+17 -0.3475159E+18 -0.2681533E+18  0.8620858E+17
  0.8773978E+18  0.6366487E+18 -0.6766784E+18  0.1154897E+18 -0.2455023E+18  0.1304692E+18
 -0.2261061E+19 -0.4677909E+18  0.1230018E+19  0.1279010E+18 -0.6016795E+16 -0.1380952E+18
  0.1456693E+19 -0.4542410E+18 -0.4614330E+18  0.3541151E+17  0.7194437E+17  0.3654174E+17
  0.3460737E+19 -0.3804388E+19  0.9119551E+18  0.1045541E+19 -0.5012560E+18  0.6007839E+17
  0.3744113E+19 -0.5879410E+18 -0.9791231E+18 -0.8079908E+18  0.1003010E+19 -0.1940044E+18
 -0.4880627E+19  0.3399520E+19  0.1382423E+18 -0.3940353E+18 -0.3349871E+18  0.1029421E+18
  0.1012673E+19  0.7951894E+18 -0.7965024E+18  0.1561033E+18 -0.3127220E+18  0.1566192E+18
 -0.2640133E+19 -0.6487744E+18  0.1460916E+19  0.1522547E+18  0.1342962E+17 -0.1662097E+18
  0.1720769E+19 -0.5055056E+18 -0.5509284E+18  0.3712525E+17  0.8092237E+17  0.4409687E+17
  0.4459282E+19 -0.4797468E+19  0.1127009E+19  0.1290326E+19 -0.6062398E+18  0.7120815E+17
  0.4570268E+19 -0.5188084E+18 -0.1259751E+19 -0.1043363E+19  0.1233413E+19 -0.2321709E+18
 -0.6040556E+19  0.4083854E+19  0.2147093E+18 -0.4489056E+18 -0.4206477E+18  0.1235908E+18
  0.1171004E+19  0.9939513E+18 -0.9415041E+18  0.2109171E+18 -0.3995755E+18  0.1892457E+18
 -0.3095449E+19 -0.8860662E+18  0.1745581E+19  0.1814936E+18  0.4078800E+17 -0.2014812E+18
  0.2045638E+19 -0.5652229E+18 -0.6624237E+18  0.3904368E+17  0.9151595E+17  0.5362693E+17
  0.5780091E+19 -0.6085219E+19  0.1398554E+19  0.1601613E+19 -0.7361916E+18  0.8459876E+17
  0.5604332E+19 -0.3849400E+18 -0.1628687E+19 -0.1350282E+19  0.1524568E+19 -0.2790654E+18
 -0.7525177E+19  0.4937712E+19  0.3224081E+18 -0.5140236E+18 -0.5308056E+18  0.1491453E+18
  0.1358479E+19  0.1243575E+19 -0.1118280E+19  0.2845975E+18 -0.5118463E+18  0.2301378E+18
 -0.3648177E+19 -0.1196399E+19  0.2099222E+19  0.2166804E+18  0.7870498E+17 -0.2459923E+18
  0.2449282E+19 -0.6356581E+18 -0.8025034E+18  0.4124282E+17  0.1041362E+18  0.6573475E+17
  0.7530834E+19 -0.7757185E+19  0.1741204E+19  0.1997585E+19 -0.8967693E+18  0.1006459E+18
  0.6906697E+19 -0.1595425E+18 -0.2114172E+19 -0.1749861E+19  0.1892862E+19 -0.3367135E+18
 -0.9435523E+19  0.6008053E+19  0.4735258E+18 -0.5915057E+18 -0.6728973E+18  0.1808431E+18
  0.1583571E+19  0.1558008E+19 -0.1335615E+19  0.3832144E+18 -0.6570270E+18  0.2816208E+18
 -0.4326765E+19 -0.1601805E+19  0.2541974E+19  0.2590760E+18  0.1307832E+18 -0.3025075E+18
  0.2955486E+19 -0.7194834E+18 -0.9799824E+18  0.4378776E+17  0.1192835E+18  0.8123585E+17
  0.9852469E+19 -0.9926624E+19  0.2172512E+19  0.2500334E+19 -0.1094432E+19  0.1197621E+18
  0.8558102E+19  0.1921473E+18 -0.2753015E+19 -0.2268650E+19  0.2358703E+19 -0.4075543E+18
 -0.1190437E+20  0.7353851E+19  0.6849876E+18 -0.6835407E+18 -0.8566542E+18  0.2202254E+18
  0.1858446E+19  0.1955885E+19 -0.1605464E+19  0.5146085E+18 -0.8448200E+18  0.3467300E+18
 -0.5170216E+19 -0.2131342E+19  0.3100736E+19  0.3101015E+18  0.2019627E+18 -0.3747170E+18
  0.3595899E+19 -0.8197266E+18 -0.1206734E+19  0.4671654E+17  0.1375444E+18  0.1012408E+18
  0.1292725E+20 -0.1273411E+20  0.2713091E+19  0.3135964E+19 -0.1336278E+19  0.1423517E+18
  0.1066779E+20  0.7140828E+18 -0.3592871E+19 -0.2939560E+19  0.2947250E+19 -0.4944960E+18
 -0.1510530E+20  0.9047864E+19  0.9802182E+18 -0.7920132E+18 -0.1094754E+19  0.2691970E+18
  0.2200813E+19  0.2462569E+19 -0.1944343E+19  0.6888643E+18 -0.1087798E+19  0.4294403E+18
 -0.6232581E+19 -0.2823434E+19  0.3811612E+19  0.3712049E+18  0.2990946E+18 -0.4675632E+18
  0.4412583E+19 -0.9394924E+18 -0.1498771E+19  0.5000734E+17  0.1595533E+18  0.1272676E+18
  0.1698576E+20 -0.1634922E+20  0.3386345E+19  0.3934135E+19 -0.1629721E+19  0.1687786E+18
  0.1338246E+20  0.1461548E+19 -0.4694948E+19 -0.3802950E+19  0.3689191E+19 -0.6009757E+18
 -0.1926128E+20  0.1117655E+20  0.1391469E+19 -0.9176763E+18 -0.1403612E+19  0.3300935E+18
  0.2635889E+19  0.3112860E+19 -0.2374990E+19  0.9190350E+18 -0.1402375E+19  0.5349786E+18
 -0.7587632E+19 -0.3729164E+19  0.4722799E+19  0.4435381E+18  0.4318701E+18 -0.5876875E+18
  0.5460412E+19 -0.1081129E+19 -0.1877548E+19  0.5351430E+17  0.1858717E+18  0.1613974E+18
  0.2231211E+20 -0.2096981E+20  0.4217878E+19  0.4927068E+19 -0.1982065E+19  0.1993368E+18
  0.1689550E+20  0.2505153E+19 -0.6137349E+19 -0.4908166E+19  0.4621738E+19 -0.7310464E+18
 -0.2465155E+20  0.1383724E+20  0.1962801E+19 -0.1058722E+19 -0.1804351E+19  0.4057612E+18
  0.3198463E+19  0.3954537E+19 -0.2928343E+19  0.1222334E+19 -0.1810282E+19  0.6702588E+18
 -0.9333499E+19 -0.4916889E+19  0.5897980E+19  0.5273303E+18  0.6142927E+18 -0.7440430E+18
  0.6809068E+19 -0.1244605E+19 -0.2371486E+19  0.5687421E+17  0.2167377E+18  0.2064874E+18
  0.2924826E+20 -0.2681948E+20  0.5234793E+19  0.6148098E+19 -0.2400048E+19  0.2342281E+18
  0.2145747E+20  0.3937116E+19 -0.8019119E+19 -0.6315532E+19  0.5789686E+19 -0.8894600E+18
 -0.3161761E+20  0.1713255E+20  0.2753670E+19 -0.1208788E+19 -0.2323800E+19  0.4996256E+18
  0.3935472E+19  0.5052868E+19 -0.3645905E+19  0.1621881E+19 -0.2340542E+19  0.8444108E+18
 -0.1159785E+20 -0.6478295E+19  0.7420217E+19  0.6208535E+18  0.8667466E+18 -0.9486414E+18
  0.8544726E+19 -0.1425045E+19 -0.3017688E+19  0.5941543E+17  0.2516372E+18  0.2664345E+18
  0.3819818E+20 -0.3414498E+20  0.6465304E+19  0.7630465E+19 -0.2889636E+19  0.2735743E+18
  0.2738389E+20  0.5883862E+19 -0.1046576E+20 -0.8099967E+19  0.7247115E+19 -0.1081824E+19
 -0.4056617E+20  0.2116103E+20  0.3843269E+19 -0.1354323E+19 -0.2995677E+19  0.6157837E+18
  0.4907809E+19  0.6496084E+19 -0.4582081E+19  0.2149589E+19 -0.3032471E+19  0.1069493E+19
 -0.1454074E+20 -0.8537070E+19  0.9396002E+19  0.7188270E+18  0.1219077E+19 -0.1217529E+19
  0.1077024E+20 -0.1609012E+19 -0.3863699E+19  0.6009429E+17  0.2886072E+18  0.3465142E+18
  0.4963210E+20 -0.4321484E+20  0.7938808E+19  0.9406830E+19 -0.3456174E+19  0.3174593E+18
  0.3505365E+20  0.8529061E+19 -0.1363631E+20 -0.1035690E+20  0.9059707E+19 -0.1314797E+19
 -0.5196491E+20  0.2600279E+20  0.5335513E+19 -0.1471388E+19 -0.3861834E+19  0.7590965E+18
  0.6189332E+19  0.8400982E+19 -0.5805458E+19  0.2850732E+19 -0.3939969E+19  0.1361348E+19
 -0.1835062E+20 -0.1126043E+20  0.1195802E+20  0.8099979E+18  0.1714992E+19 -0.1571946E+19
  0.1360184E+20 -0.1769313E+19 -0.4968804E+19  0.5753756E+17  0.3231683E+18  0.4537806E+18
  0.6409301E+20 -0.5432254E+20  0.9686615E+19  0.1151037E+20 -0.4104983E+19  0.3659935E+18
  0.4489013E+20  0.1215068E+20 -0.1773176E+20 -0.1321096E+20  0.1130763E+20 -0.1596272E+19
 -0.6632848E+20  0.3170105E+20  0.7364324E+19 -0.1522399E+19 -0.4973456E+19  0.9352576E+18
  0.7860153E+19  0.1091704E+20 -0.7397512E+19  0.3790698E+19 -0.5137239E+19  0.1740526E+19
 -0.2322791E+20 -0.1487268E+20  0.1526458E+20  0.8736620E+18  0.2417911E+19 -0.2039552E+19
  0.1716048E+20 -0.1858868E+19 -0.6404117E+19  0.5033936E+17  0.3468554E+18  0.5974879E+18
  0.8222508E+20 -0.6780840E+20  0.1174484E+20  0.1397986E+20 -0.4842797E+19  0.4194014E+18
  0.5733169E+20  0.1717367E+20 -0.2300752E+20 -0.1682879E+20  0.1408996E+20 -0.1935599E+19
 -0.8421032E+20  0.3824893E+20  0.1010034E+20 -0.1453949E+19 -0.6392741E+19  0.1150882E+19
  0.9993673E+19  0.1422866E+20 -0.9448503E+19  0.5064573E+19 -0.6726232E+19  0.2233268E+19
 -0.2935795E+20 -0.1967013E+20  0.1949617E+20  0.8751234E+18  0.3418206E+19 -0.2655744E+19
  0.2156087E+20 -0.1805639E+19 -0.8251805E+19  0.3780382E+17  0.3455283E+18  0.7895353E+18
  0.1048277E+21 -0.8410121E+20  0.1415802E+20  0.1686818E+20 -0.5679350E+19  0.4780453E+18
  0.7278475E+20  0.2424040E+20 -0.2978969E+20 -0.2143583E+20  0.1753012E+20 -0.2343616E+19
 -0.1062002E+21  0.4558233E+20  0.1376002E+20 -0.1195867E+19 -0.8195230E+19  0.1413518E+19
  0.1263411E+20  0.1855147E+20 -0.1204826E+20  0.6810081E+19 -0.8845616E+19  0.2872393E+19
 -0.3686885E+20 -0.2603350E+20  0.2484634E+20  0.7598448E+18  0.4841622E+19 -0.3464884E+19
  0.2689767E+20 -0.1510101E+19 -0.1060289E+20  0.2119520E+17  0.2976360E+18  0.1044897E+19
  0.1329413E+21 -0.1037790E+21  0.1698151E+20  0.2025344E+20 -0.6628205E+19  0.5422917E+18
  0.9156214E+20  0.3429636E+20 -0.3849574E+20 -0.2733590E+20  0.2178119E+20 -0.2832163E+19
 -0.1329348E+21  0.5358234E+20  0.1861885E+20 -0.6617337E+18 -0.1047295E+20  0.1731423E+19
  0.1576566E+20  0.2411793E+20 -0.1527066E+20  0.9223757E+19 -0.1168035E+20  0.3697801E+19
 -0.4577886E+20 -0.3443187E+20  0.3150638E+20  0.4465682E+18  0.6857945E+19 -0.4521249E+19
  0.3323211E+20 -0.8476426E+18 -0.1355394E+20  0.5405149E+16  0.1728584E+18  0.1382017E+19
  0.1679722E+21 -0.1276489E+21  0.2028047E+20  0.2425138E+20 -0.7705974E+19  0.6121511E+18
  0.1138195E+21  0.4869046E+20 -0.4966192E+20 -0.3493387E+20  0.2703105E+20 -0.3412816E+19
 -0.1651366E+21  0.6208981E+20  0.2503245E+20  0.2497051E+18 -0.1333920E+20  0.2112989E+19
  0.1928128E+20  0.3114916E+20 -0.1915365E+20  0.1258047E+20 -0.1547149E+20  0.4756715E+19
 -0.5594903E+20 -0.4541586E+20  0.3964800E+20 -0.1798489E+18  0.9689507E+19 -0.5890084E+19
  0.4058722E+20  0.3230382E+18 -0.1720531E+20  0.6427741E+15 -0.6846949E+17  0.1823374E+19
  0.2118566E+21 -0.1568312E+21  0.2412087E+20  0.2902437E+20 -0.8927981E+19  0.6865682E+18
  0.1395111E+21  0.6928341E+20 -0.6397686E+20 -0.4475727E+20  0.3350343E+20 -0.4094149E+19
 -0.2036938E+21  0.7092761E+20  0.3346898E+20  0.1653255E+19 -0.1693431E+20  0.2565414E+19
  0.2296760E+20  0.3981438E+20 -0.2367989E+20  0.1725457E+20 -0.2052456E+20  0.6103564E+19
 -0.6706787E+20 -0.5960181E+20  0.4941184E+20 -0.1274707E+19  0.1361893E+20 -0.7649048E+19
  0.4896135E+20  0.2147262E+19 -0.2166418E+20  0.2354273E+17 -0.4750552E+18  0.2396466E+19
  0.2672084E+21 -0.1928045E+21  0.2854555E+20  0.3477958E+20 -0.1029854E+20  0.7623719E+18
  0.1683630E+21  0.9855007E+20 -0.8231147E+20 -0.5746842E+20  0.4144888E+20 -0.4876974E+19
 -0.2497543E+21  0.7991303E+20  0.4455128E+20  0.3677107E+19 -0.2143034E+20  0.3092254E+19
  0.2652059E+20  0.5018324E+20 -0.2876462E+20  0.2373964E+20 -0.2721473E+20  0.7799631E+19
 -0.7868276E+20 -0.7765417E+20  0.6090848E+20 -0.3037954E+19  0.1899688E+20 -0.9890738E+19
  0.5836008E+20  0.4763236E+19 -0.2705513E+20  0.9719149E+17 -0.1104093E+19  0.3135620E+19
  0.3374168E+21 -0.2373825E+21  0.3353437E+20  0.4175136E+20 -0.1179620E+20  0.8332081E+18
  0.1999079E+21  0.1396453E+21 -0.1057391E+21 -0.7385849E+20  0.5112345E+20 -0.5748116E+19
 -0.3048434E+21  0.8885911E+20  0.5910807E+20  0.6463303E+19 -0.2703388E+20  0.3690017E+19
  0.2960964E+20  0.6219875E+20 -0.3426615E+20  0.3266406E+20 -0.3599017E+20  0.9913741E+19
 -0.9030462E+20 -0.1002910E+21  0.7425036E+20 -0.5716817E+19  0.2625345E+20 -0.1272830E+20
  0.6885363E+20  0.8300087E+19 -0.3354402E+20  0.2501373E+18 -0.2021812E+19  0.4085482E+19
  0.4265881E+21 -0.2925602E+21  0.3894980E+20  0.5016049E+20 -0.1335616E+20  0.8890819E+18
  0.2336208E+21  0.1963703E+21 -0.1355289E+21 -0.9480715E+20  0.6275316E+20 -0.6674166E+19
 -0.3709664E+21  0.9755431E+20  0.7822460E+20  0.1016813E+20 -0.3398484E+20  0.4344321E+19
  0.3198558E+20  0.7570723E+20 -0.4003163E+20  0.4479818E+20 -0.4737577E+20  0.1252542E+20
 -0.1015798E+21 -0.1283351E+21  0.8962344E+20 -0.9609268E+19  0.3591873E+20 -0.1630599E+20
  0.8064927E+20  0.1289319E+20 -0.4137627E+20  0.5153001E+18 -0.3307358E+19  0.5306915E+19
  0.5392558E+21 -0.3602083E+21  0.4448666E+20  0.6015237E+20 -0.1485795E+20  0.9174974E+18
  0.2692328E+21  0.2729768E+21 -0.1731134E+21 -0.1212027E+21  0.7649544E+20 -0.7598694E+19
 -0.4506905E+21  0.1057250E+21  0.1032842E+21  0.1496246E+20 -0.4255232E+20  0.5027100E+19
  0.3360478E+20  0.9059128E+20 -0.4598721E+20  0.6105366E+20 -0.6198583E+20  0.1573305E+20
 -0.1125075E+21 -0.1628315E+21  0.1074057E+21 -0.1507414E+20  0.4866037E+20 -0.2081717E+20
  0.9416771E+20  0.1872094E+20 -0.5092911E+20  0.9304505E+18 -0.5062462E+19  0.6886051E+19
  0.6798969E+21 -0.4417148E+21  0.4966599E+20  0.7174320E+20 -0.1613347E+20  0.9070162E+18
  0.3072250E+21  0.3738669E+21 -0.2200757E+21 -0.1538653E+21  0.9243486E+20 -0.8448038E+19
 -0.5472062E+21  0.1129902E+21  0.1360064E+21  0.2103792E+20 -0.5303813E+20  0.5697584E+19
  0.3470645E+20  0.1070177E+21 -0.5225808E+20  0.8249752E+20 -0.8056915E+20  0.1967146E+20
 -0.1236330E+21 -0.2052443E+21  0.1283224E+21 -0.2255967E+20  0.6535418E+20 -0.2653393E+20
  0.1101029E+21  0.2606225E+20 -0.6277442E+20  0.1542285E+19 -0.7429603E+19  0.8947598E+19
  0.8524812E+21 -0.5377956E+21  0.5390875E+20  0.8481832E+20 -0.1700441E+20  0.8522632E+18
  0.3493303E+21  0.5034241E+21 -0.2782258E+21 -0.1935518E+21  0.1106464E+21 -0.9146388E+19
 -0.6643666E+21  0.1188052E+21  0.1784966E+21  0.2862703E+20 -0.6579874E+20  0.6308034E+19
  0.3578719E+20  0.1257234E+21 -0.5926886E+20  0.1104192E+21 -0.1041082E+21  0.2453949E+20
 -0.1361223E+21 -0.2576994E+21  0.1535955E+21 -0.3266283E+20  0.8719883E+20 -0.3384854E+20
  0.1294407E+21  0.3536445E+20 -0.7773963E+20  0.2415478E+19 -0.1061961E+20  0.1167224E+20
  0.1060438E+22 -0.6487556E+21  0.5667811E+20  0.9922402E+20 -0.1733729E+20  0.7573304E+18
  0.3985826E+21  0.6663608E+21 -0.3498055E+21 -0.2411282E+21  0.1313264E+21 -0.9632826E+19
 -0.8066516E+21  0.1223849E+21  0.2333292E+21  0.3804113E+20 -0.8129063E+20  0.6811554E+19
  0.3745340E+20  0.1481444E+21 -0.6774179E+20  0.1464938E+21 -0.1339740E+21  0.3063106E+20
 -0.1515964E+21 -0.3231864E+21  0.1849974E+21 -0.4622263E+20  0.1158717E+21 -0.4331961E+20
  0.1534004E+21  0.4729969E+20 -0.9694307E+20  0.3646112E+19 -0.1494578E+20  0.1531606E+20
  0.1307478E+22 -0.7753284E+21  0.5759518E+20  0.1149415E+21 -0.1707683E+20  0.6342753E+18
  0.4585163E+21  0.8688506E+21 -0.4377728E+21 -0.2979207E+21  0.1549239E+21 -0.9864507E+19
 -0.9790988E+21  0.1226302E+21  0.3036899E+21  0.4971384E+20 -0.1001303E+21  0.7163833E+19
  0.4019898E+20  0.1761853E+21 -0.7853152E+20  0.1930476E+21 -0.1720952E+21  0.3835420E+20
 -0.1716789E+21 -0.4056196E+21  0.2247247E+21 -0.6442747E+20  0.1536969E+21 -0.5570742E+20
  0.1832984E+21  0.6277954E+20 -0.1217828E+21  0.5375485E+19 -0.2085525E+20  0.2022801E+20
  0.1598976E+22 -0.9196319E+21  0.5637767E+20  0.1322288E+21 -0.1621247E+20  0.4969494E+18
  0.5314928E+21  0.1120020E+22 -0.5459185E+21 -0.3660352E+21  0.1821233E+21 -0.9789345E+19
 -0.1187094E+22  0.1180844E+21  0.3935261E+21  0.6421038E+20 -0.1231204E+21  0.7306531E+19
  0.4416649E+20  0.2115467E+21 -0.9228773E+20  0.2533142E+21 -0.2210178E+21  0.4820977E+20
 -0.1972924E+21 -0.5096010E+21  0.2750067E+21 -0.8887344E+20  0.2037336E+21 -0.7196522E+20
  0.2203271E+21  0.8288504E+20 -0.1538470E+21  0.7795149E+19 -0.2893792E+20  0.2685655E+20
  0.1943140E+22 -0.1085523E+22  0.5254402E+20  0.1516051E+21 -0.1467669E+20  0.3552078E+18
  0.6168734E+21  0.1432838E+22 -0.6785567E+21 -0.4483519E+21  0.2135675E+21 -0.9287116E+19
 -0.1436033E+22  0.1069931E+21  0.5076047E+21  0.8215475E+20 -0.1511850E+21  0.7125521E+19
  0.4895848E+20  0.2547863E+21 -0.1090319E+21  0.3314852E+21 -0.2837081E+21  0.6070427E+20
 -0.2279430E+21 -0.6398088E+21  0.3374722E+21 -0.1214809E+21  0.2696603E+21 -0.9315046E+20
  0.2653167E+21  0.1086821E+21 -0.1947411E+21  0.1112991E+20 -0.3988606E+20  0.3573475E+20
  0.2351110E+22 -0.1277904E+22  0.4502142E+20  0.1736456E+21 -0.1223530E+20  0.2155288E+18
  0.7103256E+21  0.1823534E+22 -0.8397795E+21 -0.5480373E+21  0.2493797E+21 -0.8105587E+19
 -0.1731144E+22  0.8755096E+20  0.6514183E+21  0.1040634E+21 -0.1852041E+21  0.6395701E+19
  0.5365151E+20  0.3046276E+21 -0.1278859E+21  0.4324108E+21 -0.3630614E+21  0.7620852E+20
 -0.2615096E+21 -0.8002557E+21  0.4125806E+21 -0.1642156E+21  0.3554125E+21 -0.1202644E+21
  0.3186642E+21  0.1409720E+21 -0.2459247E+21  0.1559094E+20 -0.5439659E+20  0.4744724E+20
  0.2835737E+22 -0.1501305E+22  0.3194331E+20  0.1987066E+21 -0.8455767E+19  0.8995677E+17
  0.8052555E+21  0.2309499E+22 -0.1032660E+22 -0.6677776E+21  0.2887660E+21 -0.5841769E+19
 -0.2077886E+22  0.5835079E+20  0.8310210E+21  0.1301561E+21 -0.2258483E+21  0.4746456E+19
  0.5716649E+20  0.3581760E+21 -0.1472646E+21  0.5610370E+21 -0.4613422E+21  0.9484075E+20
 -0.2950254E+21 -0.9940511E+21  0.4996552E+21 -0.2187026E+21  0.4647619E+21 -0.1541168E+21
  0.3806426E+21  0.1801428E+21 -0.3087530E+21  0.2131359E+20 -0.7306019E+20  0.6261019E+20
  0.3410123E+22 -0.1759037E+22  0.1083581E+20  0.2268402E+21 -0.2794708E+19  0.8607810E+16
  0.8958527E+21  0.2907366E+22 -0.1259224E+22 -0.8094425E+21  0.3301248E+21 -0.2002880E+19
 -0.2483281E+22  0.1887556E+20  0.1053173E+22  0.1603187E+21 -0.2736333E+21  0.1679519E+19
  0.5883601E+20  0.4122376E+21 -0.1655885E+21  0.7220910E+21 -0.5801022E+21  0.1165083E+21
 -0.3261838E+21 -0.1224360E+22  0.5978616E+21 -0.2860356E+21  0.6013414E+21 -0.1953967E+21
  0.4520865E+21  0.2263263E+21 -0.3849013E+21  0.2832620E+20 -0.9634581E+20  0.8192516E+20
  0.4087617E+22 -0.2053937E+22 -0.2095578E+20  0.2580146E+21  0.5264910E+19  0.2685825E+17
  0.9802023E+21  0.3633582E+22 -0.1521895E+22 -0.9747687E+21  0.3717828E+21  0.3894671E+19
 -0.2958217E+22 -0.3043070E+20  0.1326333E+22  0.1943711E+21 -0.3293382E+21 -0.3380385E+19
  0.5876264E+20  0.4651897E+21 -0.1821724E+21  0.9206593E+21 -0.7210767E+21  0.1411900E+21
 -0.3546873E+21 -0.1496687E+22  0.7079069E+21 -0.3671631E+21  0.7696438E+21 -0.2450921E+21
  0.5352171E+21  0.2799462E+21 -0.4771911E+21  0.3660658E+20 -0.1247978E+21  0.1063640E+21
  0.4883317E+22 -0.2390079E+22 -0.6602593E+20  0.2924487E+21  0.1615779E+20  0.2231794E+18
  0.1061227E+22  0.4507695E+22 -0.1825666E+22 -0.1166672E+22  0.4127899E+21  0.1229365E+20
 -0.3519338E+22 -0.8882112E+20  0.1662249E+22  0.2324999E+21 -0.3945385E+21 -0.1107655E+20
  0.5765567E+20  0.5180181E+21 -0.1975945E+21  0.1163557E+22 -0.8876624E+21  0.1692964E+21
 -0.3824058E+21 -0.1821131E+22  0.8333130E+21 -0.4637584E+21  0.9766793E+21 -0.3050714E+21
  0.6340843E+21  0.3423508E+21 -0.5904064E+21  0.4620998E+20 -0.1593843E+21  0.1374343E+21
  0.5815991E+22 -0.2773977E+22 -0.1271370E+21  0.3307668E+21  0.3031944E+20  0.6948008E+18
  0.1144568E+22  0.5556000E+22 -0.2179180E+22 -0.1390080E+22  0.4529937E+21  0.2368160E+20
 -0.4189087E+22 -0.1561458E+21  0.2077120E+22  0.2754790E+21 -0.4718034E+21 -0.2220238E+20
  0.5631183E+20  0.5735597E+21 -0.2131968E+21  0.1460487E+22 -0.1085749E+22  0.2017909E+21
 -0.4121993E+21 -0.2212877E+22  0.9801739E+21 -0.5788637E+21  0.1233099E+22 -0.3783730E+21
  0.7543189E+21  0.4160112E+21 -0.7315547E+21  0.5735813E+20 -0.2017283E+21  0.1773694E+21
  0.6908502E+22 -0.3213904E+22 -0.2076787E+21  0.3737850E+21  0.4830710E+20  0.1560774E+19
  0.1235211E+22  0.6811871E+22 -0.2593288E+22 -0.1651306E+22  0.4921876E+21  0.3869977E+20
 -0.4993620E+22 -0.2330739E+21  0.2591165E+22  0.3243943E+21 -0.5642972E+21 -0.3781876E+20
  0.5521266E+20  0.6346525E+21 -0.2301747E+21  0.1823784E+22 -0.1322894E+22  0.2398925E+21
 -0.4464192E+21 -0.2690402E+22  0.1155468E+22 -0.7165541E+21  0.1552657E+22 -0.4688626E+21
  0.9023752E+21  0.5040294E+21 -0.9093495E+21  0.7038249E+20 -0.2539625E+21  0.2290944E+21
  0.8186797E+22 -0.3718171E+22 -0.3118439E+21  0.4221674E+21  0.7081457E+20  0.2969618E+19
  0.1334574E+22  0.8312572E+22 -0.3077584E+22 -0.1956467E+22  0.5290070E+21  0.5813016E+20
 -0.5959615E+22 -0.3200899E+21  0.3226505E+22  0.3800058E+21 -0.6750397E+21 -0.5928879E+20
  0.5438902E+20  0.7022403E+21 -0.2487751E+21  0.2266732E+22 -0.1606022E+22  0.2844740E+21
 -0.4857545E+21 -0.3272290E+22  0.1364653E+22 -0.8805377E+21  0.1949971E+22 -0.5802880E+21
  0.1084582E+22  0.6090866E+21 -0.1133062E+22  0.8551369E+20 -0.3181560E+21  0.2959270E+21
  0.9679961E+22 -0.4295126E+22 -0.4445182E+21  0.4764509E+21  0.9861928E+20  0.5103234E+19
  0.1438574E+22  0.1009742E+23 -0.3637967E+22 -0.2310986E+22  0.5606063E+21  0.8277201E+20
 -0.7112835E+22 -0.4158467E+21  0.4005524E+22  0.4423545E+21 -0.8066383E+21 -0.8821996E+20
  0.5344796E+20  0.7740230E+21 -0.2678714E+21  0.2802313E+22 -0.1939631E+22  0.3356305E+21
 -0.5285323E+21 -0.3975209E+22  0.1609956E+22 -0.1072802E+22  0.2438567E+22 -0.7154427E+21
  0.1306628E+22  0.7325500E+21 -0.1411627E+22  0.1026745E+21 -0.3957085E+21  0.3812661E+21
  0.1142276E+23 -0.4955110E+22 -0.6114333E+21  0.5373726E+21  0.1326176E+21  0.8182144E+19
  0.1539060E+22  0.1221099E+23 -0.4278428E+22 -0.2720922E+22  0.5832943E+21  0.1134046E+21
 -0.8481826E+22 -0.5166915E+21  0.4952761E+22  0.5110877E+21 -0.9619336E+21 -0.1264792E+21
  0.5184179E+20  0.8451200E+21 -0.2854547E+21  0.3444267E+22 -0.2326728E+22  0.3929474E+21
 -0.5714047E+21 -0.4816237E+22  0.1891519E+22 -0.1293916E+22  0.3032024E+22 -0.8765019E+21
  0.1574518E+22  0.8748458E+21 -0.1754525E+22  0.1215221E+21 -0.4874312E+21  0.4887777E+21
  0.1345702E+23 -0.5710817E+22 -0.8194253E+21  0.6058815E+21  0.1738716E+21  0.1247412E+20
  0.1629931E+22  0.1470664E+23 -0.5005537E+22 -0.3193948E+22  0.5932931E+21  0.1508878E+21
 -0.1010440E+23 -0.6182350E+21  0.6099188E+22  0.5861167E+21 -0.1144793E+22 -0.1763296E+21
  0.4935483E+20  0.9115886E+21 -0.3001332E+21  0.4209283E+22 -0.2771745E+22  0.4562872E+21
 -0.6119290E+21 -0.5818479E+22  0.2211350E+22 -0.1544879E+22  0.3747739E+22 -0.1066448E+22
  0.1896760E+22  0.1037042E+22 -0.2174336E+22  0.1417492E+21 -0.5944025E+21  0.6231329E+21
  0.1583073E+23 -0.6575688E+22 -0.1076122E+22  0.6828441E+21  0.2234972E+21  0.1828784E+20
  0.1713633E+22  0.1764745E+23 -0.5831798E+22 -0.3739072E+22  0.5871898E+21  0.1962339E+21
 -0.1203158E+23 -0.7176914E+21  0.7485186E+22  0.6680271E+21 -0.1360325E+22 -0.2405105E+21
  0.4637402E+20  0.9744069E+21 -0.3124857E+21  0.5118539E+22 -0.3282962E+22  0.5264119E+21
 -0.6511930E+21 -0.7015495E+22  0.2576985E+22 -0.1828969E+22  0.4610241E+22 -0.1290374E+22
  0.2286045E+22  0.1222294E+22 -0.2689028E+22  0.1633829E+21 -0.7188796E+21  0.7907620E+21
  0.1859666E+23 -0.7563031E+22 -0.1389381E+22  0.7689477E+21  0.2825221E+21  0.2595063E+20
  0.1798774E+22  0.2110523E+23 -0.6773978E+22 -0.4365994E+22  0.5617192E+21  0.2505364E+21
 -0.1432388E+23 -0.8142440E+21  0.9158818E+22  0.7578453E+21 -0.1614362E+22 -0.3221456E+21
  0.4349690E+20  0.1038398E+22 -0.3243590E+21  0.6197401E+22 -0.3871699E+22  0.6046911E+21
 -0.6927434E+21 -0.8449150E+22  0.2999983E+22 -0.2151478E+22  0.5650368E+22 -0.1555052E+22
  0.2758205E+22  0.1435309E+22 -0.3321172E+22  0.1867258E+21 -0.8641325E+21  0.9997613E+21
  0.2181576E+23 -0.8687980E+22 -0.1767556E+22  0.8649824E+21  0.3519586E+21  0.3580271E+20
  0.1889139E+22  0.2516263E+23 -0.7847554E+22 -0.5085328E+22  0.5127770E+21  0.3148118E+21
 -0.1704488E+23 -0.9064842E+21  0.1117167E+23  0.8563203E+21 -0.1912810E+22 -0.4246024E+21
  0.4089759E+20  0.1105768E+22 -0.3364665E+21  0.7474301E+22 -0.4548606E+22  0.6920318E+21
 -0.7380020E+21 -0.1016306E+23  0.3489599E+22 -0.2517201E+22  0.6900874E+22 -0.1866756E+22
  0.3329334E+22  0.1680008E+22 -0.4094521E+22  0.2119362E+21 -0.1033064E+22  0.1258893E+22
  0.2555937E+23 -0.9968168E+22 -0.2219920E+22  0.9718978E+21  0.4328850E+21  0.4820194E+20
  0.1979854E+22  0.2991430E+23 -0.9064162E+22 -0.5908581E+22  0.4349021E+21  0.3898932E+21
 -0.2026020E+23 -0.9907146E+21  0.1357742E+23  0.9635861E+21 -0.2261441E+22 -0.5514145E+21
  0.3834037E+20  0.1173549E+22 -0.3477295E+21  0.8980196E+22 -0.5321773E+22  0.7884367E+21
 -0.7846877E+21 -0.1220052E+23  0.4050162E+22 -0.2929025E+22  0.8394315E+22 -0.2230126E+22
  0.4014925E+22  0.1958479E+22 -0.5032510E+22  0.2388364E+21 -0.1227428E+22  0.1577001E+22
  0.2991000E+23 -0.1142277E+23 -0.2756601E+22  0.1090602E+22  0.5263795E+21  0.6351430E+20
  0.2068363E+22  0.3547014E+23 -0.1043836E+23 -0.6848525E+22  0.3223074E+21  0.4766240E+21
 -0.2404708E+23 -0.1064038E+22  0.1643813E+23  0.1080004E+22 -0.2666667E+22 -0.7064309E+21
  0.3575832E+20  0.1240088E+22 -0.3576257E+21  0.1075146E+23 -0.6201175E+22  0.8941704E+21
 -0.8314625E+21 -0.1461299E+23  0.4687863E+22 -0.3390987E+22  0.1016902E+23 -0.2650599E+22
  0.4833350E+22  0.2273612E+22 -0.6162516E+22  0.2673773E+21 -0.1449427E+22  0.1964300E+22
  0.3496181E+23 -0.1307167E+23 -0.3388250E+22  0.1221822E+22  0.6334065E+21  0.8209128E+20
  0.2161640E+22  0.4195895E+23 -0.1199289E+23 -0.7919437E+22  0.1696313E+21  0.5760572E+21
 -0.2850005E+23 -0.1127682E+22  0.1982914E+23  0.1206812E+22 -0.3135919E+22 -0.8939307E+21
  0.3341279E+20  0.1309624E+22 -0.3675137E+21  0.1283278E+23 -0.7202403E+22  0.1010588E+22
 -0.8810591E+21 -0.1746625E+23  0.5415779E+22 -0.3911073E+22  0.1227430E+23 -0.3136480E+22
  0.5808143E+22  0.2631203E+22 -0.7519241E+22  0.2979966E+21 -0.1703182E+22  0.2433608E+22
  0.4082343E+23 -0.1493640E+23 -0.4125964E+22  0.1366226E+22  0.7548003E+21  0.1042513E+21
  0.2267815E+22  0.4953114E+23 -0.1375368E+23 -0.9137081E+22 -0.2886474E+20  0.6892407E+21
 -0.3372538E+23 -0.1185089E+22  0.2383519E+23  0.1345477E+22 -0.3676940E+22 -0.1118369E+22
  0.3149531E+20  0.1387296E+22 -0.3788376E+21  0.1527679E+23 -0.8343462E+22  0.1139201E+22
 -0.9367530E+21 -0.2083519E+23  0.6248518E+22 -0.4499157E+22  0.1476680E+23 -0.3696959E+22
  0.6965371E+22  0.3037996E+22 -0.9141482E+22  0.3312608E+21 -0.1993561E+22  0.2999362E+22
  0.4761841E+23 -0.1703975E+23 -0.4981038E+22  0.1524373E+22  0.8912060E+21  0.1302581E+21
  0.2389225E+22  0.5835733E+23 -0.1574366E+23 -0.1051776E+23 -0.2800450E+21  0.8168832E+21
 -0.3983499E+23 -0.1239213E+22  0.2854507E+23  0.1496928E+22 -0.4296929E+22 -0.1383986E+22
  0.2996948E+20  0.1474746E+22 -0.3918296E+21  0.1814242E+23 -0.9640625E+22  0.1280723E+22
 -0.9993484E+21 -0.2479799E+23  0.7196731E+22 -0.5164198E+22  0.1770550E+23 -0.4339671E+22
  0.8330950E+22  0.3499472E+22 -0.1106819E+23  0.3674942E+21 -0.2324634E+22  0.3676195E+22
  0.5548984E+23 -0.1940605E+23 -0.5965356E+22  0.1696684E+22  0.1043110E+22  0.1603242E+21
  0.2529022E+22  0.6863546E+23 -0.1798802E+23 -0.1207902E+23 -0.5914111E+21  0.9595810E+21
 -0.4695603E+23 -0.1294554E+22  0.3405843E+23  0.1662117E+22 -0.5003227E+22 -0.1695033E+22
  0.2881586E+20  0.1574153E+22 -0.4068158E+21  0.2149820E+23 -0.1111177E+23  0.1435833E+22
 -0.1070041E+22 -0.2944371E+23  0.8271910E+22 -0.5916464E+22  0.2115718E+23 -0.5072600E+22
  0.9933658E+22  0.4021757E+22 -0.1334238E+23  0.4070637E+21 -0.2700908E+22  0.4480198E+22
  0.6460240E+23 -0.2206037E+23 -0.7091412E+22  0.1883289E+22  0.1210784E+22  0.1946063E+21
  0.2698283E+22  0.8059648E+23 -0.2051953E+23 -0.1383967E+23 -0.9706172E+21  0.1118088E+22
 -0.5523864E+23 -0.1360504E+22  0.4049237E+23  0.1842608E+22 -0.5803690E+22 -0.2056027E+22
  0.2817516E+20  0.1692779E+22 -0.4254324E+21  0.2542578E+23 -0.1278011E+23  0.1605960E+22
 -0.1153591E+22 -0.3487957E+23  0.9491675E+22 -0.6770360E+22  0.2520260E+23 -0.5906331E+22
  0.1180803E+23  0.4613847E+22 -0.1601545E+23  0.4507016E+21 -0.3128923E+22  0.5430511E+22
  0.7514497E+23 -0.2502856E+23 -0.8372112E+22  0.2084067E+22  0.1394251E+22  0.2331901E+21
  0.2913316E+22  0.9450916E+23 -0.2337707E+23 -0.1581990E+23 -0.1425715E+22  0.1293212E+22
 -0.6485502E+23 -0.1451208E+22  0.4798134E+23  0.2040364E+22 -0.6706409E+22 -0.2471610E+22
  0.2823679E+20  0.1841431E+22 -0.4500101E+21  0.3002171E+23 -0.1467345E+23  0.1792955E+22
 -0.1257191E+22 -0.4123066E+23  0.1087800E+23 -0.7744072E+22  0.2993667E+23 -0.6853453E+22
  0.1399353E+23  0.5287073E+22 -0.1914646E+23  0.4993941E+21 -0.3616983E+22  0.6549220E+22
  0.8733688E+23 -0.2833810E+23 -0.9820772E+22  0.2298708E+22  0.1593267E+22  0.2760791E+21
  0.3191673E+22  0.1106887E+24 -0.2660296E+23 -0.1804152E+23 -0.1965615E+22  0.1485622E+22
 -0.7599984E+23 -0.1584479E+22  0.5667720E+23  0.2257374E+22 -0.7719460E+22 -0.2946349E+22
  0.2915943E+20  0.2031986E+22 -0.4828155E+21  0.3539994E+23 -0.1682259E+23  0.1998588E+22
 -0.1388684E+22 -0.4863973E+23  0.1245430E+23 -0.8858555E+22  0.3546814E+23 -0.7927369E+22
  0.1653361E+23  0.6054043E+22 -0.2280086E+23  0.5541958E+21 -0.4174448E+22  0.7860947E+22
  0.1014275E+24 -0.3201629E+23 -0.1145055E+23  0.2526541E+22  0.1807223E+22  0.3231746E+21
  0.3552687E+22  0.1294979E+24 -0.3024186E+23 -0.2052695E+23 -0.2600041E+22  0.1695742E+22
 -0.8888981E+23 -0.1782095E+22  0.6674911E+23  0.2495496E+22 -0.8850488E+22 -0.3484560E+22
  0.3110987E+20  0.2277773E+22 -0.5261267E+21  0.4169295E+23 -0.1926072E+23  0.2224449E+22
 -0.1556766E+22 -0.5726781E+23  0.1424506E+23 -0.1013736E+23  0.4192017E+23 -0.9141986E+22
  0.1947549E+23  0.6928477E+22 -0.2705039E+23  0.6162078E+21 -0.4811638E+22  0.9392877E+22
  0.1177058E+24 -0.3609127E+23 -0.1327498E+23  0.2766601E+22  0.2035206E+22  0.3742917E+21
  0.4019980E+22  0.1513622E+24 -0.3434376E+23 -0.2330003E+23 -0.3339614E+22  0.1923880E+22
 -0.1037735E+24 -0.2071075E+22  0.7839139E+23  0.2756650E+22 -0.1010719E+23 -0.4090544E+22
  0.3432337E+20  0.2595244E+22 -0.5825965E+21  0.4905762E+23 -0.2202552E+23  0.2472212E+22
 -0.1772077E+22 -0.6730180E+23  0.1627811E+23 -0.1160811E+23  0.4943640E+23 -0.1051281E+23
  0.2287258E+23  0.7926217E+22 -0.3197669E+23  0.6866839E+21 -0.5540569E+22  0.1117614E+23
  0.1365042E+24 -0.4059075E+23 -0.1530763E+23  0.3017506E+22  0.2275930E+22  0.4291507E+21
  0.4622146E+22  0.1767771E+24 -0.3896356E+23 -0.2638530E+23 -0.4195906E+22  0.2170162E+22
 -0.1209344E+24 -0.2484314E+22  0.9182641E+23  0.3042692E+22 -0.1149707E+23 -0.4768521E+22
  0.3912742E+20  0.3004544E+22 -0.6552814E+21  0.5767878E+23 -0.2515911E+23  0.2743560E+22
 -0.2047469E+22 -0.7895774E+23  0.1858472E+23 -0.1330276E+23  0.5818368E+23 -0.1205691E+23
  0.2678511E+23  0.9065267E+22 -0.3767259E+23  0.7670219E+21 -0.6375036E+22  0.1324639E+23
  0.1582053E+24 -0.4554190E+23 -0.1756204E+23  0.3277489E+22  0.2527755E+22  0.4873811E+21
  0.5392733E+22  0.2063203E+24 -0.4416097E+23 -0.2980801E+23 -0.5181539E+22  0.2434494E+22
 -0.1406959E+24 -0.3060779E+22  0.1073091E+24  0.3355300E+22 -0.1302743E+23 -0.5522639E+22
  0.4595543E+20  0.3529643E+22 -0.7475545E+21  0.6777423E+23 -0.2870825E+23  0.3040107E+22
 -0.2397946E+22 -0.9248538E+23  0.2119946E+23 -0.1525784E+23  0.6835604E+23 -0.1379294E+23
  0.3128111E+23  0.1036578E+23 -0.4424389E+23  0.8587396E+21 -0.7330659E+22  0.1564460E+23
  0.1832484E+24 -0.5096983E+23 -0.2005126E+23  0.3544264E+22  0.2788589E+22  0.5485079E+21
  0.6371372E+22  0.2406646E+24 -0.5000026E+23 -0.3359318E+23 -0.6310166E+22  0.2716472E+22
 -0.1634270E+24 -0.3846523E+22  0.1251318E+24  0.3695839E+22 -0.1470506E+23 -0.6356855E+22
  0.5538162E+20  0.4199242E+22 -0.8631706E+21  0.7960056E+23 -0.3272441E+23  0.3363315E+22
 -0.2841100E+22 -0.1081734E+24  0.2416042E+23 -0.1751492E+23  0.8017912E+23 -0.1574108E+23
  0.3643740E+23  0.1185015E+23 -0.5181131E+23  0.9634740E+21 -0.8425019E+22  0.1841797E+23
  0.2121435E+24 -0.5689902E+23 -0.2278836E+23  0.3815222E+22  0.3056033E+22  0.6119787E+21
  0.7604099E+22  0.2806002E+24 -0.5655183E+23 -0.3776665E+23 -0.7596627E+22  0.3015450E+22
 -0.1895531E+24 -0.4894951E+22  0.1456340E+24  0.4065390E+22 -0.1653674E+23 -0.7275158E+22
  0.6814056E+20  0.5047210E+22 -0.1006206E+22  0.9346242E+23 -0.3726511E+23  0.3714564E+22
 -0.3397183E+22 -0.1263589E+24  0.2751005E+23 -0.2012152E+23  0.9391826E+23 -0.1792372E+23
  0.4234208E+23  0.1354342E+23 -0.6051463E+23  0.1082991E+22 -0.9678023E+22  0.2162164E+23
  0.2454703E+24 -0.6334841E+23 -0.2578454E+23  0.4087073E+22  0.3327101E+22  0.6771108E+21
  0.9144191E+22  0.3270404E+24 -0.6388867E+23 -0.4235183E+23 -0.9056468E+22  0.3330253E+22
 -0.2195545E+24 -0.6267828E+22  0.1692019E+24  0.4464343E+22 -0.1852790E+23 -0.8280977E+22
  0.8515920E+20  0.6113385E+22 -0.1181036E+22  0.1097165E+24 -0.4239195E+23  0.4094819E+22
 -0.4089391E+22 -0.1474285E+24  0.3129375E+23 -0.2313062E+23  0.1098800E+24 -0.2036428E+23
  0.4909370E+23  0.1547263E+23 -0.7051225E+23  0.1219110E+22 -0.1111151E+23  0.2531882E+23
  0.2838994E+24 -0.7033428E+23 -0.2905013E+23  0.4356219E+22  0.3598493E+22  0.7431416E+21
  0.1105199E+23  0.3810555E+24 -0.7208876E+23 -0.4737163E+23 -0.1070615E+23  0.3659326E+22
 -0.2539833E+24 -0.8035091E+22  0.1962833E+24  0.4892501E+22 -0.2068358E+23 -0.9377554E+22
  0.1075614E+21  0.7443750E+22 -0.1392174E+22  0.1287855E+24 -0.4817246E+23  0.4504750E+22
 -0.4943691E+22 -0.1718319E+24  0.3556090E+23 -0.2660171E+23  0.1284241E+24 -0.2308815E+23
  0.5680492E+23  0.1766725E+23 -0.8198733E+23  0.1373701E+22 -0.1274970E+23  0.2958337E+23
  0.3282006E+24 -0.7786658E+23 -0.3259315E+23  0.4618520E+22  0.3866411E+22  0.8091951E+21
  0.1339608E+23  0.4438921E+24 -0.8123277E+23 -0.5284589E+23 -0.1256261E+23  0.4000529E+22
 -0.2934695E+24 -0.1027590E+23  0.2273935E+24  0.5348771E+22 -0.2300739E+23 -0.1056750E+23
  0.1366961E+21  0.9091549E+22 -0.1644254E+22  0.1511679E+24 -0.5467900E+23  0.4944490E+22
 -0.5989236E+22 -0.2000898E+24  0.4036420E+23 -0.3060077E+23  0.1499703E+24 -0.2612200E+23
  0.6560344E+23  0.2015885E+23 -0.9515004E+23  0.1548621E+22 -0.1461902E+23  0.3450098E+23
  0.3792574E+24 -0.8594882E+23 -0.3641913E+23  0.4869515E+22  0.4126724E+22  0.8743094E+21
  0.1625274E+23  0.5170021E+24 -0.9140355E+23 -0.5879121E+23 -0.1464293E+23  0.4351158E+22
 -0.3387322E+24 -0.1307801E+23  0.2631265E+24  0.5831083E+22 -0.2550169E+23 -0.1185280E+23
  0.1741242E+21  0.1111729E+23 -0.1941788E+22  0.1774513E+24 -0.6198860E+23  0.5413581E+22
 -0.7258034E+22 -0.2328042E+24  0.4575940E+23 -0.3520026E+23  0.1750087E+24 -0.2949380E+23
  0.7563430E+23  0.2298083E+23 -0.1102422E+24  0.1745632E+22 -0.1674807E+23  0.4017139E+23
  0.4380820E+24 -0.9457522E+23 -0.4052991E+23  0.5104337E+22  0.4374894E+22  0.9374235E+21
  0.1970670E+23  0.6020727E+24 -0.1026840E+24 -0.6521877E+23 -0.1696374E+23  0.4707824E+22
 -0.3905908E+24 -0.1653821E+23  0.3041661E+24  0.6336164E+22 -0.2816675E+23 -0.1323442E+23
  0.2216217E+21  0.1358968E+23 -0.2289067E+22  0.2083272E+24 -0.7018193E+23  0.5910778E+22
 -0.8785175E+22 -0.2706704E+24  0.5180469E+23 -0.4047900E+23  0.2041106E+24 -0.3323223E+23
  0.8706199E+23  0.2616803E+23 -0.1275415E+24  0.1966317E+22 -0.1916743E+23  0.4671047E+23
  0.5058467E+24 -0.1037330E+24 -0.4492438E+23  0.5318086E+22  0.4606280E+22  0.9974365E+21
  0.2385079E+23  0.7010828E+24 -0.1151588E+24 -0.7213563E+23 -0.1954116E+23  0.5066613E+22
 -0.4499916E+24 -0.2076168E+23  0.3513093E+24  0.6859647E+22 -0.3100159E+23 -0.1471264E+23
  0.2811425E+21  0.1658576E+23 -0.2689914E+22  0.2446157E+24 -0.7934457E+23  0.6434135E+22
 -0.1060860E+23 -0.3144999E+24  0.5856154E+23 -0.4652284E+23  0.2379492E+24 -0.3736741E+23
  0.1000760E+24  0.2975699E+23 -0.1473713E+24  0.2212016E+22 -0.2190998E+23  0.5425450E+23
  0.5838802E+24 -0.1133948E+24 -0.4959511E+23  0.5505573E+22  0.4815909E+22  0.1053159E+22
  0.2878481E+23  0.8163104E+24 -0.1289061E+24 -0.7953885E+23 -0.2238899E+23  0.5422757E+22
 -0.5180013E+24 -0.2586055E+23  0.4054652E+24  0.7395559E+22 -0.3400166E+23 -0.1628589E+23
  0.3547668E+21  0.2019061E+23 -0.3147347E+22  0.2872738E+24 -0.8956147E+23  0.6980498E+22
 -0.1276852E+23 -0.3652205E+24  0.6609082E+23 -0.5342170E+23  0.2773028E+24 -0.4192834E+23
  0.1148889E+24  0.3378382E+23 -0.1700997E+24  0.2483587E+22 -0.2500945E+23  0.6296060E+23
  0.6737173E+24 -0.1235233E+24 -0.5453023E+23  0.5661876E+22  0.4998948E+22  0.1103410E+22
  0.3461498E+23  0.9504177E+24 -0.1440012E+24 -0.8741852E+23 -0.2551891E+23  0.5770987E+22
 -0.5958503E+24 -0.3195273E+23  0.4676919E+24  0.7936689E+22 -0.3716042E+23 -0.1795146E+23
  0.4446215E+21  0.2449732E+23 -0.3663337E+22  0.3374322E+24 -0.1009195E+24  0.7545766E+22
 -0.1530712E+23 -0.4239124E+24  0.7445474E+23 -0.6127064E+23  0.3230864E+24 -0.4694430E+23
  0.1317457E+24  0.3828490E+23 -0.1961551E+24  0.2781367E+22 -0.2850102E+23  0.7301338E+23
  0.7771164E+24 -0.1340674E+24 -0.5971134E+23  0.5782293E+22  0.5150671E+22  0.1147011E+22
  0.4145248E+23  0.1106492E+25 -0.1605109E+24 -0.9575392E+23 -0.2893896E+23  0.6105410E+22
 -0.6849445E+24 -0.3915987E+23  0.5392117E+24  0.8474380E+22 -0.4046791E+23 -0.1970475E+23
  0.5527835E+21  0.2960629E+23 -0.4238465E+22  0.3964177E+24 -0.1135031E+24  0.8124603E+22
 -0.1826795E+23 -0.4918229E+24  0.8371405E+23 -0.7016725E+23  0.3763678E+24 -0.5244309E+23
  0.1509262E+24  0.4329525E+23 -0.2260318E+24  0.3104959E+22 -0.3242016E+23  0.8462806E+23
  0.8960937E+24 -0.1449621E+24 -0.6511349E+23  0.5862671E+22  0.5266742E+22  0.1182847E+22
  0.4941064E+23  0.1288115E+25 -0.1784911E+24 -0.1045132E+24 -0.3265264E+23  0.6419691E+22
 -0.7868948E+24 -0.4760389E+23  0.6214381E+24  0.8998708E+22 -0.4391090E+23 -0.2153929E+23
  0.6811261E+21  0.3562353E+23 -0.4871510E+22  0.4657860E+24 -0.1273923E+24  0.8710432E+22
 -0.2169470E+23 -0.5703938E+24  0.9392664E+23 -0.8020946E+23  0.4383941E+24 -0.5845034E+23
  0.1727507E+24  0.4884750E+23 -0.2603018E+24  0.3453065E+22 -0.3680184E+23  0.9805604E+23
  0.1032956E+25 -0.1561272E+24 -0.7070397E+23  0.5899502E+22  0.5343313E+22  0.1209890E+22
  0.5860239E+23  0.1499425E+25 -0.1979818E+24 -0.1136508E+24 -0.3665752E+23  0.6707110E+22
 -0.9035431E+24 -0.5740362E+23  0.7160031E+24  0.9498555E+22 -0.4747205E+23 -0.2344625E+23
  0.8311684E+21  0.4265885E+23 -0.5559132E+22  0.5473553E+24 -0.1426583E+24  0.9295334E+22
 -0.2563023E+23 -0.6612878E+24  0.1051450E+24 -0.9149230E+23  0.5106181E+24 -0.6498798E+23
  0.1975860E+24  0.5497028E+23 -0.2996254E+24  0.3823312E+22 -0.4167930E+23  0.1135903E+24
  0.1190375E+25 -0.1674726E+24 -0.7644464E+23  0.5890383E+22  0.5377457E+22  0.1227299E+22
  0.6913783E+23  0.1745253E+25 -0.2190099E+24 -0.1231110E+24 -0.4094537E+23  0.6961010E+22
 -0.1037028E+25 -0.6867158E+23  0.8248153E+24  0.9962234E+22 -0.5113146E+23 -0.2541519E+23
  0.1003894E+22  0.5082402E+23 -0.6295656E+22  0.6432655E+24 -0.1593647E+24  0.9870389E+22
 -0.3011566E+23 -0.7664439E+24  0.1174172E+24 -0.1041070E+24  0.5947491E+24 -0.7207513E+23
  0.2258588E+24  0.6168840E+23 -0.3447758E+24  0.4212210E+22 -0.4708399E+23  0.1315760E+24
  0.1371378E+25 -0.1788891E+24 -0.8228739E+23  0.5833787E+22  0.5366980E+22  0.1234382E+22
  0.8111693E+23  0.2031128E+25 -0.2415728E+24 -0.1328201E+24 -0.4549883E+23  0.7174587E+22
 -0.1189772E+25 -0.8150592E+23  0.9500572E+24  0.1037726E+23 -0.5486343E+23 -0.2743243E+23
  0.1199516E+22  0.6022703E+23 -0.7072536E+22  0.7559915E+24 -0.1775541E+24  0.1042520E+23
 -0.3518749E+23 -0.8880778E+24  0.1307778E+24 -0.1181315E+24  0.6927602E+24 -0.7972266E+23
  0.2580540E+24  0.6901803E+23 -0.3966385E+24  0.4614817E+22 -0.5304163E+23  0.1524120E+24
  0.1579464E+25 -0.1902602E+24 -0.8817906E+23  0.5729625E+22  0.5310968E+22  0.1230725E+22
  0.9462725E+23  0.2363472E+25 -0.2656471E+24 -0.1426936E+24 -0.5029292E+23  0.7341599E+22
 -0.1364589E+25 -0.9598752E+23  0.1094276E+25  0.1073142E+23 -0.5863969E+23 -0.2948259E+23
  0.1417303E+22  0.7096967E+23 -0.7878462E+22  0.8884294E+24 -0.1972521E+24  0.1094864E+23
 -0.4087694E+23 -0.1028768E+25  0.1452513E+24 -0.1336304E+24  0.8069646E+24 -0.8793569E+23
  0.2947366E+24  0.7696813E+23 -0.4562492E+24  0.5024905E+22 -0.5957293E+23  0.1765672E+24
  0.1818647E+25 -0.2014589E+24 -0.9405978E+23  0.5579102E+22  0.5209690E+22  0.1216185E+22
  0.1097373E+24  0.2749687E+25 -0.2911780E+24 -0.1526336E+24 -0.5529329E+23  0.7456427E+22
 -0.1564714E+25 -0.1121727E+24  0.1260420E+25  0.1101302E+23 -0.6242786E+23 -0.3154787E+23
  0.1655389E+22  0.8314153E+23 -0.8699235E+22  0.1043941E+25 -0.2184585E+24  0.1142884E+23
 -0.4720749E+23 -0.1191492E+25  0.1608462E+24 -0.1506476E+24  0.9400525E+24 -0.9670998E+23
  0.3365594E+24  0.8553722E+23 -0.5248088E+24  0.5434863E+22 -0.6669059E+23  0.2045882E+24
  0.2093533E+25 -0.2123520E+24 -0.9986487E+23  0.5384842E+22  0.5064765E+22  0.1190928E+22
  0.1264899E+24  0.3198305E+25 -0.3180780E+24 -0.1625312E+24 -0.6045643E+23  0.7514459E+22
 -0.1793880E+25 -0.1300867E+24  0.1451903E+25  0.1121160E+23 -0.6619246E+23 -0.3360857E+23
  0.1910610E+22  0.9681357E+23 -0.9517895E+22  0.1226423E+25 -0.2411432E+24  0.1185359E+23
 -0.5419255E+23 -0.1379689E+25  0.1775518E+24 -0.1692003E+24  0.1095152E+25 -0.1060308E+24
  0.3842794E+24  0.9471190E+23 -0.6037134E+24  0.5835822E+22 -0.7439748E+23  0.2371125E+24
  0.2409402E+25 -0.2228025E+24 -0.1055254E+24  0.5150754E+22  0.4879076E+22  0.1155432E+22
  0.1448958E+24  0.3719126E+25 -0.3462211E+24 -0.1722675E+24 -0.6572941E+23  0.7512294E+22
 -0.2056385E+25 -0.1497168E+24  0.1672669E+25  0.1131840E+23 -0.6989481E+23 -0.3564307E+23
  0.2178424E+22  0.1120312E+24 -0.1031505E+23  0.1440376E+25 -0.2652395E+24  0.1221070E+23
 -0.6183309E+23 -0.1597326E+25  0.1953341E+24 -0.1892725E+24  0.1275891E+25 -0.1158706E+24
  0.4387727E+24  0.1044646E+24 -0.6945807E+24  0.6217833E+22 -0.8268419E+23  0.2748817E+24
  0.2772381E+25 -0.2326802E+24 -0.1109734E+24  0.4882092E+22  0.4656883E+22  0.1110516E+22
  0.1649309E+24  0.4323519E+25 -0.3754514E+24 -0.1817225E+24 -0.7105292E+23  0.7448253E+22
 -0.2357247E+25 -0.1710106E+24  0.1927329E+25  0.1132734E+23 -0.7349620E+23 -0.3762952E+23
  0.2452964E+22  0.1288105E+24 -0.1106975E+23  0.1691030E+25 -0.2906483E+24  0.1248890E+23
 -0.7011715E+23 -0.1849031E+25  0.2141383E+24 -0.2108145E+24  0.1486509E+25 -0.1261910E+24
  0.5010688E+24  0.1147555E+24 -0.7993096E+24  0.6570368E+22 -0.9152952E+23  0.3187665E+24
  0.3189423E+25 -0.2418532E+24 -0.1161378E+24  0.4584919E+22  0.4403351E+22  0.1057243E+22
  0.1865226E+24  0.5024406E+25 -0.4055616E+24 -0.1907679E+24 -0.7635859E+23  0.7322112E+22
 -0.2702192E+25 -0.1938631E+24  0.2221155E+25  0.1123480E+23 -0.7695455E+23 -0.3954418E+23
  0.2727035E+22  0.1471245E+24 -0.1175965E+23  0.1984354E+25 -0.3172185E+24  0.1267762E+23
 -0.7901426E+23 -0.2140088E+25  0.2338742E+24 -0.2337271E+24  0.1731868E+25 -0.1369349E+24
  0.5723482E+24  0.1255249E+24 -0.9200793E+24  0.6882389E+22 -0.1008939E+24  0.3697688E+24
  0.3668586E+25 -0.2502060E+24 -0.1209531E+24  0.4266154E+22  0.4124639E+22  0.9969544E+21
  0.2095528E+24  0.5836725E+25 -0.4363134E+24 -0.1992827E+24 -0.8157508E+23  0.7135668E+22
 -0.3097895E+25 -0.2181209E+24  0.2560285E+25  0.1104068E+23 -0.8022993E+23 -0.4136437E+23
  0.2992460E+22  0.1669035E+24 -0.1236264E+23  0.2327247E+25 -0.3447611E+24  0.1276833E+23
 -0.8847723E+23 -0.2476641E+25  0.2544257E+24 -0.2578687E+24  0.2017627E+25 -0.1480321E+24
  0.6539955E+24  0.1366988E+24 -0.1059440E+25  0.7143232E+22 -0.1107226E+24  0.4290596E+24
  0.4219124E+25 -0.2576366E+24 -0.1253586E+24  0.3933081E+22  0.3827449E+22  0.9311636E+21
  0.2338513E+24  0.6777593E+25 -0.4674291E+24 -0.2071515E+24 -0.8662850E+23  0.6892515E+22
 -0.3552068E+25 -0.2435774E+24  0.2951807E+25  0.1074816E+23 -0.8328366E+23 -0.4306809E+23
  0.3240390E+22  0.1880270E+24 -0.1285770E+23  0.2727616E+25 -0.3730408E+24  0.1275468E+23
 -0.9843936E+23 -0.2865779E+25  0.2756429E+24 -0.2830474E+24  0.2350312E+25 -0.1593960E+24
  0.7476189E+24  0.1481862E+24 -0.1220345E+25  0.7343027E+22 -0.1209428E+24  0.4979953E+24
  0.4851682E+25 -0.2640631E+24 -0.1293016E+24  0.3593049E+22  0.3518756E+22  0.8615000E+21
  0.2591945E+24  0.7866646E+25 -0.4985978E+24 -0.2142714E+24 -0.9144587E+23  0.6598010E+22
 -0.4073631E+25 -0.2699740E+24  0.3403901E+25  0.1036380E+23 -0.8608030E+23 -0.4463513E+23
  0.3461779E+22  0.2103209E+24 -0.1322620E+23  0.3194519E+25 -0.4017797E+24  0.1263312E+23
 -0.1088141E+24 -0.3315681E+25  0.2973440E+24 -0.3090224E+24  0.2737448E+25 -0.1709246E+24
  0.8550886E+24  0.1598795E+24 -0.1406225E+25  0.7473338E+22 -0.1314639E+24  0.5781472E+24
  0.5578473E+25 -0.2694241E+24 -0.1327385E+24  0.3253102E+22  0.3205444E+22  0.7896209E+21
  0.2853058E+24  0.9126339E+25 -0.5294768E+24 -0.2205543E+24 -0.9595744E+23  0.6259007E+22
 -0.4672872E+25 -0.2970018E+24  0.3925986E+25  0.9897163E+22 -0.8858828E+23 -0.4604755E+23
  0.3647925E+22  0.2335552E+24 -0.1345300E+23  0.3738293E+25 -0.4306583E+24  0.1240316E+23
 -0.1194948E+24 -0.3835757E+25  0.3193133E+24 -0.3355047E+24  0.3187681E+25 -0.1825002E+24
  0.9785711E+24  0.1716556E+24 -0.1621039E+25  0.7527725E+22 -0.1421769E+24  0.6713275E+24
  0.6413694E+25 -0.2736895E+24 -0.1356408E+24  0.2919767E+22  0.2894079E+22  0.7171544E+21
  0.3118679E+24  0.1058265E+26 -0.5597152E+24 -0.2259369E+24 -0.1001027E+24  0.5883733E+22
 -0.5361804E+25 -0.3243171E+24  0.4529019E+25  0.9360645E+22 -0.9078384E+23 -0.4729173E+23
  0.3791170E+22  0.2574541E+24 -0.1352799E+23  0.4370854E+25 -0.4593352E+24  0.1206794E+23
 -0.1303597E+24 -0.4436957E+25  0.3413146E+24 -0.3621720E+24  0.3711034E+25 -0.1939972E+24
  0.1120608E+25  0.1833827E+24 -0.1869415E+25  0.7502455E+22 -0.1529610E+24  0.7796467E+24
  0.7373465E+25 -0.2768451E+24 -0.1379881E+24  0.2598616E+22  0.2590460E+22  0.6455825E+21
  0.3385139E+24  0.1226498E+26 -0.5889317E+24 -0.2303706E+24 -0.1038272E+24  0.5481039E+22
 -0.6154123E+25 -0.3515332E+24  0.5225468E+25  0.8768242E+22 -0.9264666E+23 -0.4835627E+23
  0.3885272E+22  0.2816870E+24 -0.1344614E+23  0.5105664E+25 -0.4874310E+24  0.1163360E+23
 -0.1412671E+24 -0.5131741E+25  0.3630766E+24 -0.3886580E+24  0.4318894E+25 -0.2052740E+24
  0.1284106E+25  0.1949135E+24 -0.2156638E+25  0.7396444E+22 -0.1636773E+24  0.9055111E+24
