  0.9864849E+17 -0.1563225E+18  0.4407707E+17  0.6192878E+17 -0.3492318E+17  0.4923512E+16
  0.1730236E+18 -0.1117668E+18 -0.3685865E+17 -0.2006426E+17  0.6548783E+17 -0.1686994E+17
 -0.2347506E+18  0.2578282E+18 -0.1176488E+17 -0.5691280E+17 -0.1618394E+17  0.9087989E+16
  0.7586832E+17  0.2220788E+17 -0.6622262E+17  0.1625151E+16 -0.9692213E+16  0.1445081E+17
 -0.2058693E+18  0.3286261E+17  0.1255225E+18  0.9219566E+16 -0.2227094E+17 -0.1556956E+17
  0.1396570E+18 -0.8546634E+17 -0.4840182E+17  0.1307577E+17  0.1481031E+17  0.4193732E+16
  0.1043249E+18 -0.1631737E+18  0.4599195E+17  0.6380467E+17 -0.3596781E+17  0.5068921E+16
  0.1824061E+18 -0.1159769E+18 -0.3764041E+17 -0.2085952E+17  0.6675978E+17 -0.1715966E+17
 -0.2452187E+18  0.2654898E+18 -0.1231209E+17 -0.5765049E+17 -0.1639376E+17  0.9200729E+16
  0.7973166E+17  0.2331811E+17 -0.6805598E+17  0.1704889E+16 -0.9951737E+16  0.1452251E+17
 -0.2143754E+18  0.3309761E+17  0.1279819E+18  0.9423772E+16 -0.2216815E+17 -0.1557347E+17
  0.1440983E+18 -0.8663756E+17 -0.4905621E+17  0.1302248E+17  0.1474726E+17  0.4175120E+16
  0.1182835E+18 -0.1824720E+18  0.5137211E+17  0.7037338E+17 -0.3962503E+17  0.5577901E+16
  0.2058585E+18 -0.1285387E+18 -0.4127512E+17 -0.2333041E+17  0.7288654E+17 -0.1867085E+17
 -0.2743123E+18  0.2924902E+18 -0.1366272E+17 -0.6240396E+17 -0.1784002E+17  0.9968810E+16
  0.8956811E+17  0.2632054E+17 -0.7481789E+17  0.1933643E+16 -0.1099302E+17  0.1562419E+17
 -0.2387041E+18  0.3532907E+17  0.1396440E+18  0.1034418E+17 -0.2353459E+17 -0.1668425E+17
  0.1590400E+18 -0.9381259E+17 -0.5323057E+17  0.1383426E+17  0.1569950E+17  0.4454058E+16
  0.1346996E+18 -0.2048361E+18  0.5756318E+17  0.7787295E+17 -0.4376782E+17  0.6149831E+16
  0.2329411E+18 -0.1424523E+18 -0.4558175E+17 -0.2635583E+17  0.7990900E+17 -0.2037469E+17
 -0.3078267E+18  0.3229805E+18 -0.1504894E+17 -0.6761458E+17 -0.1956745E+17  0.1083856E+17
  0.1007084E+18  0.2997204E+17 -0.8245031E+17  0.2230010E+16 -0.1226910E+17  0.1687559E+17
 -0.2661681E+18  0.3728436E+17  0.1528168E+18  0.1144196E+17 -0.2494908E+17 -0.1795434E+17
  0.1758677E+18 -0.1016109E+18 -0.5796062E+17  0.1467689E+17  0.1674391E+17  0.4775511E+16
  0.1541258E+18 -0.2308977E+18  0.6472426E+17  0.8647767E+17 -0.4848210E+17  0.6795147E+16
  0.2643925E+18 -0.1579201E+18 -0.5070645E+17 -0.3005562E+17  0.8799093E+17 -0.2230356E+17
 -0.3466506E+18  0.3575849E+18 -0.1645980E+17 -0.7335067E+17 -0.2163087E+17  0.1182714E+17
  0.1133869E+18  0.3441559E+17 -0.9110795E+17  0.2611485E+16 -0.1382670E+17  0.1830162E+17
 -0.2973280E+18  0.3886815E+17  0.1677663E+18  0.1274664E+17 -0.2641200E+17 -0.1940998E+17
  0.1949165E+18 -0.1101226E+18 -0.6334388E+17  0.1555408E+17  0.1789380E+17  0.5146367E+16
  0.1772664E+18 -0.2614510E+18  0.7305347E+17  0.9640385E+17 -0.5387346E+17  0.7526540E+16
  0.3011385E+18 -0.1751896E+18 -0.5683035E+17 -0.3457595E+17  0.9733060E+17 -0.2449623E+17
 -0.3918975E+18  0.3970787E+18 -0.1788178E+17 -0.7969861E+17 -0.2409529E+17  0.1295491E+17
  0.1278928E+18  0.3982446E+17 -0.1009775E+18  0.3100229E+16 -0.1572166E+17  0.1993164E+17
 -0.3328759E+18  0.3996958E+17  0.1848130E+18  0.1429224E+17 -0.2792446E+17 -0.2108183E+17
  0.2166001E+18 -0.1194629E+18 -0.6949699E+17  0.1647203E+17  0.1916506E+17  0.5574595E+16
  0.2049830E+18 -0.2974522E+18  0.8278731E+17  0.1079087E+18 -0.6006661E+17  0.8358912E+16
  0.3442503E+18 -0.1944873E+18 -0.6418397E+17 -0.4011190E+17  0.1081711E+18 -0.2699915E+17
 -0.4448675E+18  0.4423324E+18 -0.1928650E+17 -0.8674523E+17 -0.2704380E+17  0.1424640E+17
  0.1445342E+18  0.4642270E+17 -0.1122692E+18  0.3727606E+16 -0.1802977E+17  0.2180171E+17
 -0.3735572E+18  0.4040175E+17  0.2043232E+18  0.1612250E+17 -0.2947724E+17 -0.2300782E+17
  0.2413701E+18 -0.1297356E+18 -0.7655473E+17  0.1743311E+17  0.2057395E+17  0.6070165E+16
  0.2383779E+18 -0.3401049E+18  0.9422012E+17  0.1213109E+18 -0.6721411E+17  0.9310248E+16
  0.3950624E+18 -0.2160698E+18 -0.7305936E+17 -0.4690935E+17  0.1208108E+18 -0.2986837E+17
 -0.5071835E+18  0.4944124E+18 -0.2063337E+17 -0.9459422E+17 -0.3057889E+17  0.1573117E+17
  0.1636837E+18  0.5448942E+17 -0.1252372E+18  0.4534810E+16 -0.2084541E+17  0.2395531E+17
 -0.4202762E+18  0.3992584E+17  0.2267407E+18  0.1828918E+17 -0.3105651E+17 -0.2523372E+17
  0.2697765E+18 -0.1410642E+18 -0.8468034E+17  0.1844037E+17  0.2213937E+17  0.6645093E+16
  0.2786457E+18 -0.3906982E+18  0.1076649E+18  0.1369527E+18 -0.7548025E+17  0.1040007E+17
  0.4547555E+18 -0.2398739E+18 -0.8384338E+17 -0.5534207E+17  0.1356231E+18 -0.3317110E+17
 -0.5803694E+18  0.5542001E+18 -0.2182124E+17 -0.1032829E+18 -0.3484609E+17  0.1744577E+17
  0.1855426E+18  0.6441574E+17 -0.1401082E+18  0.5590883E+16 -0.2432103E+17  0.2644987E+17
 -0.4735874E+18  0.3800796E+17  0.2524968E+18  0.2086813E+17 -0.3259824E+17 -0.2782172E+17
  0.3022015E+18 -0.1534234E+18 -0.9404170E+17  0.1947272E+17  0.2387182E+17  0.7316179E+16
  0.3273099E+18 -0.4508669E+18  0.1235129E+18  0.1552664E+18 -0.8506904E+17  0.1165214E+17
  0.5247630E+18 -0.2657813E+18 -0.9702946E+17 -0.6587665E+17  0.1530692E+18 -0.3698882E+17
 -0.6663201E+18  0.6227980E+18 -0.2271904E+17 -0.1128666E+18 -0.4002257E+17  0.1943420E+17
  0.2103329E+18  0.7667369E+17 -0.1571525E+18  0.6987558E+16 -0.2864378E+17  0.2935454E+17
 -0.5341423E+18  0.3400849E+17  0.2821142E+18  0.2394360E+17 -0.3402581E+17 -0.3084619E+17
  0.3391148E+18 -0.1668016E+18 -0.1048425E+18  0.2051132E+17  0.2578462E+17  0.8103409E+16
  0.3867282E+18 -0.5231041E+18  0.1423489E+18  0.1768929E+18 -0.9627343E+17  0.1309913E+17
  0.6076681E+18 -0.2941703E+18 -0.1132285E+18 -0.7899954E+17  0.1737138E+18 -0.4142160E+17
 -0.7682822E+18  0.7023074E+18 -0.2322594E+17 -0.1235655E+18 -0.4629616E+17  0.2174844E+17
  0.2387081E+18  0.9177045E+17 -0.1768232E+18  0.8820205E+16 -0.3398952E+17  0.3274547E+17
 -0.6036030E+18  0.2751431E+17  0.3164008E+18  0.2759187E+17 -0.3531776E+17 -0.3438607E+17
  0.3815713E+18 -0.1814804E+18 -0.1173802E+18  0.2157862E+17  0.2791378E+17  0.9027213E+16
  0.4599233E+18 -0.6105400E+18  0.1648928E+18  0.2026202E+18 -0.1094461E+18  0.1477944E+17
  0.7066082E+18 -0.3253509E+18 -0.1332338E+18 -0.9534909E+17  0.1982587E+18 -0.4659020E+17
 -0.8902488E+18  0.7952208E+18 -0.2318305E+17 -0.1356196E+18 -0.5390920E+17  0.2445194E+17
  0.2714013E+18  0.1103522E+18 -0.1996510E+18  0.1121735E+17 -0.4058922E+17  0.3671734E+17
 -0.6838718E+18  0.1792762E+17  0.3563213E+18  0.3190996E+17 -0.3642957E+17 -0.3854073E+17
  0.4308017E+18 -0.1977515E+18 -0.1320149E+18  0.2269354E+17  0.3029950E+17  0.1011367E+17
  0.5501985E+18 -0.7165374E+18  0.1919014E+18  0.2332912E+18 -0.1249590E+18  0.1673312E+17
  0.8242818E+18 -0.3587968E+18 -0.1580885E+18 -0.1158710E+18  0.2275776E+18 -0.5263830E+17
 -0.1035968E+19  0.9035816E+18 -0.2226817E+17 -0.1491147E+18 -0.6320688E+17  0.2762337E+17
  0.3087252E+18  0.1332943E+18 -0.2260994E+18  0.1438769E+17 -0.4881001E+17  0.4139680E+17
 -0.7760199E+18  0.4010788E+16  0.4028165E+18  0.3703112E+17 -0.3719937E+17 -0.4344818E+17
  0.4876561E+18 -0.2155898E+18 -0.1491231E+18  0.2382773E+17  0.3296322E+17  0.1140031E+17
  0.6618602E+18 -0.8454247E+18  0.2243342E+18  0.2699750E+18 -0.1432762E+18  0.1900923E+17
  0.9641609E+18 -0.3938608E+18 -0.1891145E+18 -0.1417362E+18  0.2627506E+18 -0.5974129E+17
 -0.1210291E+19  0.1030049E+19 -0.2007434E+17 -0.1641826E+18 -0.7461194E+17  0.3135862E+17
  0.3511339E+18  0.1616424E+18 -0.2567608E+18  0.1860278E+17 -0.5909915E+17  0.4693801E+17
 -0.8815420E+18 -0.1566494E+17  0.4570820E+18  0.4309773E+17 -0.3743701E+17 -0.4927618E+17
  0.5532907E+18 -0.2350402E+18 -0.1691809E+18  0.2496152E+17  0.3593438E+17  0.1293270E+17
  0.8009996E+18 -0.1003232E+19  0.2635112E+18  0.3141308E+18 -0.1650206E+18  0.2167234E+17
  0.1131530E+19 -0.4302188E+18 -0.2279898E+18 -0.1743370E+18  0.3051255E+18 -0.6811719E+17
 -0.1420360E+19  0.1178728E+19 -0.1614314E+17 -0.1811360E+18 -0.8862313E+17  0.3577478E+17
  0.3996133E+18  0.1966320E+18 -0.2924986E+18  0.2418848E+17 -0.7196280E+17  0.5352389E+17
 -0.1003234E+19 -0.4252309E+17  0.5207794E+18  0.5026361E+17 -0.3697482E+17 -0.5622091E+17
  0.6296582E+18 -0.2564495E+18 -0.1928308E+18  0.2611193E+17  0.3926843E+17  0.1476346E+17
  0.9753589E+18 -0.1197526E+19  0.3110587E+18  0.3675744E+18 -0.1909558E+18  0.2480049E+17
  0.1332551E+19 -0.4669762E+18 -0.2768930E+18 -0.2155141E+18  0.3564052E+18 -0.7803580E+17
 -0.1674804E+19  0.1354423E+19 -0.9832334E+16 -0.2002989E+18 -0.1058827E+18  0.4101745E+17
  0.4551381E+18  0.2398141E+18 -0.3342992E+18  0.3158975E+17 -0.8807179E+17  0.6138574E+17
 -0.1144072E+19 -0.7852462E+17  0.5958762E+18  0.5871906E+17 -0.3556137E+17 -0.6453158E+17
  0.7189577E+18 -0.2801288E+18 -0.2208463E+18  0.2728677E+17  0.4302438E+17  0.1695966E+17
  0.1194648E+19 -0.1437689E+19  0.3689522E+18  0.4325437E+18 -0.2220062E+18  0.2848657E+17
  0.1574134E+19 -0.5022830E+18 -0.3386544E+18 -0.2677091E+18  0.4187409E+18 -0.8983005E+17
 -0.1983812E+19  0.1562596E+19 -0.2359904E+15 -0.2219718E+18 -0.1272235E+18  0.4726786E+17
  0.5185412E+18  0.2931161E+18 -0.3832597E+18  0.4142250E+17 -0.1083228E+18  0.7081792E+17
 -0.1306990E+19 -0.1263634E+18  0.6846738E+18  0.6869117E+17 -0.3281755E+17 -0.7452766E+17
  0.8235710E+18 -0.3062903E+18 -0.2541537E+18  0.2847774E+17  0.4726054E+17  0.1960793E+17
  0.1471617E+19 -0.1735902E+19  0.4397009E+18  0.5119121E+18 -0.2593329E+18  0.3284429E+17
  0.1864912E+19 -0.5335097E+18 -0.4169496E+18 -0.3340615E+18  0.4948517E+18 -0.1039117E+18
 -0.2360462E+19  0.1810210E+19  0.1384805E+17 -0.2465481E+18 -0.1537012E+18  0.5475078E+17
  0.5908288E+18  0.3588885E+18 -0.4407226E+18  0.5450012E+17 -0.1338546E+18  0.8218812E+17
 -0.1495651E+19 -0.1893823E+18  0.7900483E+18  0.8044566E+17 -0.2826136E+17 -0.8660937E+17
  0.9465403E+18 -0.3352536E+18 -0.2939205E+18  0.2968573E+17  0.5205162E+17  0.2281712E+17
  0.1823517E+19 -0.2108372E+19  0.5265602E+18  0.6094312E+18 -0.3044076E+18  0.3801250E+17
  0.2216398E+19 -0.5572855E+18 -0.5165784E+18 -0.4185647E+18  0.5881690E+18 -0.1207862E+18
 -0.2822329E+19  0.2106624E+19  0.3400595E+17 -0.2746110E+18 -0.1866476E+18  0.6374326E+17
  0.6734816E+18  0.4400106E+18 -0.5084134E+18  0.7186881E+17 -0.1660827E+18  0.9595072E+17
 -0.1715204E+19 -0.2716220E+18  0.9157146E+18  0.9430305E+17 -0.2131529E+17 -0.1012733E+18
  0.1092058E+19 -0.3676024E+18 -0.3416598E+18  0.3093506E+17  0.5750380E+17  0.2672281E+17
  0.2273022E+19 -0.2576042E+19  0.6336021E+18  0.7298647E+18 -0.3590343E+18  0.4415395E+17
  0.2642764E+19 -0.5686008E+18 -0.6438187E+18 -0.5263874E+18  0.7030120E+18 -0.1410681E+18
 -0.3391833E+19  0.2463519E+19  0.6241759E+17 -0.3068535E+18 -0.2277737E+18  0.7458653E+17
  0.7681623E+18  0.5400212E+18 -0.5883971E+18  0.9490927E+17 -0.2068228E+18  0.1126751E+18
 -0.1971783E+19 -0.3782846E+18  0.1066275E+19  0.1106532E+18 -0.1121294E+17 -0.1191488E+18
  0.1265335E+19 -0.4040290E+18 -0.3992807E+18  0.3225223E+17  0.6374637E+17  0.3149860E+17
  0.2849656E+19 -0.3165722E+19  0.7658617E+18  0.8792111E+18 -0.4254032E+18  0.5145745E+17
  0.3161211E+19 -0.5601325E+18 -0.8068462E+18 -0.6642062E+18  0.8448115E+18 -0.1655056E+18
 -0.4097310E+19  0.2895318E+19  0.1020698E+18 -0.3440717E+18 -0.2792843E+18  0.8770280E+17
  0.8767069E+18  0.6632597E+18 -0.6831496E+18  0.1254448E+18 -0.2584134E+18  0.1330814E+18
 -0.2272636E+19 -0.5160832E+18  0.1247451E+19  0.1299657E+18  0.3072251E+16 -0.1410418E+18
  0.1472805E+19 -0.4453228E+18 -0.4692042E+18  0.3366237E+17  0.7093518E+17  0.3736961E+17
  0.3592771E+19 -0.3912400E+19  0.9296980E+18  0.1065116E+19 -0.5062040E+18  0.6014427E+17
  0.3794448E+19 -0.5223641E+18 -0.1016283E+19 -0.8404872E+18  0.1020381E+19 -0.1950117E+18
 -0.4976337E+19  0.3420885E+19  0.1569718E+18 -0.3873217E+18 -0.3440005E+18  0.1036154E+18
  0.1001861E+19  0.8151481E+18 -0.7959163E+18  0.1658079E+18 -0.3237921E+18  0.1580765E+18
 -0.2627840E+19 -0.6934046E+18  0.1466721E+19  0.1528186E+18  0.2282702E+17 -0.1679812E+18
  0.1723178E+19 -0.4926500E+18 -0.5546157E+18  0.3521169E+17  0.7928126E+17  0.4462664E+17
  0.4553795E+19 -0.4860795E+19  0.1132938E+19  0.1297123E+19 -0.6046584E+18  0.7046592E+17
  0.4571395E+19 -0.4425042E+18 -0.1285862E+19 -0.1065968E+19  0.1238225E+19 -0.2306931E+18
 -0.6077443E+19  0.4063983E+19  0.2325576E+18 -0.4378551E+18 -0.4255492E+18  0.1229720E+18
  0.1147266E+19  0.1002503E+19 -0.9308442E+18  0.2190016E+18 -0.4066948E+18  0.1888122E+18
 -0.3050466E+19 -0.9209918E+18  0.1733702E+19  0.1799134E+18  0.4973737E+17 -0.2012944E+18
  0.2027722E+19 -0.5474495E+18 -0.6596613E+18  0.3695045E+17  0.8904851E+17  0.5365047E+17
  0.5799793E+19 -0.6067775E+19  0.1385138E+19  0.1587035E+19 -0.7245696E+18  0.8270157E+17
  0.5529480E+19 -0.3037735E+18 -0.1633299E+19 -0.1354162E+19  0.1508908E+19 -0.2738837E+18
 -0.7463591E+19  0.4854570E+19  0.3362009E+18 -0.4971281E+18 -0.5285984E+18  0.1465730E+18
  0.1317941E+19  0.1234029E+19 -0.1093345E+19  0.2888651E+18 -0.5118667E+18  0.2267559E+18
 -0.3557866E+19 -0.1212644E+19  0.2060898E+19  0.2120912E+18  0.8602118E+17 -0.2427037E+18
  0.2401171E+19 -0.6114862E+18 -0.7897846E+18  0.3893052E+17  0.1005639E+18  0.6494328E+17
  0.7417949E+19 -0.7605090E+19  0.1697830E+19  0.1949238E+19 -0.8703315E+18  0.9715038E+17
  0.6718090E+19 -0.8478847E+17 -0.2081349E+19 -0.1721870E+19  0.1845444E+19 -0.3261755E+18
 -0.9216806E+19  0.5830335E+19  0.4779016E+18 -0.5667824E+18 -0.6591392E+18  0.1754008E+18
  0.1521065E+19  0.1521044E+19 -0.1290634E+19  0.3802559E+18 -0.6453080E+18  0.2737777E+18
 -0.4173615E+19 -0.1586102E+19  0.2464708E+19  0.2503351E+18  0.1346003E+18 -0.2944478E+18
  0.2862972E+19 -0.6868982E+18 -0.9521773E+18  0.4120100E+17  0.1142255E+18  0.7916962E+17
  0.9519194E+19 -0.9561039E+19  0.2084509E+19  0.2400767E+19 -0.1046836E+19  0.1141162E+18
  0.8201246E+19  0.2417629E+18 -0.2658990E+19 -0.2189789E+19  0.2263709E+19 -0.3894487E+18
 -0.1144175E+20  0.7037153E+19  0.6712096E+18 -0.6484023E+18 -0.8248454E+18  0.2106544E+18
  0.1766442E+19  0.1878352E+19 -0.1532239E+19  0.4993381E+18 -0.8146556E+18  0.3322717E+18
 -0.4928811E+19 -0.2064349E+19  0.2966457E+19  0.2957106E+18  0.1994289E+18 -0.3594543E+18
  0.3438151E+19 -0.7759470E+18 -0.1156270E+19  0.4378035E+17  0.1304778E+18  0.9721513E+17
  0.1224341E+20 -0.1204278E+20  0.2560720E+19  0.2961358E+19 -0.1259379E+19  0.1338943E+18
  0.1006321E+20  0.7099056E+18 -0.3402976E+19 -0.2783161E+19  0.2782965E+19 -0.4659195E+18
 -0.1427182E+20  0.8530249E+19  0.9344211E+18 -0.7432535E+18 -0.1035525E+19  0.2537947E+18
  0.2067809E+19  0.2325670E+19 -0.1830986E+19  0.6539218E+18 -0.1029657E+19  0.4053215E+18
 -0.5865210E+19 -0.2677230E+19  0.3594109E+19  0.3492645E+18  0.2858990E+18 -0.4415718E+18
  0.4159075E+19 -0.8808255E+18 -0.1414490E+19  0.4663619E+17  0.1497832E+18  0.1202660E+18
  0.1576493E+20 -0.1517789E+20  0.3143976E+19  0.3653178E+19 -0.1513452E+19  0.1567496E+18
  0.1241585E+20  0.1361230E+19 -0.4359646E+19 -0.3532372E+19  0.3426323E+19 -0.5581687E+18
 -0.1787604E+20  0.1037467E+20  0.1292110E+19 -0.8517924E+18 -0.1303616E+19  0.3065819E+18
  0.2444561E+19  0.2889559E+19 -0.2204259E+19  0.8538904E+18 -0.1302757E+19  0.4968948E+18
 -0.7039239E+19 -0.3463531E+19  0.4384359E+19  0.4118124E+18  0.4014120E+18 -0.5458528E+18
  0.5067463E+19 -0.1003214E+19 -0.1743165E+19  0.4965199E+17  0.1725487E+18  0.1499086E+18
  0.2029408E+20 -0.1911264E+20  0.3853154E+19  0.4499992E+19 -0.1814419E+19  0.1828956E+18
  0.1540253E+20  0.2248212E+19 -0.5586947E+19 -0.4474008E+19  0.4221360E+19 -0.6691969E+18
 -0.2246120E+20  0.1264224E+20  0.1777045E+19 -0.9725975E+18 -0.1644804E+19  0.3711264E+18
  0.2922500E+19  0.3605522E+19 -0.2675036E+19  0.1112043E+19 -0.1650111E+19  0.6121313E+18
 -0.8523650E+19 -0.4474064E+19  0.5384486E+19  0.4834907E+18  0.5564113E+18 -0.6789573E+18
  0.6214936E+19 -0.1142998E+19 -0.2163408E+19  0.5255264E+17  0.1989379E+18  0.1882697E+18
  0.2608071E+20 -0.2401105E+20  0.4708210E+19  0.5526408E+19 -0.2167293E+19  0.2124869E+18
  0.1920558E+20  0.3438114E+19 -0.7157186E+19 -0.5652231E+19  0.5200915E+19 -0.8024973E+18
 -0.2827675E+20  0.1540855E+20  0.2432508E+19 -0.1101157E+19 -0.2078708E+19  0.4499424E+18
  0.3535699E+19  0.4521016E+19 -0.3273521E+19  0.1445230E+19 -0.2092888E+19  0.7576959E+18
 -0.1041136E+20 -0.5775605E+19  0.6655059E+19  0.5631137E+18  0.7657034E+18 -0.8496466E+18
  0.7664422E+19 -0.1296783E+19 -0.2702281E+19  0.5485237E+17  0.2286065E+18  0.2381890E+18
  0.3341742E+20 -0.3005343E+20  0.5729910E+19  0.6757017E+19 -0.2576552E+19  0.2456194E+18
  0.2405240E+20  0.5020142E+19 -0.9160368E+19 -0.7120797E+19  0.6403993E+19 -0.9621262E+18
 -0.3561745E+20  0.1874748E+20  0.3314990E+19 -0.1228258E+19 -0.2629554E+19  0.5459917E+18
  0.4327967E+19  0.5698927E+19 -0.4038710E+19  0.1876041E+19 -0.2659022E+19  0.9421964E+18
 -0.1281794E+20 -0.7456125E+19  0.8272537E+19  0.6471924E+18  0.1050302E+19 -0.1069364E+19
  0.9490579E+19 -0.1455655E+19 -0.3393916E+19  0.5581674E+17  0.2602777E+18  0.3034236E+18
  0.4263977E+20 -0.3743376E+20  0.6939616E+19  0.8215841E+19 -0.3046169E+19  0.2823553E+18
  0.3021279E+20  0.7119846E+19 -0.1170836E+20 -0.8946689E+19  0.7877193E+19 -0.1152832E+19
 -0.4481866E+20  0.2272114E+20  0.4497238E+19 -0.1337854E+19 -0.3326976E+19  0.6627461E+18
  0.5351887E+19  0.7220875E+19 -0.5019050E+19  0.2435638E+19 -0.3385903E+19  0.1176728E+19
 -0.1587833E+20 -0.9631904E+19  0.1033080E+20  0.7284321E+18  0.1440190E+19 -0.1352967E+19
  0.1177722E+20 -0.1601785E+19 -0.4280265E+19  0.5446348E+17  0.2910730E+18  0.3889004E+18
  0.5413108E+20 -0.4636211E+20  0.8359886E+19  0.9927039E+19 -0.3580031E+19  0.3227706E+18
  0.3799061E+20  0.9920523E+19 -0.1494031E+20 -0.1121541E+20  0.9676638E+19 -0.1380203E+19
 -0.5625014E+20  0.2736954E+20  0.6071622E+19 -0.1405064E+19 -0.4206839E+19  0.8042500E+18
  0.6665700E+19  0.9190270E+19 -0.6272185E+19  0.3167749E+19 -0.4323858E+19  0.1475475E+19
 -0.1973891E+20 -0.1245606E+20  0.1294163E+20  0.7937095E+18  0.1977838E+19 -0.1719531E+19
  0.1461304E+20 -0.1704733E+19 -0.5411458E+19  0.4971786E+17  0.3156460E+18  0.5009889E+18
  0.6833748E+20 -0.5707524E+20  0.1001595E+20  0.1191727E+20 -0.4182645E+19  0.3669995E+18
  0.4770902E+20  0.1369298E+20 -0.1902967E+20 -0.1403807E+20  0.1187029E+20 -0.1650768E+19
 -0.7031111E+20  0.3270143E+20  0.8154062E+19 -0.1394620E+19 -0.5312107E+19  0.9751528E+18
  0.8326873E+19  0.1173437E+20 -0.7863107E+19  0.4134071E+19 -0.5540413E+19  0.1856292E+19
 -0.2454344E+20 -0.1612776E+20  0.1623319E+20  0.8214035E+18  0.2722456E+19 -0.2193124E+19
  0.1808543E+20 -0.1718035E+19 -0.6845488E+19  0.4080141E+17  0.3251453E+18  0.6477686E+18
  0.8579319E+20 -0.6985709E+20  0.1193778E+20  0.1422028E+20 -0.4860169E+19  0.4152738E+18
  0.5968137E+20  0.1883706E+20 -0.2419340E+20 -0.1756127E+20  0.1454123E+20 -0.1972090E+19
 -0.8742383E+20  0.3868702E+20  0.1088903E+20 -0.1259886E+19 -0.6694166E+19  0.1180749E+19
  0.1037922E+20  0.1500321E+20 -0.9859205E+19  0.5421799E+19 -0.7125761E+19  0.2341311E+19
 -0.3040786E+20 -0.2090098E+20  0.2034519E+20  0.7779449E+18  0.3755187E+19 -0.2803625E+19
  0.2227137E+20 -0.1576705E+19 -0.8646968E+19  0.2790579E+17  0.3060818E+18  0.8393070E+18
  0.1071653E+21 -0.8507269E+20  0.1416224E+20  0.1688365E+20 -0.5621318E+19  0.4678968E+18
  0.7417413E+20  0.2593254E+20 -0.3070394E+20 -0.2197918E+20  0.1779141E+20 -0.2352667E+19
 -0.1080352E+21  0.4525700E+20  0.1445657E+20 -0.9428309E+18 -0.8414662E+19  0.1426937E+19
  0.1283485E+20  0.1916346E+20 -0.1232199E+20  0.7153143E+19 -0.9198857E+19  0.2957405E+19
 -0.3738813E+20 -0.2708969E+20  0.2542060E+20  0.6136901E+18  0.5184680E+19 -0.3587444E+19
  0.2722806E+20 -0.1197317E+19 -0.1088524E+20  0.1316259E+17  0.2393318E+18  0.1087926E+19
  0.1333235E+21 -0.1032145E+21  0.1673387E+20  0.1997630E+20 -0.6477398E+19  0.5250807E+18
  0.9136984E+20  0.3579690E+20 -0.3890430E+20 -0.2754663E+20  0.2174481E+20 -0.2801354E+19
 -0.1326351E+21  0.5230916E+20  0.1908295E+20 -0.3748387E+18 -0.1054789E+20  0.1719951E+19
  0.1565450E+20  0.2438543E+20 -0.1529588E+20  0.9496460E+19 -0.1191340E+20  0.3736371E+19
 -0.4544903E+20 -0.3506676E+20  0.3159517E+20  0.2584447E+18  0.7152378E+19 -0.4588049E+19
  0.3298755E+20 -0.4816836E+18 -0.1363258E+20  0.1758384E+16  0.9953136E+17  0.1408466E+19
  0.1654302E+21 -0.1249560E+21  0.1970246E+20  0.2359606E+20 -0.7441023E+19  0.5866321E+18
  0.1113294E+21  0.4955197E+20 -0.4922740E+20 -0.3459370E+20  0.2655006E+20 -0.3326235E+19
 -0.1617906E+21  0.5972033E+20  0.2505688E+20  0.5223589E+18 -0.1318425E+20  0.2065841E+19
  0.1873032E+20  0.3082123E+20 -0.1879501E+20  0.1267928E+20 -0.1546384E+20  0.4714981E+19
 -0.5444005E+20 -0.4525665E+20  0.3898715E+20 -0.3829099E+18  0.9837704E+19 -0.5856713E+19
  0.3955778E+20  0.6763403E+18 -0.1696407E+20  0.2890937E+16 -0.1450218E+18  0.1818729E+19
  0.2050477E+21 -0.1512008E+21  0.2311463E+20  0.2787362E+20 -0.8522289E+19  0.6514171E+18
  0.1339697E+21  0.6869362E+20 -0.6221810E+20 -0.4353859E+20  0.3237957E+20 -0.3932473E+19
 -0.1962048E+21  0.6735992E+20  0.3275288E+20  0.1836170E+19 -0.1643396E+20  0.2469409E+19
  0.2188257E+20  0.3857686E+20 -0.2279215E+20  0.1700182E+20 -0.2009018E+20  0.5934885E+19
 -0.6409609E+20 -0.5812452E+20  0.4769257E+20 -0.1434048E+19  0.1346297E+20 -0.7453662E+19
  0.4693585E+20  0.2382695E+19 -0.2096119E+20  0.3023933E+17 -0.5320465E+18  0.2340276E+19
  0.2542185E+21 -0.1830982E+21  0.2699534E+20  0.3296861E+20 -0.9721550E+19  0.7166553E+18
  0.1590469E+21  0.9515173E+20 -0.7854941E+20 -0.5489218E+20  0.3942134E+20 -0.4618923E+19
 -0.2367729E+21  0.7509458E+20  0.4265893E+20  0.3663126E+19 -0.2042960E+20  0.2932440E+19
  0.2487616E+20  0.4768170E+20 -0.2721305E+20  0.2284863E+20 -0.2608048E+20  0.7442366E+19
 -0.7406619E+20 -0.7416562E+20  0.5778891E+20 -0.3049520E+19  0.1829829E+20 -0.9449950E+19
  0.5513110E+20  0.4736961E+19 -0.2572008E+20  0.1017520E+18 -0.1104957E+19  0.2999770E+19
  0.3155203E+21 -0.2220173E+21  0.3132054E+20  0.3905588E+20 -0.1101942E+20  0.7772687E+18
  0.1861967E+21  0.1313228E+21 -0.9903370E+20 -0.6925084E+20  0.4786357E+20 -0.5374042E+19
 -0.2846635E+21  0.8278802E+20  0.5541012E+20  0.6109260E+19 -0.2532752E+20  0.3451434E+19
  0.2746987E+20  0.5807779E+20 -0.3194800E+20  0.3069754E+20 -0.3377281E+20  0.9289041E+19
 -0.8399363E+20 -0.9391477E+20  0.6936147E+20 -0.5416231E+19  0.2466972E+20 -0.1193162E+20
  0.6420608E+20  0.7833096E+19 -0.3136910E+20  0.2389080E+18 -0.1913504E+19  0.3831492E+19
  0.3920101E+21 -0.2694367E+21  0.3598194E+20  0.4629737E+20 -0.1236557E+20  0.8256802E+18
  0.2150318E+21  0.1800372E+21 -0.1246159E+21 -0.8726744E+20  0.5787118E+20 -0.6172058E+19
 -0.3413825E+21  0.9028600E+20  0.7182046E+20  0.9290403E+19 -0.3130682E+20  0.4015184E+19
  0.2948819E+20  0.6964631E+20 -0.3688486E+20  0.4112332E+20 -0.4355802E+20  0.1153422E+20
 -0.9363037E+20 -0.1179843E+21  0.8255322E+20 -0.8755893E+19  0.3297347E+20 -0.1500699E+20
  0.7432336E+20  0.1177115E+20 -0.3809449E+20  0.4660718E+18 -0.3016657E+19  0.4881339E+19
  0.4870238E+21 -0.3267403E+21  0.4075525E+20  0.5480186E+20 -0.1367118E+20  0.8526226E+18
  0.2453451E+21  0.2444240E+21 -0.1563503E+21 -0.1095982E+21  0.6956108E+20 -0.6971391E+19
 -0.4088182E+21  0.9739150E+20  0.9290769E+20  0.1333226E+20 -0.3856642E+20  0.4603072E+19
  0.3089902E+20  0.8229592E+20 -0.4196753E+20  0.5479638E+20 -0.5588779E+20  0.1425023E+20
 -0.1029740E+21 -0.1471406E+21  0.9764074E+20 -0.1333160E+20  0.4370017E+20 -0.1881830E+20
  0.8579267E+20  0.1668135E+20 -0.4617367E+20  0.8108723E+18 -0.4488958E+19  0.6212675E+19
  0.6038720E+21 -0.3949903E+21  0.4529602E+20  0.6459040E+20 -0.1481398E+20  0.8494059E+18
  0.2774289E+21  0.3277187E+21 -0.1953919E+21 -0.1368537E+21  0.8299931E+20 -0.7718338E+19
 -0.4892841E+21  0.1038372E+21  0.1199176E+21  0.1837429E+20 -0.4732737E+20  0.5185694E+19
  0.3186388E+20  0.9612176E+20 -0.4727325E+20  0.7249113E+20 -0.7130313E+20  0.1753365E+20
 -0.1123927E+21 -0.1824295E+21  0.1151342E+21 -0.1946566E+20  0.5747952E+20 -0.2356055E+20
  0.9910998E+20  0.2276069E+20 -0.5601546E+20  0.1306753E+19 -0.6431998E+19  0.7914773E+19
  0.7455384E+21 -0.4747883E+21  0.4918226E+20  0.7559100E+20 -0.1566060E+20  0.8111234E+18
  0.3124047E+21  0.4331354E+21 -0.2430394E+21 -0.1695939E+21  0.9823756E+20 -0.8356394E+19
 -0.5855456E+21  0.1092503E+21  0.1543542E+21  0.2458170E+20 -0.5784570E+20  0.5728335E+19
  0.3272691E+20  0.1115907E+21 -0.5307964E+20  0.9512411E+20 -0.9049420E+20  0.2152241E+20
 -0.1226813E+21 -0.2253308E+21  0.1358744E+21 -0.2757542E+20  0.7515069E+20 -0.2950736E+20
  0.1149718E+21  0.3031605E+20 -0.6819942E+20  0.1998452E+19 -0.8991493E+19  0.1011369E+20
  0.9145855E+21 -0.5663817E+21  0.5200144E+20  0.8768679E+20 -0.1610165E+20  0.7391736E+18
  0.3523208E+21  0.5640113E+21 -0.3008498E+21 -0.2084187E+21  0.1153917E+21 -0.8837597E+19
 -0.7007981E+21  0.1131060E+21  0.1980256E+21  0.3216772E+20 -0.7043868E+20  0.6196051E+19
  0.3393066E+20  0.1296480E+21 -0.5987660E+20  0.1238452E+21 -0.1143933E+21  0.2641569E+20
 -0.1349823E+21 -0.2778917E+21  0.1610796E+21 -0.3822899E+20  0.9785697E+20 -0.3704015E+20
  0.1342460E+21  0.3980192E+20 -0.8350117E+20  0.2950166E+19 -0.1237841E+20  0.1298445E+20
  0.1113568E+22 -0.6701391E+21  0.5343888E+20  0.1008215E+21 -0.1607961E+20  0.6411179E+18
  0.3997878E+21  0.7244319E+21 -0.3708256E+21 -0.2541759E+21  0.1347355E+21 -0.9127922E+19
 -0.8386423E+21  0.1146793E+21  0.2531297E+21  0.4142327E+20 -0.8552411E+20  0.6556539E+19
  0.3588246E+20  0.1516348E+21 -0.6828794E+20  0.1601975E+21 -0.1442882E+21  0.3248972E+20
 -0.1505426E+21 -0.3427993E+21  0.1922998E+21 -0.5221506E+20  0.1271563E+21 -0.4667439E+20
  0.1578980E+21  0.5183895E+20 -0.1028950E+21  0.4254766E+19 -0.1689054E+20  0.1676299E+20
  0.1345851E+22 -0.7871898E+21  0.5328148E+20  0.1151071E+21 -0.1558220E+20  0.5273459E+18
  0.4570420E+21  0.9201707E+21 -0.4555420E+21 -0.3081941E+21  0.1567297E+21 -0.9196410E+19
 -0.1002980E+22  0.1130081E+21  0.3223543E+21  0.5273293E+20 -0.1036482E+21  0.6773912E+19
  0.3880211E+20  0.1789373E+21 -0.7888568E+20  0.2062940E+21 -0.1818921E+21  0.4009415E+20
 -0.1703027E+21 -0.4232952E+21  0.2312206E+21 -0.7059504E+20  0.1651008E+21 -0.5906528E+20
  0.1868648E+21  0.6718845E+20 -0.1275133E+21  0.6039511E+19 -0.2292412E+20  0.2175322E+20
  0.1616463E+22 -0.9198383E+21  0.5128038E+20  0.1308571E+21 -0.1459039E+20  0.4067024E+18
  0.5247263E+21  0.1159477E+22 -0.5580609E+21 -0.3723747E+21  0.1819083E+21 -0.8983934E+19
 -0.1197807E+22  0.1068972E+21  0.4089401E+21  0.6655111E+20 -0.1254684E+21  0.6787940E+19
  0.4258337E+20  0.2124230E+21 -0.9192808E+20  0.2649128E+21 -0.2292871E+21  0.4961310E+20
 -0.1944123E+21 -0.5228679E+21  0.2793042E+21 -0.9469088E+20  0.2142196E+21 -0.7497178E+20
  0.2218951E+21  0.8666235E+20 -0.1585526E+21  0.8461616E+19 -0.3096180E+20  0.2832300E+20
  0.1932567E+22 -0.1071455E+22  0.4690767E+20  0.1485091E+21 -0.1300329E+20  0.2846382E+18
  0.6010150E+21  0.1453203E+22 -0.6815775E+21 -0.4490280E+21  0.2106204E+21 -0.8360215E+19
 -0.1427045E+22  0.9501785E+20  0.5166741E+21  0.8332214E+20 -0.1516761E+21  0.6480593E+19
  0.4672788E+20  0.2518749E+21 -0.1071171E+21  0.3394171E+21 -0.2886940E+21  0.6138776E+20
 -0.2219007E+21 -0.6447881E+21  0.3373722E+21 -0.1259652E+21  0.2773575E+21 -0.9517198E+20
  0.2634396E+21  0.1109748E+21 -0.1971554E+21  0.1168712E+20 -0.4152619E+20  0.3688726E+20
  0.2303051E+22 -0.1245712E+22  0.3913558E+20  0.1684504E+21 -0.1058415E+20  0.1662570E+18
  0.6817861E+21  0.1813874E+22 -0.8288642E+21 -0.5404266E+21  0.2427097E+21 -0.7091632E+19
 -0.1694552E+22  0.7612734E+20  0.6497841E+21  0.1033548E+21 -0.1828738E+21  0.5643195E+19
  0.5045831E+20  0.2957788E+21 -0.1235443E+21  0.4334524E+21 -0.3620987E+21  0.7562276E+20
 -0.2508241E+21 -0.7917129E+21  0.4053751E+21 -0.1657927E+21  0.3573917E+21 -0.1203542E+21
  0.3117066E+21  0.1405943E+21 -0.2443476E+21  0.1585366E+20 -0.5510614E+20  0.4788619E+20
  0.2737530E+22 -0.1445691E+22  0.2640256E+20  0.1908676E+21 -0.6971604E+19  0.6366096E+17
  0.7620565E+21  0.2254187E+22 -0.1001877E+22 -0.6483512E+21  0.2773572E+21 -0.4849108E+19
 -0.2004572E+22  0.4938832E+20  0.8128612E+21  0.1267229E+21 -0.2195031E+21  0.3966503E+19
  0.5303413E+20  0.3417606E+21 -0.1399597E+21  0.5505901E+21 -0.4509615E+21  0.9234013E+20
 -0.2790101E+21 -0.9657916E+21  0.4826458E+21 -0.2152302E+21  0.4570225E+21 -0.1510659E+21
  0.3669648E+21  0.1757119E+21 -0.3011504E+21  0.2103381E+20 -0.7209915E+20  0.6178492E+20
  0.3245641E+22 -0.1673661E+22  0.6810400E+19  0.2157618E+21 -0.1755940E+19  0.3572603E+16
  0.8380886E+21  0.2786163E+22 -0.1202033E+22 -0.7740764E+21  0.3132992E+21 -0.1262048E+19
 -0.2362843E+22  0.1464239E+20  0.1011103E+22  0.1533004E+21 -0.2619578E+21  0.1063410E+19
  0.5410276E+20  0.3876200E+21 -0.1553078E+21  0.6942775E+21 -0.5563526E+21  0.1114569E+21
 -0.3050663E+21 -0.1169592E+22  0.5687263E+21 -0.2749935E+21  0.5789682E+21 -0.1878288E+21
  0.4300403E+21  0.2164266E+21 -0.3689463E+21  0.2723027E+20 -0.9283987E+20  0.7913291E+20
  0.3837329E+22 -0.1931800E+22 -0.2160050E+20  0.2431282E+21  0.5437095E+19  0.3039754E+17
  0.9091699E+21  0.3422035E+22 -0.1431347E+22 -0.9189697E+21  0.3493670E+21  0.4021356E+19
 -0.2778114E+22 -0.2766209E+20  0.1251088E+22  0.1829806E+21 -0.3108992E+21 -0.3499209E+19
  0.5385190E+20  0.4324979E+21 -0.1692598E+21  0.8683744E+21 -0.6796837E+21  0.1329985E+21
 -0.3291063E+21 -0.1407684E+22  0.6644830E+21 -0.3458127E+21  0.7267663E+21 -0.2314589E+21
  0.5028185E+21  0.2631438E+21 -0.4500453E+21  0.3442825E+20 -0.1177628E+21  0.1007027E+21
  0.4523917E+22 -0.2223315E+22 -0.6074405E+20  0.2731663E+21  0.1492657E+20  0.2039073E+18
  0.9778304E+21  0.4176542E+22 -0.1693803E+22 -0.1085341E+22  0.3849503E+21  0.1132754E+20
 -0.3263177E+22 -0.7696005E+20  0.1541803E+22  0.2159507E+21 -0.3675821E+21 -0.1020405E+20
  0.5283873E+20  0.4773412E+21 -0.1823456E+21  0.1078066E+22 -0.8236484E+21  0.1573180E+21
 -0.3526626E+21 -0.1687941E+22  0.7727768E+21 -0.4290064E+21  0.9058390E+21 -0.2834298E+21
  0.5884459E+21  0.3169526E+21 -0.5481628E+21  0.4267978E+20 -0.1476275E+21  0.1276593E+21
  0.5319348E+22 -0.2553139E+22 -0.1126700E+21  0.3063589E+21  0.2703922E+20  0.5966201E+18
  0.1048294E+22  0.5069206E+22 -0.1995916E+22 -0.1276914E+22  0.4199776E+21  0.2102033E+20
 -0.3834755E+22 -0.1331365E+21  0.1895319E+22  0.2528072E+21 -0.4339474E+21 -0.1964242E+20
  0.5164728E+20  0.5242881E+21 -0.1955755E+21  0.1330554E+22 -0.9926746E+21  0.1851490E+21
 -0.3778610E+21 -0.2021694E+22  0.8981883E+21 -0.5268541E+21  0.1124136E+22 -0.3460243E+21
  0.6911253E+21  0.3797104E+21 -0.6685353E+21  0.5215408E+20 -0.1836497E+21  0.1616709E+21
  0.6240371E+22 -0.2927428E+22 -0.1798644E+21  0.3433224E+21  0.4218822E+20  0.1296045E+19
  0.1124315E+22  0.6124410E+22 -0.2345737E+22 -0.1498370E+22  0.4543437E+21  0.3357174E+20
 -0.4512110E+22 -0.1966493E+21  0.2326468E+22  0.2943650E+21 -0.5123480E+21 -0.3259046E+20
  0.5064136E+20  0.5754675E+21 -0.2098536E+21  0.1634844E+22 -0.1192345E+22  0.2174040E+21
 -0.4064687E+21 -0.2422526E+22  0.1045906E+22 -0.6423522E+21  0.1391738E+22 -0.4220988E+21
  0.8156220E+21  0.4537113E+21 -0.8175698E+21  0.6309721E+20 -0.2273974E+21  0.2048805E+21
  0.7306007E+22 -0.3352462E+22 -0.2653790E+21  0.3845807E+21  0.6088641E+20  0.2409867E+19
  0.1207358E+22  0.7369459E+22 -0.2750678E+22 -0.1754343E+22  0.4871895E+21  0.4955876E+20
 -0.5315082E+22 -0.2679249E+21  0.2851545E+22  0.3412510E+21 -0.6050748E+21 -0.5003575E+20
  0.4988067E+20  0.6318105E+21 -0.2254706E+21  0.2000698E+22 -0.1427955E+22  0.2547931E+21
 -0.4391734E+21 -0.2904280E+22  0.1220217E+22 -0.7783427E+21  0.1719462E+22 -0.5144909E+21
  0.9666735E+21  0.5410284E+21 -0.1002129E+22  0.7570077E+20 -0.2804361E+21  0.2597214E+21
  0.8537007E+22 -0.3834283E+22 -0.3727399E+21  0.4305294E+21  0.8370559E+20  0.4068610E+19
  0.1295154E+22  0.8832696E+22 -0.3215574E+22 -0.2048860E+22  0.5165922E+21  0.6958140E+20
 -0.6262588E+22 -0.3462673E+21  0.3486919E+22  0.3935890E+21 -0.7140875E+21 -0.7313767E+20
  0.4912211E+20  0.6920690E+21 -0.2417735E+21  0.2437596E+22 -0.1703143E+22  0.2974954E+21
 -0.4750503E+21 -0.3479379E+22  0.1423202E+22 -0.9365315E+21  0.2117365E+22 -0.6254005E+21
  0.1148529E+22  0.6428543E+21 -0.1228822E+22  0.8995453E+20 -0.3438980E+21  0.3286822E+21
  0.9957749E+22 -0.4380111E+22 -0.5060104E+21  0.4816695E+21  0.1112893E+21  0.6428325E+19
  0.1382119E+22  0.1054550E+23 -0.3743467E+22 -0.2386177E+22  0.5399333E+21  0.9422130E+20
 -0.7374673E+22 -0.4293392E+21  0.4249933E+22  0.4511493E+21 -0.8413792E+21 -0.1032210E+21
  0.4795893E+20  0.7529444E+21 -0.2573564E+21  0.2955264E+22 -0.2020219E+22  0.3452554E+21
 -0.5117961E+21 -0.4159899E+22  0.1655134E+22 -0.1117491E+22  0.2595141E+22 -0.7564657E+21
  0.1365414E+22  0.7595878E+21 -0.1504358E+22  0.1056408E+21 -0.4184415E+21  0.4143602E+21
  0.1159742E+23 -0.4998979E+22 -0.6699987E+21  0.5386928E+21  0.1443989E+21  0.9676679E+19
  0.1462556E+22  0.1254481E+23 -0.4338269E+22 -0.2771606E+22  0.5544130E+21  0.1240935E+21
 -0.8676472E+22 -0.5138492E+21  0.5161474E+22  0.5137618E+21 -0.9895334E+21 -0.1418531E+21
  0.4611089E+20  0.8108913E+21 -0.2708865E+21  0.3565019E+22 -0.2381862E+22  0.3978427E+21
 -0.5470967E+21 -0.4960846E+22  0.1916663E+22 -0.1321667E+22  0.3164260E+22 -0.9095602E+21
  0.1622799E+22  0.8917100E+21 -0.1836996E+22  0.1224962E+21 -0.5047043E+21  0.5198661E+21
  0.1348968E+23 -0.5700825E+22 -0.8701907E+21  0.6023011E+21  0.1838740E+21  0.1403354E+20
  0.1535450E+22  0.1487402E+23 -0.5007396E+22 -0.3211483E+22  0.5574036E+21  0.1599109E+21
 -0.1020163E+23 -0.5970764E+21  0.6248371E+22  0.5816566E+21 -0.1161987E+22 -0.1909216E+21
  0.4369278E+20  0.8649751E+21 -0.2821625E+21  0.4280925E+22 -0.2792950E+22  0.4555424E+21
 -0.5805951E+21 -0.5903611E+22  0.2211586E+22 -0.1550703E+22  0.3840427E+22 -0.1087767E+22
  0.1928755E+22  0.1040875E+22 -0.2238258E+22  0.1404300E+21 -0.6039507E+21  0.6493565E+21
  0.1567148E+23 -0.6495490E+22 -0.1112350E+22  0.6730600E+21  0.2305226E+21  0.1973845E+20
  0.1605916E+22  0.1758252E+23 -0.5762257E+22 -0.3712759E+22  0.5465456E+21  0.2024777E+21
 -0.1199201E+23 -0.6778415E+21  0.7543636E+22  0.6555091E+21 -0.1362882E+22 -0.2526168E+21
  0.4114107E+20  0.9179259E+21 -0.2923200E+21  0.5120115E+22 -0.3261073E+22  0.5192559E+21
 -0.6144334E+21 -0.7016582E+22  0.2547576E+22 -0.1807972E+22  0.4644366E+22 -0.1295676E+22
  0.2294109E+22  0.1210205E+22 -0.2723408E+22  0.1596040E+21 -0.7183358E+21  0.8082604E+21
  0.1818444E+23 -0.7393489E+22 -0.1402451E+22  0.7515174E+21  0.2851067E+21  0.2704057E+20
  0.1679976E+22  0.2072685E+23 -0.6615730E+22 -0.4283026E+22  0.5193171E+21  0.2526167E+21
 -0.1409420E+23 -0.7556974E+21  0.9084464E+22  0.7361051E+21 -0.1596677E+22 -0.3293555E+21
  0.3880132E+20  0.9732053E+21 -0.3026059E+21  0.6102425E+22 -0.3794944E+22  0.5899950E+21
 -0.6510491E+21 -0.8331988E+22  0.2933249E+22 -0.2097594E+22  0.5599977E+22 -0.1538442E+22
  0.2730995E+22  0.1403236E+22 -0.3309920E+22  0.1802522E+21 -0.8503493E+21  0.1002892E+22
  0.2107583E+23 -0.8406724E+22 -0.1746917E+22  0.8383182E+21  0.3484049E+21  0.3619926E+20
  0.1757627E+22  0.2437038E+23 -0.7578016E+22 -0.4930339E+22  0.4723072E+21  0.3110414E+21
 -0.1655489E+23 -0.8289176E+21  0.1090899E+23  0.8238114E+21 -0.1867666E+22 -0.4236738E+21
  0.3664451E+20  0.1030806E+22 -0.3129485E+21  0.7249110E+22 -0.4401602E+22  0.6681544E+21
 -0.6903011E+21 -0.9881280E+22  0.3373898E+22 -0.2422511E+22  0.6730947E+22 -0.1820205E+22
  0.3250934E+22  0.1622286E+22 -0.4015003E+22  0.2023889E+21 -0.1001786E+22  0.1239663E+22
  0.2440080E+23 -0.9548887E+22 -0.2152875E+22  0.9342033E+21  0.4212476E+21  0.4748686E+20
  0.1834576E+22  0.2858565E+23 -0.8657735E+22 -0.5663519E+22  0.4013145E+21  0.3783642E+21
 -0.1942410E+23 -0.8945429E+21  0.1305786E+23  0.9186992E+21 -0.2180204E+22 -0.5382437E+21
  0.3448317E+20  0.1088101E+22 -0.3224237E+21  0.8583637E+22 -0.5086968E+22  0.7536795E+21
 -0.7302009E+21 -0.1169709E+23  0.3872419E+22 -0.2784764E+22  0.8061664E+22 -0.2144300E+22
  0.3865606E+22  0.1868794E+22 -0.4856250E+22  0.2258631E+21 -0.1173856E+22  0.1525192E+22
  0.2822207E+23 -0.1083448E+23 -0.2627985E+22  0.1039842E+22  0.5044429E+21  0.6117823E+20
  0.1910560E+22  0.3345621E+23 -0.9867132E+22 -0.6492329E+22  0.3021620E+21  0.4552626E+21
 -0.2276163E+23 -0.9510140E+21  0.1557886E+23  0.1021199E+22 -0.2539248E+22 -0.6759953E+21
  0.3233498E+20  0.1144862E+22 -0.3309785E+21  0.1013384E+23 -0.5859363E+22  0.8469680E+21
 -0.7704514E+21 -0.1381950E+23  0.4434594E+22 -0.3187967E+22  0.9621896E+22 -0.2515236E+22
  0.4589420E+22  0.2145388E+22 -0.5854962E+22  0.2507228E+21 -0.1368492E+22  0.1867370E+22
  0.3261037E+23 -0.1227849E+23 -0.3180233E+22  0.1155778E+22  0.5987124E+21  0.7753580E+20
  0.1991691E+22  0.3907877E+23 -0.1122408E+23 -0.7427581E+22  0.1709618E+21  0.5425627E+21
 -0.2663898E+23 -0.9997071E+21  0.1852883E+23  0.1132345E+22 -0.2950421E+22 -0.8401479E+21
  0.3041082E+20  0.1204826E+22 -0.3397918E+21  0.1193330E+23 -0.6730992E+22  0.9491561E+21
 -0.8134931E+21 -0.1629830E+23  0.5070897E+22 -0.3638496E+22  0.1144896E+23 -0.2939500E+22
  0.5440260E+22  0.2456696E+22 -0.7037436E+22  0.2773469E+21 -0.1588972E+22  0.2275879E+22
  0.3764671E+23 -0.1389724E+23 -0.3817938E+22  0.1282537E+22  0.7046936E+21  0.9679895E+20
  0.2083860E+22  0.4556502E+23 -0.1274802E+23 -0.8481129E+22  0.3464605E+19  0.6410613E+21
 -0.3113506E+23 -0.1043210E+22  0.2197056E+23  0.1253250E+22 -0.3419501E+22 -0.1034015E+22
  0.2883700E+20  0.1271726E+22 -0.3498962E+21  0.1402094E+23 -0.7715301E+22  0.1061374E+22
 -0.8617101E+21 -0.1918885E+23  0.5792191E+22 -0.4143730E+22  0.1358467E+23 -0.3423939E+22
  0.6437427E+22  0.2807753E+22 -0.8432336E+22  0.3061579E+21 -0.1838927E+22  0.2761363E+22
  0.4342208E+23 -0.1570780E+23 -0.4549537E+22  0.1420562E+22  0.8228905E+21  0.1191691E+21
  0.2188747E+22  0.5303997E+23 -0.1445606E+23 -0.9665129E+22 -0.2053854E+21  0.7513082E+21
 -0.3633219E+23 -0.1083681E+22  0.2596923E+23  0.1384624E+22 -0.3951842E+22 -0.1260748E+22
  0.2758167E+20  0.1346753E+22 -0.3614486E+21  0.1643974E+23 -0.8824370E+22  0.1184166E+22
 -0.9156859E+21 -0.2254840E+23  0.6606415E+22 -0.4710307E+22  0.1607209E+23 -0.3974227E+22
  0.7599980E+22  0.3202639E+22 -0.1006822E+23  0.3373988E+21 -0.2121378E+22  0.3334516E+22
  0.5004090E+23 -0.1772851E+23 -0.5383911E+22  0.1570215E+22  0.9537069E+21  0.1448140E+21
  0.2308390E+22  0.6164731E+23 -0.1636681E+23 -0.1099265E+23 -0.4610985E+21  0.8737742E+21
 -0.4232304E+23 -0.1124233E+22  0.3059731E+23  0.1527186E+22 -0.4552918E+22 -0.1523506E+22
  0.2662154E+20  0.1431329E+22 -0.3746368E+21  0.1923914E+23 -0.1007133E+23  0.1318037E+22
 -0.9761823E+21 -0.2644147E+23  0.7521972E+22 -0.5345707E+22  0.1895948E+23 -0.4596241E+22
  0.8948879E+22  0.3645832E+22 -0.1197632E+23  0.3713340E+21 -0.2439615E+22  0.4006986E+22
  0.5762210E+23 -0.1997816E+23 -0.6330381E+22  0.1731656E+22  0.1097403E+22  0.1738644E+21
  0.2450283E+22  0.7155266E+23 -0.1850407E+23 -0.1247765E+23 -0.7692907E+21  0.1009038E+22
 -0.4921586E+23 -0.1171254E+22  0.3593903E+23  0.1682075E+22 -0.5228566E+22 -0.1825636E+22
  0.2604853E+20  0.1530359E+22 -0.3905655E+21  0.2247727E+23 -0.1147292E+23  0.1464011E+22
 -0.1046411E+22 -0.3094477E+23  0.8551458E+22 -0.6060190E+22  0.2230440E+23 -0.5297624E+22
  0.1050899E+23  0.4143764E+22 -0.1419350E+23  0.4084783E+21 -0.2798295E+22  0.4792454E+22
  0.6630106E+23 -0.2247629E+23 -0.7398652E+22  0.1904885E+22  0.1254084E+22  0.2064072E+21
  0.2626176E+22  0.8294715E+23 -0.2089644E+23 -0.1413514E+23 -0.1135802E+22  0.1157759E+22
 -0.5713461E+23 -0.1234544E+22  0.4209095E+23  0.1850783E+22 -0.5984906E+22 -0.2170632E+22
  0.2600563E+20  0.1651579E+22 -0.4109505E+21  0.2622234E+23 -0.1304943E+23  0.1623498E+22
 -0.1131547E+22 -0.3614770E+23  0.9711038E+22 -0.6866837E+22  0.2617443E+23 -0.6087650E+22
  0.1230887E+23  0.4704680E+22 -0.1676227E+23  0.4495543E+21 -0.3203427E+22  0.5706732E+22
  0.7623144E+23 -0.2524303E+23 -0.8598568E+22  0.2089723E+22  0.1423651E+22  0.2424701E+21
  0.2848962E+22  0.9605018E+23 -0.2357472E+23 -0.1598097E+23 -0.1566994E+22  0.1320500E+22
 -0.6621699E+23 -0.1326498E+22  0.4916027E+23  0.2034824E+22 -0.6827946E+22 -0.2561913E+22
  0.2661823E+20  0.1803633E+22 -0.4375211E+21  0.3055325E+23 -0.1482307E+23  0.1797872E+22
 -0.1237348E+22 -0.4215059E+23  0.1101792E+23 -0.7780566E+22  0.3064574E+23 -0.6976133E+22
  0.1437953E+23  0.5337709E+22 -0.1972912E+23  0.4953419E+21 -0.3661743E+22  0.6767226E+22
  0.8759020E+23 -0.2829980E+23 -0.9940326E+22  0.2285868E+22  0.1605826E+22  0.2820238E+21
  0.3132376E+22  0.1111165E+24 -0.2657223E+23 -0.1803224E+23 -0.2069896E+22  0.1497712E+22
 -0.7661780E+23 -0.1462060E+22  0.5726743E+23  0.2235709E+22 -0.7763733E+22 -0.3002852E+22
  0.2800478E+20  0.1995906E+22 -0.4719562E+21  0.3556215E+23 -0.1681820E+23  0.1988434E+22
 -0.1369992E+22 -0.4906725E+23  0.1249028E+23 -0.8818276E+22  0.3580500E+23 -0.7973457E+22
  0.1675498E+23  0.6052874E+22 -0.2314531E+23  0.5466626E+21 -0.4180717E+22  0.7993229E+22
  0.1005759E+24 -0.3166752E+23 -0.1143397E+23  0.2492725E+22  0.1800062E+22  0.3249679E+21
  0.3492429E+22  0.1284356E+24 -0.2992444E+23 -0.2030631E+23 -0.2652078E+22  0.1689696E+22
 -0.8850861E+23 -0.1659406E+22  0.6654614E+23  0.2454885E+22 -0.8798013E+22 -0.3496672E+22
  0.3031805E+20  0.2239466E+22 -0.5161060E+21  0.4135496E+23 -0.1906128E+23  0.2196426E+22
 -0.1536700E+22 -0.5702551E+23  0.1414771E+23 -0.9999028E+22  0.4174997E+23 -0.9090610E+22
  0.1947229E+23  0.6861238E+22 -0.2706720E+23  0.6044048E+21 -0.4768685E+22  0.9406097E+22
  0.1154169E+24 -0.3536774E+23 -0.1308989E+23  0.2709476E+22  0.2005598E+22  0.3711441E+21
  0.3948591E+22  0.1483442E+24 -0.3367095E+23 -0.2282160E+23 -0.3321794E+22  0.1896681E+22
 -0.1020852E+24 -0.1940676E+22  0.7714923E+23  0.2693852E+22 -0.9936619E+22 -0.4046628E+22
  0.3377186E+20  0.2547891E+22 -0.5721375E+21  0.4805592E+23 -0.2158223E+23  0.2423181E+22
 -0.1746247E+22 -0.6617285E+23  0.1601247E+23 -0.1134500E+23  0.4859393E+23 -0.1033987E+23
  0.2257336E+23  0.7775515E+22 -0.3155877E+23  0.6695796E+21 -0.5435294E+22  0.1103021E+23
  0.1323728E+24 -0.3942177E+23 -0.1491850E+23  0.2935037E+22  0.2221430E+22  0.4203313E+21
  0.4523631E+22  0.1712293E+24 -0.3785474E+23 -0.2559709E+23 -0.4088008E+22  0.2118763E+22
 -0.1175683E+24 -0.2332043E+22  0.8924979E+23  0.2954037E+22 -0.1118528E+23 -0.4655934E+22
  0.3864699E+20  0.2937255E+22 -0.6424575E+21  0.5580945E+23 -0.2441408E+23  0.2670011E+22
 -0.2008856E+22 -0.7667770E+23  0.1810914E+23 -0.1288140E+23  0.5646691E+23 -0.1173458E+23
  0.2610490E+23  0.8809883E+22 -0.3669205E+23  0.7432899E+21 -0.6191417E+22  0.1289324E+23
  0.1517395E+24 -0.4385030E+23 -0.1693019E+23  0.3168010E+22  0.2446278E+22  0.4722424E+21
  0.5244088E+22  0.1975377E+24 -0.4252222E+23 -0.2865212E+23 -0.4960462E+22  0.2355868E+22
 -0.1352078E+24 -0.2864200E+22  0.1030444E+24  0.3236717E+22 -0.1254956E+23 -0.5327750E+22
  0.4530868E+20  0.3426527E+22 -0.7297248E+21  0.6478389E+23 -0.2759319E+23  0.2938169E+22
 -0.2336379E+22 -0.8873291E+23  0.2046468E+23 -0.1463676E+23  0.6551857E+23 -0.1328923E+23
  0.3011931E+23  0.9980080E+22 -0.4254846E+23  0.8267287E+21 -0.7049249E+22  0.1502667E+23
  0.1738529E+24 -0.4867269E+23 -0.1913501E+23  0.3406659E+22  0.2678564E+22  0.5265206E+21
  0.6140707E+22  0.2277832E+24 -0.4772304E+23 -0.3200596E+23 -0.5949628E+22  0.2607705E+22
 -0.1552853E+24 -0.3572748E+22  0.1187562E+24  0.3542948E+22 -0.1403466E+23 -0.6065123E+22
  0.5422441E+20  0.4037977E+22 -0.8368512E+21  0.7517491E+23 -0.3115927E+23  0.3228804E+22
 -0.2742438E+22 -0.1025588E+24  0.2310856E+23 -0.1664320E+23  0.7592092E+23 -0.1501941E+23
  0.3467519E+23  0.1130342E+23 -0.4921998E+23  0.9211724E+21 -0.8022365E+22  0.1746642E+23
  0.1991000E+24 -0.5390805E+23 -0.2154314E+23  0.3649018E+22  0.2916497E+22  0.5827563E+21
  0.7248950E+22  0.2625639E+24 -0.5351152E+23 -0.3567858E+23 -0.7066884E+22  0.2873827E+22
 -0.1781236E+24 -0.4498655E+22  0.1366422E+24  0.3873597E+22 -0.1564592E+23 -0.6871162E+22
  0.6598101E+20  0.4797656E+22 -0.9670003E+21  0.8721259E+23 -0.3515659E+23  0.3543025E+22
 -0.3242615E+22 -0.1184105E+24  0.2607350E+23 -0.1893721E+23  0.8787439E+23 -0.1694236E+23
  0.3983931E+23  0.1279919E+23 -0.5681233E+23  0.1027999E+22 -0.9126056E+22  0.2025412E+23
  0.2279146E+24 -0.5957128E+23 -0.2416334E+23  0.3892618E+22  0.3157852E+22  0.6404448E+21
  0.8609241E+22  0.3025614E+24 -0.5994344E+23 -0.3968811E+23 -0.8324082E+22  0.3153387E+22
 -0.2040819E+24 -0.5688692E+22  0.1569907E+24  0.4229015E+22 -0.1738756E+23 -0.7748544E+22
  0.8130132E+20  0.5735725E+22 -0.1123532E+22  0.1011624E+24 -0.3963200E+23  0.3881620E+22
 -0.3854493E+22 -0.1365764E+24  0.2939405E+23 -0.2155896E+23  0.1016073E+24 -0.1907593E+23
  0.4568534E+23  0.1448794E+23 -0.6544368E+23  0.1148621E+22 -0.1037690E+23  0.2343681E+23
  0.2607944E+24 -0.6567590E+23 -0.2700392E+23  0.4134793E+22  0.3400201E+22  0.6990292E+21
  0.1026698E+23  0.3485668E+24 -0.6707850E+23 -0.4405260E+23 -0.9733814E+22  0.3445297E+22
 -0.2335702E+24 -0.7195397E+22  0.1801334E+24  0.4609172E+22 -0.1926373E+23 -0.8699884E+22
  0.1010479E+21  0.6886653E+22 -0.1309914E+22  0.1173355E+24 -0.4463687E+23  0.4245200E+22
 -0.4597607E+22 -0.1573895E+24  0.3310779E+23 -0.2455335E+23  0.1173850E+24 -0.2143951E+23
  0.5229696E+23  0.1639209E+23 -0.7524957E+23  0.1284494E+22 -0.1179321E+23  0.2706896E+23
  0.2983049E+24 -0.7223101E+23 -0.3007166E+23  0.4372472E+22  0.3640749E+22  0.7578697E+21
  0.1227343E+23  0.4014911E+24 -0.7497848E+23 -0.4878807E+23 -0.1130907E+23  0.3748052E+22
 -0.2670512E+24 -0.9077899E+22  0.2064476E+24  0.5013418E+22 -0.2127755E+23 -0.9727366E+22
  0.1262443E+21  0.8290026E+22 -0.1529728E+22  0.1360944E+24 -0.5022598E+23  0.4634006E+22
 -0.5493767E+22 -0.1812303E+24  0.3725467E+23 -0.2796987E+23  0.1355133E+24 -0.2405339E+23
  0.5976802E+23  0.1853552E+23 -0.8638382E+23  0.1437079E+22 -0.1339487E+23  0.3121303E+23
  0.3410883E+24 -0.7924171E+23 -0.3337180E+23  0.4602362E+22  0.3876472E+22  0.8162675E+21
  0.1468513E+23  0.4623832E+24 -0.8370698E+23 -0.5390864E+23 -0.1306309E+23  0.4059768E+22
 -0.3050484E+24 -0.1140130E+23  0.2363638E+24  0.5440445E+22 -0.2343142E+23 -0.1083280E+23
  0.1580624E+21  0.9990385E+22 -0.1786485E+22  0.1578614E+24 -0.5645767E+23  0.5047891E+22
 -0.6566737E+22 -0.2085346E+24  0.4187687E+23 -0.3186266E+23  0.1563454E+24 -0.2693888E+23
  0.6820412E+23  0.2094350E+23 -0.9902158E+23  0.1607785E+22 -0.1520333E+23  0.3594091E+23
  0.3898727E+24 -0.8670657E+23 -0.3690704E+23  0.4820823E+22  0.4104010E+22  0.8734451E+21
  0.1756477E+23  0.5324488E+24 -0.9332800E+23 -0.5942473E+23 -0.1500891E+23  0.4378065E+22
 -0.3481514E+24 -0.1423735E+23  0.2703719E+24  0.5888108E+22 -0.2572625E+23 -0.1201731E+23
  0.1978345E+21  0.1203809E+23 -0.2083605E+22  0.1831274E+24 -0.6339296E+23  0.5486165E+22
 -0.7842559E+22 -0.2397999E+24  0.4701843E+23 -0.3629040E+23  0.1802881E+24 -0.3011785E+23
  0.7772372E+23  0.2364242E+23 -0.1133617E+24  0.1797920E+22 -0.1724149E+23  0.4133510E+23
  0.4454948E+24 -0.9462055E+23 -0.4067859E+23  0.5024217E+22  0.4319950E+22  0.9286010E+21
  0.2098076E+23  0.6130884E+24 -0.1039080E+24 -0.6534486E+23 -0.1715959E+23  0.4700238E+22
 -0.3970365E+24 -0.1766388E+23  0.3090380E+24  0.6353567E+22 -0.2816246E+23 -0.1328170E+23
  0.2470243E+21  0.1448929E+23 -0.2424238E+22  0.2124685E+24 -0.7109722E+23  0.5947722E+22
 -0.9349298E+22 -0.2756019E+24  0.5272618E+23 -0.4131718E+23  0.2078158E+24 -0.3361355E+23
  0.8846232E+23  0.2666015E+23 -0.1296338E+24  0.2008662E+22 -0.1953406E+23  0.4749174E+23
  0.5088904E+24 -0.1029677E+24 -0.4468308E+23  0.5208561E+22  0.4520535E+22  0.9808486E+21
  0.2500682E+23  0.7058939E+24 -0.1155087E+24 -0.7167040E+23 -0.1952673E+23  0.5022918E+22
 -0.4524556E+24 -0.2176420E+23  0.3529989E+24  0.6832801E+22 -0.3073777E+23 -0.1462545E+23
  0.3072081E+21  0.1740593E+23 -0.2811069E+22  0.2465483E+24 -0.7963539E+23  0.6430581E+22
 -0.1111681E+23 -0.3165900E+24  0.5904658E+23 -0.4701007E+23  0.2394700E+24 -0.3744840E+23
  0.1005698E+24  0.3002436E+23 -0.1480955E+24  0.2240886E+22 -0.2210640E+23  0.5452006E+23
  0.5811320E+24 -0.1117266E+24 -0.4891468E+23  0.5370049E+22  0.4702090E+22  0.1029304E+22
  0.2972155E+23  0.8127081E+24 -0.1281919E+24 -0.7839898E+23 -0.2212098E+23  0.5342402E+22
 -0.5152686E+24 -0.2662632E+23  0.4029893E+24  0.7320972E+22 -0.3344896E+23 -0.1604744E+23
  0.3800215E+21  0.2085573E+23 -0.3246152E+22  0.2861426E+24 -0.8907504E+23  0.6932174E+22
 -0.1317651E+23 -0.3635135E+24  0.6602776E+23 -0.5344055E+23  0.2758803E+24 -0.4164555E+23
  0.1142175E+24  0.3376338E+23 -0.1690441E+24  0.2495165E+22 -0.2498524E+23  0.6254717E+23
  0.6634353E+24 -0.1208659E+24 -0.5336313E+23  0.5504894E+22  0.4860898E+22  0.1073060E+22
  0.3520806E+23  0.9356461E+24 -0.1420144E+24 -0.8552102E+23 -0.2495088E+23  0.5654486E+22
 -0.5864479E+24 -0.3234224E+23  0.4598477E+24  0.7812172E+22 -0.3629042E+23 -0.1754529E+23
  0.4671169E+21  0.2491215E+23 -0.3730731E+22  0.3321520E+24 -0.9948315E+23  0.7449073E+22
 -0.1556120E+23 -0.4172284E+24  0.7371751E+23 -0.6068282E+23  0.3177735E+24 -0.4622741E+23
  0.1295986E+24  0.3790509E+23 -0.1928185E+24  0.2771626E+22 -0.2819784E+23  0.7171945E+23
  0.7571803E+24 -0.1303454E+24 -0.5801395E+23  0.5609605E+22  0.4993430E+22  0.1111234E+22
  0.4155202E+23  0.1077135E+25 -0.1570270E+24 -0.9302000E+23 -0.2802245E+23  0.5954600E+22
 -0.6670957E+24 -0.3900564E+23  0.5245338E+24  0.8299539E+22 -0.3925453E+23 -0.1911545E+23
  0.5700658E+21  0.2965328E+23 -0.4264933E+22  0.3856208E+24 -0.1109251E+24  0.7976999E+22
 -0.1830421E+23 -0.4787135E+24  0.8216253E+23 -0.6881261E+23  0.3659888E+24 -0.5121550E+23
  0.1469322E+24  0.4247627E+23 -0.2198063E+24  0.3069839E+22 -0.3177163E+23  0.8220595E+23
  0.8639288E+24 -0.1401138E+24 -0.6284735E+23  0.5680988E+22  0.5096358E+22  0.1142973E+22
  0.4884063E+23  0.1239953E+25 -0.1732715E+24 -0.1008702E+24 -0.3133813E+23  0.6237788E+22
 -0.7584576E+24 -0.4671030E+23  0.5981421E+24  0.8775223E+22 -0.4233081E+23 -0.2075278E+23
  0.6902789E+21  0.3516118E+23 -0.4847579E+22  0.4477569E+24 -0.1234621E+24  0.8510699E+22
 -0.2143901E+23 -0.5490851E+24  0.9140683E+23 -0.7790537E+23  0.4214924E+24 -0.5662927E+23
  0.1664657E+24  0.4750164E+23 -0.2504498E+24  0.3388695E+22 -0.3573342E+23  0.9420126E+23
  0.9854762E+24 -0.1501134E+24 -0.6784012E+23  0.5716531E+22  0.5166897E+22  0.1167527E+22
  0.5716159E+23  0.1427314E+25 -0.1907834E+24 -0.1090399E+24 -0.3489718E+23  0.6499038E+22
 -0.8619678E+24 -0.5554857E+23  0.6819420E+24  0.9230824E+22 -0.4550733E+23 -0.2245122E+23
  0.8289006E+21  0.4152124E+23 -0.5476042E+22  0.5199698E+24 -0.1371528E+24  0.9044220E+22
 -0.2499880E+23 -0.6296342E+24  0.1014932E+24 -0.8803660E+23  0.4854112E+24 -0.6248733E+23
  0.1884846E+24  0.5300443E+23 -0.2852623E+24  0.3726390E+22 -0.4010981E+23  0.1079326E+24
  0.1123828E+25 -0.1602714E+24 -0.7296158E+23  0.5714158E+22  0.5202599E+22  0.1184210E+22
  0.6659812E+23  0.1642852E+25 -0.2095792E+24 -0.1174838E+24 -0.3869296E+23  0.6733012E+22
 -0.9792270E+24 -0.6560597E+23  0.7773641E+24  0.9657026E+22 -0.4876790E+23 -0.2420232E+23
  0.9866519E+21  0.4881845E+23 -0.6145781E+22  0.6038708E+24 -0.1520432E+24  0.9570404E+22
 -0.2901452E+23 -0.7218160E+24  0.1124561E+24 -0.9927486E+23  0.5590286E+24 -0.6880307E+23
  0.2133078E+24  0.5900253E+23 -0.3248225E+24  0.4080135E+22 -0.4492416E+23  0.1236589E+24
  0.1281286E+25 -0.1705093E+24 -0.7817742E+23  0.5672703E+22  0.5201797E+22  0.1192495E+22
  0.7722887E+23  0.1890757E+25 -0.2296641E+24 -0.1261498E+24 -0.4271416E+23  0.6934579E+22
 -0.1112077E+25 -0.7696046E+23  0.8860636E+24  0.1004438E+23 -0.5209452E+23 -0.2599650E+23
  0.1163733E+22  0.5713709E+23 -0.6850440E+22  0.7013306E+24 -0.1681718E+24  0.1008146E+23
 -0.3351494E+23 -0.8273093E+24  0.1243257E+24 -0.1116836E+24  0.6438363E+24 -0.7558720E+23
  0.2413034E+24  0.6551032E+23 -0.3698011E+24  0.4446272E+22 -0.5019778E+23  0.1416814E+24
  0.1460456E+25 -0.1807391E+24 -0.8344803E+23  0.5591851E+22  0.5163565E+22  0.1192020E+22
  0.8912322E+23  0.2175809E+25 -0.2510242E+24 -0.1349751E+24 -0.4694337E+23  0.7098809E+22
 -0.1262609E+25 -0.8967737E+23  0.1009934E+25  0.1038335E+23 -0.5546622E+23 -0.2782242E+23
  0.1359669E+22  0.6655680E+23 -0.7581590E+22  0.8145011E+24 -0.1855622E+24  0.1056884E+23
 -0.3852487E+23 -0.9480305E+24  0.1371230E+24 -0.1253157E+24  0.7415505E+24 -0.8284510E+23
  0.2728910E+24  0.7253610E+23 -0.4209667E+24  0.4820135E+22 -0.5594777E+23  0.1623478E+24
  0.1664304E+25 -0.1908656E+24 -0.8872917E+23  0.5472208E+22  0.5087816E+22  0.1182606E+22
  0.1023382E+24  0.2503469E+25 -0.2736252E+24 -0.1438878E+24 -0.5135673E+23  0.7221182E+22
 -0.1433210E+25 -0.1038059E+24  0.1151144E+25  0.1066471E+23 -0.5885926E+23 -0.2966713E+23
  0.1573196E+22  0.7714967E+23 -0.8328746E+22  0.9458564E+24 -0.2042212E+24  0.1102342E+23
 -0.4406411E+23 -0.1086172E+25  0.1508585E+24 -0.1402104E+24  0.8541481E+24 -0.9057608E+23
  0.3085511E+24  0.8008130E+23 -0.4792023E+24  0.5196072E+22 -0.6218605E+23  0.1860590E+24
  0.1896186E+25 -0.2007875E+24 -0.9397238E+23  0.5315359E+22  0.4975378E+22  0.1164286E+22
  0.1169132E+24  0.2879946E+25 -0.2974080E+24 -0.1528068E+24 -0.5592357E+23  0.7297782E+22
 -0.1626593E+25 -0.1193737E+24  0.1312174E+25  0.1087989E+23 -0.6224721E+23 -0.3151603E+23
  0.1802131E+22  0.8897531E+23 -0.9079339E+22  0.1098228E+25 -0.2241339E+24  0.1143569E+23
 -0.5014545E+23 -0.1244233E+25  0.1655290E+24 -0.1563885E+24  0.9838976E+24 -0.9877177E+23
  0.3488323E+24  0.8813872E+23 -0.5455192E+24  0.5567456E+22 -0.6891760E+23  0.2132767E+24
  0.2159968E+25 -0.2104044E+24 -0.9912809E+23  0.5123921E+22  0.4828079E+22  0.1137329E+22
  0.1328705E+24  0.3312397E+25 -0.3222957E+24 -0.1616470E+24 -0.6060789E+23  0.7325648E+22
 -0.1845897E+25 -0.1363873E+24  0.1495898E+25  0.1102168E+23 -0.6560272E+23 -0.3335391E+23
  0.2043384E+22  0.1020802E+24 -0.9819242E+22  0.1274890E+25 -0.2452671E+24  0.1179630E+23
 -0.5677524E+23 -0.1425104E+25  0.1811207E+24 -0.1738534E+24  0.1133432E+25 -0.1074179E+24
  0.3943736E+24  0.9669425E+23 -0.6210943E+24  0.5926980E+22 -0.7614132E+23  0.2445386E+24
  0.2459973E+25 -0.2196090E+24 -0.1041419E+24  0.4901285E+22  0.4648524E+22  0.1102200E+22
  0.1502028E+24  0.3808858E+25 -0.3481742E+24 -0.1703132E+24 -0.6536573E+23  0.7302600E+22
 -0.2094651E+25 -0.1548198E+24  0.1705559E+25  0.1108402E+23 -0.6889481E+23 -0.3516352E+23
  0.2292796E+22  0.1164867E+24 -0.1053247E+23  0.1479541E+25 -0.2675536E+24  0.1209580E+23
 -0.6394834E+23 -0.1632044E+25  0.1975964E+24 -0.1925776E+24  0.1305738E+25 -0.1164876E+24
  0.4458954E+24  0.1057204E+24 -0.7072593E+24  0.6266494E+22 -0.8384448E+23  0.2804557E+24
